0 1
0 2
0 3
0 4
0 5
0 6
0 7
0 8
0 9
0 10
0 15
0 19
0 23
0 27
0 29
0 30
0 41
0 45
0 47
0 50
0 75
0 94
0 104
0 105
1 6
1 7
1 11
1 14
1 15
1 27
1 106
1 109
1 119
2 6
2 7
2 9
2 16
2 26
2 37
2 38
2 42
2 57
2 97
3 7
3 8
3 9
3 16
3 19
3 31
3 32
3 40
3 54
3 59
3 61
3 62
3 63
3 65
3 66
3 67
3 75
3 76
3 78
3 96
3 111
3 116
4 6
4 8
4 9
4 10
4 11
4 12
4 13
4 15
4 16
4 20
4 22
4 26
4 27
4 30
4 37
4 54
4 55
4 67
4 99
4 100
4 112
4 114
5 6
5 9
5 13
5 15
5 17
5 25
5 32
5 35
5 41
5 81
5 91
5 103
5 111
6 7
6 8
6 10
6 11
6 14
6 16
6 17
6 18
6 20
6 22
6 23
6 26
6 29
6 30
6 34
6 38
6 45
6 57
6 59
6 62
6 64
6 65
6 68
6 77
6 78
6 83
6 87
6 92
6 93
6 95
6 107
6 108
6 111
6 113
6 116
6 119
7 8
7 12
7 13
7 21
7 29
7 39
7 40
7 46
7 48
7 56
7 77
7 79
7 95
7 104
7 107
7 119
8 10
8 11
8 12
8 13
8 17
8 21
8 38
8 43
8 47
8 65
8 66
8 68
8 73
8 80
8 95
9 10
9 11
9 12
9 14
9 17
9 18
9 19
9 21
9 23
9 24
9 30
9 34
9 41
9 42
9 50
9 60
9 63
9 64
9 70
9 71
9 73
9 77
9 78
9 81
9 85
9 90
9 91
9 92
9 100
9 113
9 117
10 14
10 18
10 19
10 26
10 28
10 33
10 40
10 69
10 72
10 75
10 117
11 12
11 13
11 14
11 17
11 25
11 28
11 33
11 34
11 39
11 40
11 41
11 49
11 53
11 58
11 61
11 68
11 70
11 76
11 89
11 115
12 15
12 31
12 37
12 44
12 46
12 50
12 69
12 86
12 96
12 116
13 29
13 55
13 74
13 94
13 115
14 16
14 19
14 22
14 25
14 30
14 31
14 32
14 34
14 36
14 45
14 52
14 53
14 58
14 59
14 63
14 86
14 103
15 18
15 27
15 28
15 32
15 38
15 43
15 44
15 53
15 59
15 70
15 71
15 77
15 79
15 90
15 95
15 97
15 102
15 103
15 107
15 110
15 111
16 18
16 23
16 25
16 31
16 33
16 35
16 56
16 72
17 20
17 21
17 22
17 28
17 32
17 51
17 54
17 62
17 87
17 118
18 20
18 46
19 20
19 24
19 26
19 27
19 33
19 47
19 49
19 50
19 58
19 59
19 73
19 82
19 113
20 21
20 24
20 35
20 36
20 37
20 38
20 39
20 49
20 52
20 61
20 67
20 81
20 86
20 118
21 22
21 24
21 25
21 45
21 48
21 64
21 89
21 112
22 23
22 51
22 91
22 93
22 101
22 103
22 104
23 24
23 35
23 37
23 48
23 61
23 66
23 69
23 71
23 75
23 111
24 46
24 53
24 93
24 95
25 63
25 65
25 78
25 82
25 88
25 108
26 34
26 41
26 43
26 54
26 107
26 109
27 28
27 29
27 31
27 35
27 40
27 51
27 55
27 76
27 77
27 84
27 88
28 36
28 43
28 51
28 62
28 89
28 98
28 104
28 109
28 118
29 45
29 66
29 70
29 90
29 92
29 104
29 108
29 110
30 36
30 52
30 79
30 99
30 113
30 118
31 33
31 42
31 62
31 96
31 98
31 105
32 39
32 44
32 47
32 55
32 75
32 76
33 36
33 39
33 42
33 60
33 68
33 83
33 92
33 101
33 102
33 115
34 46
34 88
35 44
35 49
35 60
35 67
36 42
36 48
36 57
36 58
36 60
36 71
36 87
36 119
37 56
37 57
37 73
37 83
38 88
38 113
39 93
40 43
40 64
40 74
40 97
40 98
40 106
40 112
41 44
41 47
41 52
41 88
41 97
42 70
42 74
42 79
42 83
42 94
43 52
43 69
43 84
43 105
43 118
44 65
44 114
45 96
46 48
46 55
46 78
47 69
47 82
48 49
48 56
48 60
49 50
49 53
49 66
49 76
49 83
49 85
49 114
50 51
50 56
50 71
50 74
50 79
50 89
50 94
50 98
50 109
50 110
52 61
52 85
52 92
52 106
53 54
53 108
54 67
54 86
54 103
55 57
55 58
55 81
55 99
56 72
56 80
56 85
58 72
58 91
58 101
58 117
60 63
60 74
60 80
60 96
61 73
61 90
62 80
62 82
63 64
64 115
65 89
66 110
66 112
67 68
67 90
68 102
68 105
69 72
69 84
69 115
70 99
73 110
73 114
74 85
74 87
74 100
75 80
75 84
75 100
75 106
77 87
78 86
78 91
78 98
78 101
78 117
79 81
79 82
79 107
80 84
84 97
85 93
85 108
87 94
87 100
89 102
89 105
89 112
91 102
93 99
93 117
97 106
99 101
100 109
103 116
103 119
106 116
107 114
