0 1
0 2
0 3
0 4
0 5
0 6
0 7
0 8
0 13
0 14
0 15
0 17
0 18
0 21
0 24
0 26
0 28
0 29
0 30
0 31
0 32
0 36
0 41
0 42
0 47
0 51
0 59
0 67
0 87
0 99
0 107
0 108
1 6
1 7
1 8
1 9
1 11
1 17
1 18
1 20
1 25
1 26
1 32
1 47
1 49
1 52
1 68
1 93
1 94
1 102
2 7
2 8
2 20
2 42
2 109
3 6
3 9
3 10
3 14
3 23
3 33
3 34
3 54
3 61
3 78
4 6
4 9
4 10
4 16
4 18
4 47
4 50
4 95
5 6
5 7
5 8
5 10
5 11
5 12
5 13
5 16
5 17
5 18
5 19
5 21
5 29
5 31
5 35
5 38
5 39
5 40
5 46
5 50
5 51
5 58
5 62
5 69
5 72
5 74
5 75
5 82
5 105
5 108
5 113
6 7
6 8
6 9
6 10
6 11
6 12
6 13
6 14
6 15
6 22
6 27
6 46
6 48
6 59
6 63
6 64
6 65
6 72
6 74
6 77
6 94
6 100
6 105
6 109
6 113
6 117
6 119
7 14
7 19
7 21
7 24
7 25
7 26
7 29
7 50
7 54
7 56
7 57
7 59
7 78
8 9
8 10
8 11
8 12
8 14
8 15
8 17
8 19
8 22
8 24
8 25
8 32
8 33
8 38
8 39
8 40
8 48
8 52
8 60
8 62
8 67
8 70
8 76
8 80
8 83
8 89
8 90
8 91
8 93
8 98
8 99
8 102
8 119
9 12
9 13
9 25
9 28
9 33
9 34
9 55
9 56
9 86
9 102
9 111
10 11
10 12
10 13
10 15
10 16
10 17
10 18
10 19
10 20
10 21
10 23
10 27
10 33
10 36
10 37
10 38
10 42
10 48
10 58
10 64
10 65
10 66
10 74
10 82
10 89
10 91
10 92
10 97
10 105
10 111
10 115
11 15
11 16
11 21
11 22
11 23
11 24
11 28
11 30
11 33
11 36
11 41
11 44
11 57
11 85
11 99
11 118
12 22
12 32
12 55
12 62
12 65
12 80
12 89
12 96
12 98
12 101
12 103
12 109
12 110
12 116
13 35
13 43
13 44
13 47
13 57
13 66
13 74
13 83
13 85
13 87
13 97
13 106
14 16
14 20
14 36
14 45
14 60
14 70
14 86
14 107
15 23
15 27
15 34
15 41
15 42
15 56
15 61
15 68
15 88
16 19
16 26
16 27
16 45
16 52
16 64
16 66
16 68
16 70
16 75
16 81
16 85
16 115
17 20
17 22
17 23
17 24
17 28
17 29
17 31
17 51
17 53
17 81
17 95
17 102
17 107
18 37
18 52
18 70
18 88
18 103
18 104
19 63
19 82
19 103
19 110
20 26
20 30
20 54
20 78
20 93
20 115
21 27
21 30
21 31
21 39
21 40
21 43
21 44
21 45
21 48
21 51
21 53
21 56
21 58
21 69
21 72
21 84
21 93
21 96
21 108
22 38
22 41
22 61
22 77
22 81
22 98
23 25
23 32
23 37
23 43
23 68
23 76
23 79
23 89
24 28
24 29
24 36
24 56
24 59
24 86
24 103
24 112
25 45
25 53
25 55
25 61
25 75
25 94
26 34
26 38
26 39
26 42
26 90
26 117
27 30
27 37
27 50
27 71
27 95
27 104
28 34
28 35
28 79
28 101
28 116
29 31
29 35
29 50
29 71
29 90
29 94
29 118
30 43
30 49
30 51
30 64
30 83
30 84
30 88
30 98
32 37
32 39
32 49
32 63
32 83
32 85
32 90
32 98
32 114
33 46
33 63
33 101
33 119
34 35
34 41
34 65
34 92
34 97
34 119
35 46
35 73
35 109
36 55
36 90
36 100
36 113
37 40
37 44
37 48
37 52
37 67
37 88
37 91
37 107
38 40
38 44
38 46
38 54
38 60
38 62
38 64
38 67
38 73
38 76
38 104
40 43
40 69
40 101
40 114
40 116
42 118
43 49
43 57
43 68
43 71
43 77
43 86
43 106
43 114
44 45
44 55
44 66
44 78
44 79
44 84
44 91
44 92
44 100
44 104
44 108
44 113
45 47
45 53
45 58
45 70
45 80
45 82
45 110
45 118
46 71
46 99
46 111
46 112
47 59
47 82
47 96
47 103
48 49
48 69
48 92
48 95
48 96
49 53
49 78
50 63
50 76
50 87
51 54
51 72
51 79
51 85
51 115
52 106
53 57
53 58
53 73
53 81
54 75
55 66
56 60
56 62
56 74
56 76
56 88
56 92
56 95
56 100
56 111
56 119
58 60
58 80
58 97
58 109
59 80
59 87
59 89
59 93
60 61
60 71
60 84
60 86
60 91
60 96
60 105
61 67
62 65
63 69
63 73
63 116
64 75
64 77
65 97
65 101
65 116
66 108
66 113
66 118
67 73
67 107
67 112
69 72
69 94
70 83
70 112
72 79
75 77
76 110
78 81
79 87
79 114
79 115
80 104
81 84
81 117
85 110
87 114
89 102
90 99
90 105
91 100
97 106
98 106
104 112
108 111
108 117
116 117
