0 1
0 2
0 3
0 4
0 5
0 6
0 7
0 8
0 9
0 11
0 13
0 15
0 18
0 19
0 25
0 27
0 34
0 38
0 40
0 45
0 46
0 58
0 71
0 73
0 79
0 82
1 6
1 7
1 8
1 9
1 12
1 18
1 20
1 24
1 27
1 31
1 37
1 46
1 56
1 57
1 68
1 98
1 119
2 6
2 8
2 9
2 12
2 14
2 16
2 23
2 26
2 52
2 68
2 70
2 81
2 84
2 86
2 100
2 103
2 117
3 6
3 7
3 10
3 14
3 15
3 16
3 17
3 18
3 19
3 23
3 38
3 50
3 58
3 63
3 73
3 74
3 76
3 92
3 111
3 117
3 119
4 6
4 7
4 9
4 10
4 11
4 13
4 14
4 16
4 17
4 20
4 21
4 27
4 31
4 32
4 36
4 47
4 53
4 74
4 97
4 115
5 17
5 23
5 76
6 7
6 8
6 10
6 11
6 13
6 14
6 15
6 20
6 21
6 23
6 24
6 25
6 26
6 32
6 34
6 36
6 38
6 41
6 42
6 48
6 49
6 59
6 62
6 70
6 72
6 73
6 77
6 79
6 87
6 88
6 97
6 100
6 105
6 110
7 8
7 9
7 10
7 11
7 12
7 15
7 17
7 18
7 20
7 26
7 27
7 28
7 37
7 46
7 47
7 48
7 63
7 77
7 80
7 88
7 89
7 94
7 95
7 104
7 111
7 116
8 10
8 12
8 13
8 14
8 16
8 21
8 27
8 30
8 32
8 35
8 43
8 55
8 62
8 63
8 65
8 77
8 81
8 96
8 101
8 114
8 115
9 33
9 92
10 11
10 12
10 16
10 19
10 20
10 21
10 28
10 29
10 31
10 34
10 39
10 58
10 59
10 62
10 66
10 67
10 78
10 81
10 85
10 92
10 96
10 101
10 104
10 112
11 13
11 15
11 17
11 18
11 23
11 25
11 28
11 29
11 32
11 33
11 34
11 37
11 55
11 58
11 64
11 69
11 72
11 76
11 96
11 105
11 109
11 112
11 119
12 22
12 25
12 30
12 32
12 35
12 36
12 41
12 45
12 50
12 57
12 64
12 95
12 105
12 109
12 116
12 117
13 29
13 35
13 38
13 40
13 51
13 53
13 72
13 76
13 78
13 89
13 90
13 99
13 101
13 103
13 108
13 113
14 19
14 22
14 47
14 57
14 60
14 70
14 76
14 98
15 22
15 24
15 30
15 33
15 56
15 60
15 65
15 93
15 99
15 102
16 44
16 60
16 74
16 85
16 86
16 98
17 24
17 29
17 33
17 43
17 49
18 19
18 21
18 22
18 26
18 28
18 36
18 41
18 42
18 55
18 56
18 60
18 63
18 66
18 67
18 83
18 96
18 109
18 110
18 114
19 30
19 75
19 99
20 26
20 31
20 40
20 48
20 52
20 53
20 59
20 61
20 67
20 80
20 107
20 108
20 115
21 22
21 25
21 42
21 43
21 44
21 52
21 54
21 61
21 68
21 83
21 102
21 104
21 113
22 40
22 50
22 51
22 55
22 69
22 88
22 114
23 24
23 45
23 52
23 55
23 75
23 93
23 94
24 30
24 41
24 61
24 65
24 81
24 88
25 39
25 56
25 60
25 64
25 71
25 84
25 87
26 28
26 37
26 44
26 47
26 49
26 75
26 86
26 113
27 29
27 46
27 50
27 51
27 82
27 97
27 106
27 111
27 113
28 33
28 36
28 45
28 47
28 48
28 57
28 110
29 31
29 37
29 89
29 91
29 117
30 54
30 62
30 79
30 106
31 42
31 80
31 90
32 35
32 65
32 66
33 34
33 35
33 39
33 52
33 64
33 79
33 94
34 39
34 44
34 45
34 94
35 38
35 39
35 43
35 51
35 57
35 99
35 108
35 111
35 119
36 87
36 91
36 118
37 72
37 80
37 106
38 40
38 49
38 108
38 118
39 54
39 61
39 83
40 41
40 102
41 42
41 43
41 54
41 56
41 73
41 101
41 114
42 44
42 46
42 49
42 50
42 51
42 59
42 66
42 67
42 72
42 78
42 92
42 97
42 104
42 115
43 53
43 77
43 79
43 102
44 48
44 90
44 93
44 106
44 112
45 112
46 63
46 85
46 90
46 95
46 103
47 53
47 66
47 101
47 112
48 54
48 62
48 69
48 70
48 77
49 64
49 65
49 71
49 91
50 58
50 68
50 69
51 86
51 119
52 81
52 108
53 82
53 107
54 69
54 97
55 88
56 59
58 74
58 84
59 61
59 75
59 98
60 68
60 91
60 95
60 96
60 105
61 103
62 78
62 100
63 109
63 115
64 67
64 70
64 100
64 118
65 106
66 93
67 71
67 74
68 71
68 75
69 85
69 116
70 83
70 84
70 85
70 89
70 110
71 73
72 80
72 82
72 83
72 87
72 95
73 78
73 116
74 99
75 87
75 104
76 92
78 82
78 107
79 94
79 107
79 109
80 98
80 114
82 84
82 93
82 118
83 91
85 86
85 89
85 107
86 102
86 103
86 111
86 116
87 100
89 90
89 113
90 110
92 117
102 105
104 118
