0 1
0 2
0 3
0 4
0 5
0 6
0 7
0 8
0 11
0 12
0 13
0 14
0 17
0 21
0 23
0 27
0 29
0 30
0 32
0 34
0 35
0 36
0 39
0 42
0 53
0 59
0 67
0 73
0 97
0 108
0 112
1 7
1 8
1 9
1 10
1 11
1 13
1 14
1 26
1 30
1 34
1 40
1 41
1 44
1 53
1 54
1 55
1 58
1 61
1 66
1 70
1 79
1 84
1 89
1 91
1 113
2 6
2 7
2 9
2 11
2 13
2 17
2 19
2 21
2 27
2 29
2 30
2 33
2 36
2 37
2 44
2 47
2 50
2 57
2 70
2 86
2 87
2 100
2 107
3 6
3 9
3 31
3 33
3 34
3 35
3 43
3 59
3 64
4 6
4 7
4 8
4 9
4 11
4 13
4 14
4 15
4 18
4 19
4 21
4 22
4 36
4 39
4 42
4 44
4 55
4 57
4 60
4 64
4 71
4 78
4 79
4 91
4 92
4 94
4 99
4 103
4 106
4 108
5 6
5 8
5 10
5 14
5 22
5 24
5 40
5 57
5 72
5 91
5 97
5 111
6 7
6 8
6 10
6 12
6 16
6 20
6 26
6 27
6 28
6 38
6 43
6 49
6 50
6 52
6 65
6 78
6 79
6 81
6 106
6 119
7 12
7 13
7 15
7 16
7 20
7 22
7 29
7 30
7 32
7 46
7 48
7 53
7 54
7 58
7 64
7 66
7 72
7 74
7 75
7 80
7 81
7 85
7 104
8 9
8 10
8 12
8 14
8 15
8 18
8 22
8 23
8 27
8 28
8 32
8 33
8 35
8 38
8 47
8 49
8 50
8 54
8 62
8 63
8 64
8 66
8 68
8 70
8 79
8 80
8 89
8 97
8 103
8 107
8 109
8 116
8 119
9 10
9 11
9 12
9 15
9 16
9 18
9 19
9 20
9 24
9 33
9 37
9 40
9 41
9 48
9 51
9 52
9 54
9 58
9 65
9 76
9 82
9 85
9 87
9 90
9 98
9 100
9 101
9 108
9 114
9 118
10 16
10 20
10 26
10 31
10 34
10 41
10 51
10 58
10 65
10 70
10 88
10 110
11 15
11 19
11 23
11 28
11 35
11 39
11 46
11 52
11 59
11 60
11 72
11 98
11 99
11 112
12 24
12 33
12 38
12 84
12 86
12 87
13 17
13 18
13 25
13 26
13 27
13 36
13 51
13 63
13 64
13 89
13 91
13 94
13 95
14 17
14 25
14 28
14 30
14 31
14 44
14 51
14 53
14 56
14 63
14 76
14 81
14 84
14 103
14 108
14 113
14 115
15 16
15 19
15 21
15 23
15 26
15 31
15 38
15 42
15 67
15 68
15 112
16 17
16 25
16 45
16 47
16 56
16 83
16 92
16 96
16 105
16 117
17 18
17 66
17 85
17 116
18 20
18 21
18 22
18 25
18 32
18 35
18 42
18 47
18 48
18 55
18 56
18 63
18 72
18 74
18 78
18 99
18 105
18 107
18 113
18 118
19 25
19 71
19 76
19 82
19 104
20 43
20 46
21 23
21 24
21 31
21 45
21 48
21 69
21 73
21 114
21 115
22 28
22 32
23 24
23 34
23 36
23 37
23 46
23 54
23 98
23 104
23 115
24 59
24 73
24 77
24 110
25 29
25 41
25 77
25 93
26 49
26 67
27 37
27 45
27 68
27 75
27 83
27 87
28 29
28 38
28 50
28 52
28 61
28 70
28 73
28 75
28 81
28 82
29 37
29 53
29 58
29 69
29 75
29 77
30 39
30 42
30 48
30 52
30 56
30 85
30 93
31 43
32 40
32 47
32 94
32 95
32 100
32 107
33 46
33 55
33 62
33 67
34 39
34 45
34 56
34 60
34 61
34 62
34 82
34 83
34 108
34 110
34 111
35 40
35 71
35 76
35 95
35 109
35 117
36 101
36 104
37 109
38 49
38 69
38 74
38 88
38 99
38 101
39 41
40 51
40 74
40 110
41 55
41 61
41 78
41 89
41 113
42 43
42 44
42 45
42 62
42 66
42 93
42 102
42 112
43 57
43 59
43 69
43 80
43 82
45 50
46 49
46 65
46 86
46 118
47 60
47 65
47 76
47 81
47 96
48 63
48 83
48 85
49 60
49 79
49 98
51 91
52 61
52 62
52 68
52 71
52 84
52 94
52 98
53 80
54 80
55 115
56 57
56 109
57 83
58 78
58 88
58 101
58 106
58 117
58 119
59 89
59 102
60 68
60 94
60 97
60 100
60 102
60 114
61 88
62 110
62 118
63 86
63 97
63 114
64 103
64 107
65 77
66 67
66 71
66 72
66 75
66 90
66 96
66 105
67 73
68 69
68 90
70 117
71 111
72 74
72 77
72 96
73 118
76 92
77 84
77 114
79 88
79 90
79 100
79 112
79 115
79 116
81 90
81 92
81 93
82 105
82 106
82 119
83 92
83 93
83 95
83 109
84 86
84 96
84 116
85 87
85 104
87 116
88 119
89 102
90 95
90 101
95 111
96 103
98 99
98 106
99 102
99 105
99 111
100 117
105 113
