0 1
0 2
0 3
0 4
0 5
0 6
0 7
0 8
0 9
0 10
0 11
0 12
0 13
0 14
0 16
0 18
0 19
0 22
0 23
0 28
0 33
0 34
0 42
0 44
0 45
0 48
0 49
0 50
0 59
0 66
0 72
0 73
0 74
0 75
0 80
0 89
0 94
0 100
0 103
0 109
0 112
0 119
1 6
1 7
1 17
1 21
1 23
1 24
1 35
1 43
1 52
1 78
1 85
2 6
2 7
2 10
2 12
2 14
2 17
2 18
2 19
2 25
2 29
2 60
2 79
2 96
2 97
2 98
2 102
2 106
3 6
3 8
3 9
3 10
3 11
3 13
3 20
3 25
3 26
3 28
3 30
3 33
3 43
3 55
3 56
3 72
3 77
3 81
3 97
4 6
4 8
4 9
4 11
4 12
4 14
4 15
4 19
4 29
4 31
4 37
4 38
4 39
4 43
4 47
4 58
4 66
4 70
4 76
4 89
4 91
4 93
4 98
4 101
4 114
5 7
5 8
5 9
5 14
5 15
5 17
5 21
5 32
5 33
5 34
5 35
5 36
5 38
5 40
5 41
5 47
5 50
5 77
5 79
5 91
5 95
5 111
6 7
6 8
6 9
6 10
6 12
6 14
6 15
6 16
6 19
6 22
6 26
6 27
6 29
6 32
6 41
6 68
6 79
6 82
6 90
7 20
7 21
7 24
7 27
7 31
7 46
7 47
7 60
7 65
7 82
7 92
7 103
7 108
7 112
7 113
7 115
7 118
8 11
8 15
8 22
8 24
8 34
8 36
8 61
8 73
8 91
9 10
9 11
9 12
9 13
9 17
9 19
9 24
9 25
9 26
9 28
9 30
9 34
9 36
9 37
9 53
9 56
9 57
9 61
9 64
9 66
9 73
9 77
9 80
9 82
9 86
9 88
9 92
9 102
9 103
10 16
10 20
10 23
10 38
10 54
10 56
10 63
10 67
10 81
10 83
10 99
10 102
10 107
10 118
11 13
11 16
11 20
11 22
11 23
11 25
11 26
11 31
11 40
11 41
11 42
11 47
11 50
11 57
11 58
11 62
11 85
11 91
11 99
11 104
11 116
12 13
12 16
12 32
12 36
12 48
12 57
12 67
12 85
12 93
12 109
13 15
13 18
13 22
13 49
13 69
13 84
13 103
13 110
14 18
14 27
14 30
14 33
14 61
14 76
14 81
14 111
15 17
15 18
15 29
15 43
15 44
15 50
15 93
16 20
16 39
16 40
16 48
16 49
16 54
16 65
16 71
16 86
16 88
16 107
17 31
17 32
17 35
17 37
17 41
17 51
17 52
17 69
17 113
18 28
18 67
18 89
18 118
19 21
19 23
19 27
19 35
19 40
19 42
19 45
19 49
19 59
19 67
19 70
19 85
19 89
19 90
19 97
19 117
19 119
20 21
20 24
20 30
20 38
20 53
20 54
20 56
20 71
20 77
20 87
20 105
20 106
20 113
20 119
21 28
21 37
21 55
21 85
21 100
21 116
21 117
22 25
22 30
22 44
22 64
22 92
22 94
22 97
22 108
22 115
23 27
23 58
24 26
24 35
24 48
24 55
24 58
24 63
24 84
24 98
24 101
24 104
24 110
25 43
25 48
25 64
25 78
25 91
25 96
25 105
26 29
26 45
26 46
26 65
26 68
27 33
27 51
27 57
27 70
27 82
27 83
27 98
27 106
28 31
28 32
28 71
28 78
28 90
28 95
28 110
29 37
29 52
29 60
29 76
29 83
30 51
30 54
30 61
31 34
31 52
31 58
31 70
31 75
31 76
31 80
31 93
31 98
31 119
32 36
32 38
32 53
32 114
33 51
33 59
33 62
33 86
33 87
33 105
34 39
34 42
34 50
34 64
34 99
34 104
34 109
35 55
35 110
36 39
36 46
36 55
36 63
36 86
36 106
36 109
36 115
37 44
37 46
37 102
38 39
38 40
38 45
38 77
38 95
39 44
39 45
39 52
39 53
39 59
39 72
39 74
39 87
40 41
40 56
40 60
40 62
40 65
41 42
41 49
41 51
41 54
41 68
41 88
41 101
41 107
41 116
41 118
43 53
43 65
43 118
44 76
44 79
45 46
45 95
45 96
45 100
45 103
46 47
46 57
46 63
46 69
47 68
47 74
47 84
47 102
49 68
49 79
49 119
50 66
51 60
51 115
52 86
52 108
53 66
53 67
53 74
53 75
53 116
54 59
54 61
54 100
55 62
55 71
55 81
55 94
55 113
56 64
56 84
57 62
57 81
57 115
58 63
58 72
58 78
58 88
58 101
59 71
59 78
59 83
59 87
59 107
59 117
60 69
60 73
61 80
62 117
63 90
66 70
66 73
66 75
66 104
66 114
67 80
67 89
67 97
68 69
68 72
68 82
68 83
68 94
68 96
70 104
70 108
70 112
71 99
71 116
73 74
73 75
73 84
73 95
73 101
73 114
75 93
76 92
78 87
78 99
78 111
79 88
79 90
81 96
81 112
83 92
83 112
85 94
86 111
89 108
91 109
92 100
94 105
96 105
98 107
100 110
100 114
101 113
105 106
107 111
116 117
