0 1
0 2
0 3
0 4
0 5
0 6
0 7
0 10
0 12
0 18
0 22
0 33
0 43
0 46
0 47
0 48
0 49
0 58
0 59
0 81
0 88
0 96
0 118
1 6
1 11
1 13
1 15
1 16
1 17
1 19
1 23
1 28
1 31
1 32
1 33
1 38
1 39
1 40
1 49
1 59
1 62
1 67
1 74
2 6
2 7
2 8
2 11
2 14
2 22
2 28
2 74
2 90
2 94
2 99
2 107
3 7
3 8
3 9
3 13
3 15
3 36
3 51
3 52
3 69
3 70
3 71
3 98
3 99
3 116
4 6
4 8
4 14
4 41
4 92
4 119
5 6
5 7
5 8
5 9
5 10
5 12
5 13
5 14
5 21
5 24
5 28
5 35
5 37
5 46
5 49
5 50
5 55
5 60
5 68
5 70
5 81
5 84
5 89
5 97
5 103
5 107
5 109
5 114
6 7
6 9
6 10
6 11
6 14
6 15
6 17
6 19
6 20
6 21
6 23
6 27
6 30
6 32
6 39
6 40
6 42
6 43
6 45
6 48
6 49
6 50
6 52
6 61
6 67
6 72
6 73
6 76
6 80
6 86
6 89
6 95
6 103
6 116
6 118
7 8
7 9
7 10
7 15
7 17
7 18
7 19
7 22
7 24
7 25
7 30
7 32
7 58
7 60
7 70
7 75
7 86
7 107
7 113
8 9
8 10
8 11
8 12
8 13
8 17
8 19
8 24
8 27
8 31
8 33
8 37
8 41
8 42
8 53
8 57
8 58
8 61
8 62
8 65
8 70
8 75
8 76
8 77
8 79
8 85
8 87
8 96
8 101
8 104
8 115
9 12
9 14
9 16
9 18
9 30
9 43
9 50
9 102
10 11
10 12
10 13
10 18
10 20
10 24
10 40
10 56
10 58
10 67
10 78
10 92
10 97
10 102
11 17
11 22
11 25
11 27
11 28
11 33
11 34
11 45
11 52
11 53
11 55
11 103
11 108
12 16
12 22
12 64
12 68
12 69
12 78
12 98
12 114
13 15
13 20
13 42
13 57
13 65
13 73
13 74
13 92
13 95
14 16
14 18
14 19
14 21
14 26
14 29
14 38
14 39
14 43
14 47
14 48
14 54
14 66
14 68
14 71
14 101
15 16
15 20
15 25
15 32
15 35
15 40
15 47
15 48
15 53
15 54
15 56
15 59
15 79
15 98
15 113
16 20
16 26
16 29
16 31
16 44
16 45
16 47
16 53
16 57
16 61
16 66
16 67
16 79
16 95
16 99
16 106
16 110
16 115
16 117
17 23
17 31
17 32
17 34
17 35
17 37
17 51
17 52
17 54
17 93
17 110
18 21
18 23
18 25
18 30
18 36
18 46
18 50
18 65
18 72
18 81
18 83
18 119
19 21
19 24
19 26
19 27
19 29
19 34
19 36
19 63
19 65
19 68
19 72
19 85
19 111
19 115
19 116
20 29
20 40
20 45
20 78
20 90
20 104
20 110
21 26
21 36
21 38
21 39
21 44
21 47
21 63
21 66
21 71
21 82
21 91
22 23
22 28
22 33
22 34
22 44
22 56
22 62
22 67
22 79
22 106
22 109
23 35
23 38
23 45
23 60
23 72
23 80
23 82
23 91
23 94
23 117
24 25
24 26
24 36
24 48
24 58
24 86
24 100
24 102
25 29
25 39
26 27
26 30
26 31
26 34
26 38
26 42
26 43
26 44
26 50
26 61
26 62
26 63
26 68
26 74
26 93
26 109
26 118
27 37
27 41
27 51
27 55
27 84
28 37
28 52
29 59
29 77
29 89
30 86
30 96
31 80
31 107
32 35
32 41
32 69
32 70
32 89
32 93
32 107
32 108
33 46
33 64
33 73
33 74
33 93
33 100
33 102
33 111
33 118
34 53
34 55
34 64
34 71
34 75
34 88
34 91
34 97
34 101
34 104
34 105
34 111
35 80
35 83
36 41
36 44
36 65
37 75
38 42
38 49
38 54
38 76
38 83
38 84
38 93
38 103
38 105
38 106
39 64
39 77
39 88
39 114
40 46
42 51
42 54
42 71
42 73
42 85
42 89
42 90
42 91
42 119
43 60
43 76
43 83
43 84
43 87
43 88
44 56
45 56
45 91
45 104
46 51
46 59
47 55
47 57
47 61
48 78
49 73
49 87
49 95
50 88
50 103
51 62
52 81
52 85
54 57
54 63
54 81
55 60
55 77
55 78
55 82
55 112
55 113
56 83
56 111
57 64
57 96
57 112
59 87
60 69
60 76
60 84
60 94
62 63
62 94
63 66
63 96
63 112
64 69
64 79
64 105
64 112
65 66
65 114
66 72
66 108
66 110
66 114
68 109
69 77
69 80
69 82
69 85
69 90
70 75
70 92
71 92
71 101
72 105
75 99
76 86
76 98
76 115
77 95
78 82
78 97
79 99
80 116
80 118
82 87
82 90
84 98
84 104
86 108
87 94
90 100
90 102
91 101
94 110
96 97
96 100
96 106
96 113
96 117
99 100
101 105
101 112
101 113
101 116
102 106
103 109
103 111
104 115
105 108
108 119
112 117
116 117
117 119
