0 1
0 2
0 3
0 4
0 5
0 6
0 7
0 10
0 16
0 20
0 28
0 32
0 36
0 37
0 38
0 51
0 53
0 57
0 60
0 68
0 74
0 75
0 78
0 81
0 97
0 100
0 103
0 105
0 106
1 6
1 7
1 10
1 11
1 28
1 73
2 6
2 7
2 8
2 9
2 12
2 14
2 15
2 16
2 17
2 20
2 21
2 23
2 26
2 27
2 28
2 29
2 30
2 32
2 34
2 46
2 48
2 50
2 59
2 61
2 63
2 72
3 6
3 9
3 12
3 23
3 24
3 46
3 63
3 83
3 92
3 97
3 115
4 7
4 8
4 77
4 94
5 6
5 8
5 9
5 11
5 19
5 21
5 22
5 24
5 28
5 41
5 45
5 56
5 63
5 64
5 65
5 70
5 77
5 86
5 97
5 111
5 115
5 118
6 7
6 8
6 10
6 13
6 17
6 18
6 20
6 31
6 32
6 33
6 39
6 41
6 53
6 55
6 58
6 59
6 79
6 89
6 94
6 104
6 106
7 8
7 9
7 12
7 13
7 14
7 15
7 19
7 22
7 26
7 31
7 49
7 51
7 54
7 57
7 58
7 65
7 76
7 78
7 84
7 91
7 93
7 94
7 102
7 118
7 119
8 9
8 10
8 11
8 14
8 15
8 17
8 19
8 21
8 22
8 25
8 33
8 34
8 40
8 41
8 44
8 54
8 56
8 60
8 68
8 71
8 82
8 85
8 86
8 88
8 92
8 95
8 102
8 103
8 112
8 113
9 10
9 11
9 12
9 15
9 20
9 25
9 29
9 33
9 51
9 64
9 65
9 73
9 75
9 81
9 87
9 101
9 103
9 111
9 113
9 116
10 11
10 13
10 18
10 23
10 29
10 35
10 38
10 41
10 45
10 48
10 53
10 54
10 62
10 67
10 75
10 87
10 97
10 102
10 109
11 12
11 13
11 16
11 17
11 18
11 19
11 22
11 24
11 27
11 30
11 31
11 37
11 38
11 42
11 44
11 53
11 62
11 72
11 82
11 112
12 13
12 14
12 17
12 18
12 23
12 24
12 26
12 27
12 34
12 35
12 54
12 55
12 60
12 72
12 81
12 84
12 106
12 109
12 110
12 112
13 14
13 16
13 21
13 28
13 36
13 39
13 40
13 43
13 47
13 49
13 72
13 74
13 82
13 91
13 95
13 101
13 103
14 15
14 16
14 21
14 29
14 43
14 44
14 55
14 70
14 88
14 108
15 25
15 30
15 32
15 36
15 51
15 58
15 61
15 76
15 80
15 92
15 112
16 18
16 19
16 20
16 26
16 42
16 43
16 51
16 58
16 59
16 69
16 73
16 98
16 99
16 108
16 117
16 119
17 31
17 45
17 53
17 67
17 98
17 109
18 22
18 38
18 42
18 55
18 61
18 66
18 80
18 83
18 90
19 34
19 35
19 55
19 76
19 79
19 87
20 26
20 29
20 33
20 38
21 27
21 33
21 35
21 40
21 48
21 50
21 56
21 57
21 71
21 77
21 84
21 105
21 110
21 112
22 23
22 25
22 66
22 71
22 108
23 24
23 31
23 35
23 47
23 50
23 80
23 89
23 99
23 104
23 116
23 117
24 25
24 27
24 62
24 63
24 67
24 81
24 93
24 98
24 108
24 109
24 113
25 30
25 34
25 37
25 46
25 52
25 57
25 64
25 70
25 71
25 92
26 52
26 60
26 74
26 78
26 86
26 118
27 42
27 54
27 64
27 65
27 83
27 90
27 104
27 106
28 30
28 59
28 69
29 32
29 39
29 43
29 48
29 49
29 56
29 95
30 67
30 101
31 36
31 43
31 79
32 73
32 91
32 97
32 104
32 114
32 115
33 36
33 37
33 40
33 41
33 45
33 47
33 67
33 69
33 83
33 86
33 98
33 106
34 47
35 39
35 61
35 93
35 107
36 37
36 39
36 45
36 50
36 68
36 81
36 85
36 114
36 115
37 68
37 99
38 44
38 48
38 57
38 62
38 70
38 77
38 88
38 94
39 40
39 44
39 46
39 52
40 42
40 47
40 50
40 52
40 66
40 79
41 64
41 76
41 90
41 116
42 46
42 58
42 59
42 70
42 100
43 117
44 69
44 76
44 80
44 85
44 90
44 107
45 49
45 61
45 86
45 89
45 96
46 49
46 52
46 75
46 93
46 108
47 107
48 62
48 65
48 69
48 71
48 91
48 98
49 63
49 90
50 60
50 66
50 78
50 84
50 107
50 110
51 66
52 56
52 101
55 73
55 85
55 102
56 89
56 95
57 74
57 96
57 111
57 114
57 115
57 119
58 68
58 80
60 102
60 105
61 82
61 117
62 75
62 89
63 95
63 96
63 117
64 92
64 96
64 113
65 83
66 74
67 82
67 84
67 99
68 85
69 72
69 105
71 100
73 116
74 79
74 87
76 77
76 88
77 78
78 103
78 107
79 96
82 91
83 87
83 100
83 114
83 116
85 88
85 104
85 111
86 94
86 105
87 100
89 109
89 119
91 110
91 119
92 93
93 99
95 114
96 118
97 111
97 118
98 101
104 110
111 113
