0 1
0 2
0 3
0 4
0 5
0 6
0 7
0 8
0 9
0 10
0 11
0 12
0 13
0 14
0 15
0 17
0 21
0 22
0 24
0 25
0 32
0 34
0 35
0 37
0 38
0 41
0 44
0 46
0 47
0 51
0 60
0 62
0 65
0 67
0 68
0 73
0 74
0 75
0 78
0 80
0 87
1 6
1 13
1 22
1 52
1 54
1 64
1 68
1 81
1 99
2 17
2 26
2 118
3 6
3 7
3 8
3 9
3 11
3 12
3 14
3 15
3 18
3 26
3 32
3 37
3 41
3 52
3 64
3 71
3 72
3 83
3 88
3 92
3 99
3 108
4 6
4 7
4 8
4 10
4 12
4 13
4 14
4 16
4 17
4 18
4 19
4 20
4 23
4 24
4 28
4 33
4 35
4 37
4 39
4 40
4 43
4 46
4 47
4 48
4 49
4 54
4 55
4 69
4 87
4 91
4 93
4 95
4 98
4 109
4 111
4 116
5 6
5 7
5 16
5 18
5 19
5 28
5 31
5 33
5 36
5 48
5 61
5 79
5 100
5 104
5 118
6 7
6 8
6 9
6 10
6 11
6 13
6 14
6 16
6 18
6 33
6 36
6 39
6 40
6 49
6 58
6 80
6 91
6 92
6 108
6 114
7 8
7 9
7 10
7 11
7 12
7 14
7 17
7 18
7 19
7 20
7 21
7 25
7 26
7 27
7 29
7 30
7 33
7 42
7 47
7 50
7 51
7 54
7 62
7 63
7 64
7 69
7 70
7 74
7 79
7 80
7 87
7 92
7 93
7 98
7 101
7 104
7 106
7 113
7 118
8 9
8 10
8 12
8 13
8 16
8 23
8 26
8 27
8 28
8 38
8 42
8 45
8 47
8 67
8 69
8 73
8 76
8 89
8 91
8 114
8 116
9 15
9 20
9 24
9 27
9 29
9 31
9 39
9 40
9 51
9 58
9 72
9 77
9 109
10 11
10 15
10 17
10 19
10 21
10 32
10 34
10 36
10 42
10 44
10 53
10 58
10 59
10 60
10 66
10 68
10 76
10 80
10 83
10 84
10 100
10 103
11 15
11 22
11 23
11 32
11 45
11 52
11 53
11 56
11 63
11 75
11 96
11 100
12 28
12 44
12 45
12 54
12 55
12 59
12 69
12 82
13 16
13 19
13 21
13 22
13 29
13 40
13 55
13 65
13 68
13 107
13 113
14 23
14 38
14 39
14 47
14 48
14 77
14 96
14 105
14 106
15 25
15 28
15 31
15 37
15 42
15 43
15 51
15 57
15 112
16 21
16 26
16 29
16 58
16 85
16 101
17 20
17 25
17 36
17 50
17 57
17 70
17 89
17 102
17 110
18 20
18 22
18 24
18 30
18 35
18 41
18 43
18 53
18 65
18 71
18 88
18 117
19 24
19 29
19 36
19 40
19 43
19 46
19 72
19 75
19 90
19 94
19 97
19 100
19 106
19 112
20 23
20 27
20 38
20 41
20 42
20 50
20 57
20 67
20 78
20 92
20 102
20 104
20 111
20 113
21 30
21 33
21 34
21 37
21 41
21 46
21 59
21 78
21 81
21 82
21 88
21 117
22 25
22 34
22 45
22 68
22 90
22 97
22 98
22 105
23 46
23 86
24 53
25 30
25 31
25 48
25 53
25 55
25 59
25 60
25 63
25 72
25 75
25 95
26 27
26 50
26 79
26 82
26 90
26 96
26 111
26 115
27 30
27 31
27 32
27 35
27 51
27 55
27 84
27 85
27 93
29 34
29 61
29 89
29 103
29 104
30 38
30 82
31 58
31 64
31 71
31 101
31 119
32 45
32 115
32 116
33 35
33 66
33 84
33 99
34 49
34 52
34 80
34 95
34 108
35 62
35 115
36 44
36 81
37 39
37 60
37 63
37 66
37 73
37 92
37 99
38 44
38 56
38 65
38 74
38 75
38 94
38 98
39 49
39 56
39 67
39 87
40 49
40 57
40 77
40 90
41 43
41 64
41 77
43 56
43 65
43 83
43 91
43 95
43 117
44 48
44 50
44 66
44 86
45 61
45 63
45 70
45 97
45 98
46 54
46 83
47 81
47 109
47 115
48 59
48 66
48 107
49 52
49 56
49 61
49 82
49 86
49 101
49 104
49 119
50 72
51 74
52 57
52 62
52 79
52 112
53 62
53 71
53 77
53 101
53 111
53 112
54 69
54 91
54 116
55 60
55 76
55 81
56 76
56 103
57 109
58 84
59 61
59 67
59 70
60 85
60 88
60 102
60 115
60 117
61 87
62 70
63 85
63 105
64 73
64 78
64 106
65 73
65 90
67 86
67 93
67 99
68 74
68 85
68 94
68 118
68 119
69 114
70 71
71 102
71 107
72 76
72 117
73 88
73 97
73 108
74 83
75 89
75 96
75 106
75 109
75 114
76 79
76 89
76 94
76 105
76 110
77 78
77 112
78 103
80 84
80 103
80 119
83 100
83 110
84 86
85 93
85 102
86 97
88 94
88 96
88 118
89 107
89 110
90 107
92 95
94 108
95 119
96 105
96 114
97 116
98 111
103 113
104 110
107 113
