0 1
0 2
0 3
0 4
0 5
0 6
0 7
0 8
0 9
0 10
0 11
0 12
0 14
0 15
0 16
0 19
0 21
0 23
0 24
0 25
0 27
0 28
0 31
0 32
0 33
0 34
0 36
0 37
0 38
0 41
0 44
0 47
0 55
0 58
0 59
0 63
0 72
0 74
0 77
0 78
0 81
0 84
0 90
0 98
0 99
0 100
0 102
0 112
1 7
1 8
1 10
1 16
1 21
1 25
1 31
1 35
1 37
1 71
1 89
1 105
2 6
2 7
2 11
2 12
2 18
2 23
2 29
2 37
2 39
2 41
2 45
2 53
2 70
2 77
2 82
2 83
2 87
2 94
3 6
3 7
3 11
3 12
3 15
3 16
3 18
3 21
3 22
3 24
3 35
3 45
3 46
3 54
3 56
3 77
3 78
3 79
3 83
3 84
3 88
3 110
3 111
3 112
4 6
4 9
4 22
4 25
4 27
4 29
4 40
4 41
4 45
4 50
4 52
4 53
4 64
4 73
4 87
4 88
4 100
5 6
5 7
5 8
5 10
5 12
5 13
5 18
5 26
5 29
5 45
5 46
5 48
5 58
5 61
5 74
5 106
5 119
6 8
6 9
6 11
6 13
6 19
6 34
6 44
6 61
6 70
6 108
6 115
7 8
7 9
7 10
7 12
7 13
7 14
7 18
7 19
7 20
7 21
7 26
7 29
7 34
7 35
7 36
7 40
7 47
7 51
7 56
7 58
7 66
7 67
7 73
7 85
7 93
7 94
7 98
7 99
7 101
7 104
8 9
8 10
8 13
8 14
8 21
8 28
8 32
8 35
8 42
8 47
8 53
8 54
8 57
8 59
8 67
8 78
8 79
8 84
8 90
8 94
8 96
9 15
9 20
9 24
9 31
9 36
9 40
9 51
9 57
9 96
9 107
10 11
10 15
10 16
10 17
10 19
10 26
10 27
10 30
10 33
10 38
10 39
10 43
10 51
10 61
10 69
10 72
10 75
10 79
10 83
10 105
10 118
11 13
11 14
11 15
11 16
11 17
11 19
11 20
11 29
11 30
11 32
11 34
11 36
11 46
11 47
11 50
11 52
11 54
11 55
11 56
11 57
11 59
11 66
11 70
11 71
11 85
11 99
11 101
11 106
12 17
12 18
12 20
12 23
12 24
12 25
12 28
12 31
12 36
12 39
12 44
12 47
12 48
12 56
12 60
12 62
12 65
12 67
12 68
12 72
12 73
12 74
12 75
12 86
12 112
13 14
13 25
13 32
13 52
13 88
13 90
14 17
14 22
14 23
14 28
14 30
14 33
14 42
14 58
14 59
14 62
14 69
14 76
14 92
14 112
14 114
15 20
15 22
15 27
15 32
15 33
15 48
15 75
15 77
15 82
15 89
15 91
15 118
16 17
16 27
16 35
16 40
16 57
16 68
16 91
16 102
16 110
17 23
17 30
17 37
17 42
17 63
17 77
17 78
17 86
17 105
18 33
18 53
18 74
18 85
18 88
18 97
18 104
19 26
19 30
19 31
19 49
19 50
19 58
19 61
19 73
19 82
20 22
20 24
20 43
20 90
20 103
21 41
21 60
21 96
21 103
21 110
21 114
22 26
22 38
22 39
22 50
22 60
22 88
22 102
22 109
22 118
23 113
23 117
24 70
24 83
24 93
25 28
25 34
25 65
25 79
25 80
25 93
25 104
26 41
26 68
26 84
26 93
26 98
26 99
27 37
27 38
27 43
27 45
27 48
27 51
27 56
27 59
27 66
27 69
27 92
27 96
27 102
27 106
27 111
28 49
28 54
28 61
28 108
29 39
29 60
29 104
29 117
30 49
30 62
30 70
30 116
30 119
31 48
31 81
31 100
32 42
32 44
32 46
32 53
32 80
32 82
32 100
32 110
33 57
33 64
33 69
33 86
33 109
35 46
35 65
35 72
35 76
35 91
35 97
36 38
36 78
36 98
36 115
36 116
37 40
37 64
37 71
37 73
38 43
38 52
38 69
38 87
39 44
39 62
39 71
39 81
39 103
40 42
40 43
40 79
41 49
41 54
41 87
41 95
42 50
42 55
42 65
42 95
43 49
43 55
43 66
43 75
43 95
43 108
43 115
46 86
47 52
47 63
47 65
47 82
47 85
47 105
48 111
49 92
49 94
49 106
50 51
50 80
50 89
50 101
50 107
51 62
51 94
51 97
52 107
52 119
53 105
53 117
54 55
54 60
54 63
54 76
54 84
54 89
54 91
54 104
54 115
55 68
55 95
56 64
56 71
56 90
56 99
56 109
57 68
58 63
58 91
59 66
59 80
59 83
60 74
62 64
63 93
64 67
64 81
64 109
64 111
65 67
65 100
65 103
65 107
65 113
65 114
66 72
66 75
66 81
66 107
67 92
67 96
68 117
68 118
69 118
71 113
72 80
72 97
72 101
73 97
73 116
74 76
74 87
74 98
75 76
75 85
75 89
76 95
77 108
79 102
79 116
80 86
80 103
80 106
80 115
82 101
82 113
82 114
87 113
88 116
89 92
90 108
90 111
90 114
91 112
92 109
92 117
95 119
107 110
115 119
