0 1
0 2
0 3
0 4
0 5
0 7
0 8
0 9
0 10
0 11
0 12
0 13
0 14
0 15
0 16
0 22
0 23
0 24
0 25
0 27
0 28
0 36
0 46
0 50
0 51
0 56
0 67
0 68
0 76
0 107
0 114
1 6
1 7
1 11
1 13
1 21
1 26
1 30
1 44
1 58
1 59
1 68
1 75
1 92
1 102
2 6
2 7
2 12
2 20
2 26
2 42
2 47
2 95
3 6
3 7
3 8
3 9
3 11
3 13
3 15
3 17
3 18
3 21
3 25
3 28
3 29
3 30
3 34
3 41
3 43
3 44
3 47
3 78
3 80
3 89
3 98
3 108
4 6
4 8
4 9
4 11
4 13
4 17
4 21
4 26
4 40
4 42
4 63
4 91
4 109
5 6
5 10
5 25
5 27
5 29
5 31
5 33
5 38
5 47
5 48
5 58
5 63
5 87
5 90
5 100
6 7
6 8
6 9
6 10
6 14
6 15
6 16
6 19
6 20
6 25
6 34
6 48
6 53
6 56
6 59
6 65
6 70
6 79
6 81
6 85
6 86
6 96
6 107
7 8
7 10
7 12
7 17
7 18
7 21
7 22
7 27
7 28
7 32
7 35
7 37
7 43
7 51
7 57
7 59
7 71
7 75
7 76
7 77
7 80
7 81
7 84
7 85
7 87
7 105
7 106
7 107
7 116
8 9
8 10
8 12
8 14
8 15
8 16
8 18
8 28
8 31
8 69
8 77
8 97
8 99
8 115
8 116
8 118
9 14
9 16
9 17
9 18
9 22
9 24
9 25
9 32
9 33
9 52
9 63
9 87
9 89
9 98
9 99
10 11
10 21
10 23
10 26
10 27
10 33
10 36
10 40
11 12
11 15
11 16
11 19
11 20
11 23
11 24
11 31
11 34
11 36
11 40
11 41
11 51
11 54
11 57
11 59
11 60
11 66
11 73
11 105
11 110
12 13
12 14
12 23
12 27
12 28
12 29
12 33
12 35
12 37
12 40
12 44
12 64
12 99
12 109
12 118
13 30
13 35
13 40
13 43
13 45
13 55
13 56
13 60
13 64
13 78
14 22
14 24
14 26
14 30
14 32
14 35
14 37
14 38
14 44
14 51
14 52
14 62
14 66
14 73
14 78
14 82
14 88
14 114
14 115
15 19
15 31
15 42
15 46
15 48
15 52
15 54
15 72
15 83
15 94
15 106
15 111
15 112
15 116
16 17
16 18
16 29
16 43
16 45
16 49
16 66
17 19
17 20
17 24
17 36
17 38
17 39
17 41
17 50
17 61
17 62
17 74
17 78
17 92
17 100
17 104
17 110
17 113
18 19
18 20
18 23
18 34
18 44
18 49
18 53
18 54
18 55
18 57
18 61
18 67
18 73
18 77
18 79
18 82
18 83
18 86
18 89
18 94
18 104
19 22
19 31
19 38
19 42
19 46
19 79
19 82
19 94
19 106
20 60
20 64
20 69
20 70
20 96
20 109
20 118
21 32
21 68
21 85
21 106
22 39
22 54
22 69
22 74
22 82
22 87
22 91
22 104
23 30
23 50
23 62
23 67
23 81
24 32
24 35
24 45
24 46
24 53
24 88
24 91
24 95
24 107
24 117
25 42
25 45
25 53
25 56
25 76
25 88
25 99
25 113
26 33
26 102
27 29
27 41
27 74
27 75
27 84
27 93
27 95
28 48
28 64
28 112
28 116
29 71
29 91
29 100
29 103
30 39
30 49
30 70
30 76
30 79
30 97
30 98
30 99
30 104
30 117
32 34
32 38
32 41
32 45
32 52
32 56
32 57
32 61
32 62
32 63
32 70
32 72
32 90
32 97
32 101
32 112
32 115
32 118
33 36
33 37
33 55
33 61
33 71
33 72
33 83
34 39
34 46
34 65
34 74
34 83
34 88
35 37
35 39
35 43
35 50
35 59
35 70
35 86
35 104
35 105
36 55
36 87
36 101
37 47
37 50
37 61
37 92
37 93
37 103
38 58
38 90
38 103
39 60
39 65
39 94
39 113
39 115
40 69
41 47
41 60
41 75
41 82
41 108
42 51
42 57
42 81
42 112
43 48
43 66
43 79
44 54
44 86
44 91
44 95
44 96
45 88
45 119
46 49
46 67
46 68
46 69
46 101
46 111
47 49
47 63
48 52
48 55
48 80
48 84
48 90
48 100
48 101
48 106
48 113
49 119
51 100
52 53
52 58
52 62
52 77
52 78
52 95
52 109
53 66
53 90
54 58
54 89
54 110
55 67
55 84
56 71
56 76
56 81
56 97
57 89
58 75
58 115
59 103
60 64
61 74
61 80
61 117
62 72
62 86
62 112
62 117
63 65
63 72
63 93
63 94
64 65
64 85
64 92
64 93
64 109
67 68
67 71
67 84
67 98
67 103
67 105
68 73
68 114
69 73
69 83
69 119
70 96
71 77
71 80
71 98
71 117
73 85
74 92
74 108
74 111
75 102
75 119
77 93
77 96
79 119
83 110
84 108
85 114
86 111
89 107
90 97
90 110
94 102
95 102
96 101
101 108
101 113
104 105
108 111
109 114
110 116
116 118
