0 1
0 2
0 3
0 4
0 5
0 6
0 7
0 8
0 11
0 13
0 14
0 15
0 16
0 17
0 24
0 25
0 29
0 30
0 31
0 40
0 44
0 47
0 48
0 50
0 52
0 61
0 69
0 72
0 76
0 78
0 81
0 82
0 89
0 90
0 97
0 107
1 6
1 7
1 8
1 9
1 10
1 14
1 16
1 17
1 19
1 20
1 27
1 28
1 41
1 43
1 52
1 61
1 69
1 86
1 90
1 94
2 12
2 19
2 21
2 22
2 24
2 36
2 53
2 68
2 92
2 113
2 119
3 6
3 11
3 12
3 13
3 18
3 24
3 40
3 59
3 68
3 109
3 110
3 119
4 6
4 7
4 9
4 10
4 25
4 34
4 37
4 38
4 40
4 41
4 49
4 52
4 63
4 75
4 103
5 6
5 7
5 8
5 9
5 16
5 18
5 26
5 31
5 32
5 34
5 39
5 41
5 42
5 43
5 60
5 62
5 73
5 74
5 76
5 80
5 83
5 84
5 99
5 114
6 7
6 8
6 9
6 10
6 12
6 13
6 22
6 23
6 26
6 27
6 28
6 31
6 32
6 35
6 39
6 40
6 46
6 48
6 49
6 51
6 52
6 61
6 65
6 73
6 74
6 76
6 79
6 82
6 83
6 84
6 89
6 93
6 94
6 96
6 105
6 116
6 117
7 8
7 9
7 10
7 11
7 12
7 13
7 14
7 15
7 16
7 17
7 20
7 21
7 22
7 23
7 25
7 33
7 42
7 46
7 47
7 54
7 72
7 79
7 82
7 91
7 105
7 119
8 10
8 12
8 13
8 16
8 18
8 20
8 21
8 25
8 37
8 42
8 44
8 45
8 48
8 52
8 58
8 63
8 64
8 88
8 93
8 96
8 99
8 106
8 107
8 108
8 110
8 117
9 11
9 15
9 17
9 22
9 32
9 37
9 38
9 47
9 65
9 90
9 95
9 115
9 118
10 11
10 14
10 26
10 30
10 34
10 42
10 54
10 57
10 64
10 99
10 112
10 119
11 14
11 15
11 19
11 21
11 22
11 24
11 26
11 29
11 33
11 35
11 45
11 56
11 63
11 70
11 73
11 83
11 92
11 98
11 109
12 18
12 19
12 30
12 32
12 34
12 41
12 44
12 46
12 55
12 56
12 69
12 72
12 110
12 112
13 34
13 40
13 41
13 60
13 67
13 74
13 82
13 103
13 119
14 15
14 18
14 26
14 36
14 44
14 49
14 58
14 63
14 67
14 94
14 95
15 17
15 20
15 23
15 28
15 45
15 71
15 76
15 91
16 19
16 20
16 27
16 35
16 46
16 53
16 54
16 58
16 59
16 65
16 73
16 100
16 103
16 104
16 111
16 118
17 29
17 30
17 35
17 36
17 42
17 49
17 55
17 59
17 71
17 73
17 75
17 78
17 84
17 93
17 107
18 30
18 39
18 46
18 66
18 91
18 109
18 113
19 21
19 38
19 50
19 81
19 84
19 112
19 114
20 24
20 28
20 29
20 67
20 102
20 110
21 23
21 27
21 29
21 31
21 33
21 35
21 37
21 48
21 55
21 64
21 78
21 81
21 84
21 99
21 102
21 112
22 23
22 27
22 28
22 31
22 53
22 111
22 112
22 116
22 118
23 25
23 33
23 38
23 50
23 61
23 64
23 86
23 87
23 105
24 39
24 45
24 50
24 55
24 67
24 80
24 87
24 96
24 110
24 117
25 78
25 79
26 43
26 47
26 51
26 66
26 80
26 89
26 105
26 115
27 36
27 37
27 62
27 71
27 92
27 102
27 104
28 43
28 47
28 57
28 58
28 64
28 71
28 101
28 104
29 106
30 32
30 75
30 85
31 33
31 51
31 55
31 66
31 70
31 75
31 77
31 80
31 85
31 87
31 91
32 39
32 51
32 56
32 57
32 107
33 88
33 89
33 92
34 36
34 45
34 58
34 59
34 60
35 43
35 51
35 63
35 69
35 70
35 76
35 91
35 95
36 53
36 60
36 69
36 79
36 97
36 98
36 100
37 38
37 75
37 116
37 117
39 74
39 79
39 81
39 97
40 49
40 57
40 59
40 62
40 88
40 100
40 104
40 117
42 50
42 78
42 85
42 108
43 44
43 56
43 68
44 48
44 72
44 77
44 111
45 118
46 53
46 54
46 71
46 77
46 100
47 62
47 67
47 87
48 88
49 57
49 86
49 96
49 114
51 54
51 99
51 104
51 108
52 65
52 86
52 100
53 56
53 66
53 68
53 70
53 86
53 98
53 101
54 95
55 60
56 83
56 88
57 66
57 82
57 94
57 101
57 106
58 68
58 90
58 111
58 115
59 61
59 62
59 65
59 105
59 113
60 74
60 106
63 95
64 72
65 77
65 80
65 89
66 107
66 113
67 70
67 81
67 83
68 103
71 93
72 103
72 115
73 77
75 90
75 108
75 118
76 85
77 98
78 85
78 116
81 93
82 92
82 101
83 116
84 87
84 97
85 109
85 114
86 94
86 96
87 102
90 102
91 114
93 109
95 97
95 98
98 101
99 115
103 113
105 106
105 111
107 108
