0 1
0 2
0 3
0 4
0 5
0 6
0 7
0 9
0 10
0 11
0 12
0 13
0 15
0 18
0 25
0 38
0 40
0 42
0 44
0 45
0 48
0 49
0 50
0 51
0 53
0 55
0 57
0 60
0 69
0 83
0 87
0 94
0 97
0 99
0 102
0 108
0 111
0 118
1 6
1 7
1 41
1 62
2 6
2 8
2 10
2 11
2 13
2 20
2 24
2 28
2 30
2 47
2 66
2 75
2 80
2 81
2 82
2 90
2 96
2 105
2 118
3 6
3 8
3 9
3 10
3 12
3 18
3 23
3 25
3 26
3 36
3 37
3 43
3 46
3 50
3 55
3 61
3 62
3 74
3 75
3 76
3 78
3 80
3 82
3 89
3 100
3 103
3 110
3 117
3 118
4 7
4 8
4 11
4 33
4 45
4 67
5 6
5 7
5 9
5 10
5 12
5 14
5 16
5 19
5 20
5 22
5 24
5 26
5 27
5 30
5 34
5 35
5 36
5 38
5 39
5 41
5 42
5 47
5 65
5 67
5 77
5 85
5 89
5 93
5 108
5 109
5 115
5 116
6 7
6 8
6 9
6 10
6 12
6 13
6 15
6 16
6 17
6 20
6 21
6 22
6 38
6 44
6 54
6 58
6 71
6 73
6 79
6 106
6 108
6 109
6 114
7 8
7 11
7 15
7 16
7 17
7 21
7 39
7 51
7 56
7 66
8 9
8 11
8 17
8 19
8 20
8 21
8 23
8 27
8 30
8 31
8 32
8 39
8 40
8 45
8 46
8 48
8 52
8 56
8 59
8 60
8 72
8 74
8 88
8 91
8 93
8 94
8 96
8 102
8 106
8 107
8 113
8 116
9 14
9 24
9 25
9 31
9 33
9 65
9 72
9 76
9 92
9 93
9 102
9 113
10 13
10 16
10 24
10 26
10 27
10 46
10 52
10 54
10 58
10 63
10 64
10 66
10 72
10 78
10 112
11 12
11 13
11 14
11 15
11 17
11 18
11 19
11 20
11 22
11 28
11 29
11 32
11 34
11 35
11 38
11 39
11 40
11 48
11 59
11 61
11 65
11 70
11 76
11 82
11 88
11 89
11 90
11 91
11 93
11 104
11 115
12 14
12 19
12 29
12 32
12 50
12 64
12 78
12 84
13 14
13 15
13 17
13 23
13 32
13 33
13 39
13 43
13 55
13 67
13 71
13 72
13 75
13 77
13 79
13 88
14 21
14 23
14 27
14 28
14 29
14 32
14 34
14 35
14 37
14 41
14 54
14 57
14 66
14 68
14 86
14 97
14 99
14 100
14 113
15 16
15 18
15 23
15 35
15 36
15 41
15 43
15 49
15 50
15 60
15 64
15 73
15 78
15 98
15 101
15 117
16 22
16 34
16 40
16 43
16 46
16 48
16 49
16 65
16 69
16 84
16 85
16 87
16 99
16 115
17 18
17 19
17 25
17 27
17 28
17 29
17 31
17 59
17 73
17 98
18 26
18 31
18 33
18 34
18 37
18 49
18 53
18 63
18 68
18 70
18 87
18 97
18 102
18 104
18 107
18 114
19 21
19 22
19 58
19 62
19 91
20 24
20 59
20 62
20 68
20 86
20 109
20 111
21 46
21 54
21 57
21 81
21 94
21 100
21 103
22 57
22 97
23 25
23 30
23 38
24 33
24 35
24 47
24 61
24 67
24 70
24 80
24 83
24 87
24 100
24 101
24 104
24 116
25 26
25 29
25 30
25 36
25 37
25 49
25 72
25 83
25 85
25 96
25 109
26 58
27 28
27 51
27 53
28 31
28 42
28 117
30 42
30 43
30 51
30 54
30 56
30 58
30 86
30 91
30 110
30 115
31 51
31 97
31 116
32 41
32 45
32 52
33 44
33 60
33 74
34 40
34 42
34 60
34 62
34 63
34 69
34 76
34 99
35 36
35 45
36 37
36 44
36 64
36 108
37 48
38 53
38 59
38 81
39 56
39 57
39 75
39 103
39 114
39 115
40 52
40 53
40 88
40 102
40 106
40 107
40 110
41 44
41 47
41 52
41 61
41 69
41 70
41 71
41 77
41 83
42 70
42 84
42 103
42 107
43 55
43 92
44 47
44 56
45 71
45 79
45 90
45 100
45 113
45 118
46 55
46 82
46 89
46 101
47 61
47 81
47 110
47 114
48 67
48 99
49 50
49 68
49 77
50 64
50 69
50 82
50 83
50 105
51 80
51 91
51 111
53 98
54 66
54 79
54 84
54 85
54 95
55 65
55 92
56 87
57 63
57 73
58 63
58 68
58 95
59 88
59 104
59 118
61 76
61 79
61 81
61 90
62 73
62 86
62 95
63 116
65 112
66 92
66 94
66 105
66 106
66 108
67 71
67 92
67 96
67 98
68 80
68 93
69 78
69 112
70 74
70 85
72 74
72 90
72 95
73 75
73 106
73 111
75 77
76 105
77 95
80 84
81 98
83 119
84 86
84 89
84 103
85 101
86 94
88 105
90 112
90 117
92 111
92 119
93 107
94 96
97 109
98 110
99 101
100 104
100 119
104 119
105 112
105 117
109 113
112 114
114 119
