0 1
0 2
0 3
0 4
0 5
0 6
0 7
0 8
0 9
0 10
0 11
0 13
0 15
0 17
0 19
0 21
0 23
0 25
0 27
0 30
0 37
0 38
0 43
0 49
0 58
0 59
0 61
0 63
0 69
0 77
0 78
0 86
0 105
0 106
0 108
0 109
0 110
0 111
0 112
0 117
0 119
1 6
1 7
1 8
1 13
1 14
1 15
1 16
1 18
1 19
1 34
1 35
1 42
1 45
1 62
1 65
1 73
1 84
1 88
1 107
1 108
1 115
1 117
2 6
2 7
2 12
2 14
2 17
2 19
2 24
2 25
2 32
2 33
2 36
2 46
2 52
2 54
2 56
2 77
2 78
2 89
2 90
2 97
2 100
2 104
2 107
3 8
3 12
3 35
3 84
4 6
4 41
4 57
5 6
5 7
5 9
5 10
5 11
5 12
5 13
5 15
5 17
5 20
5 22
5 28
5 29
5 30
5 31
5 37
5 45
5 51
5 61
5 67
5 73
5 76
5 77
5 79
5 81
5 88
5 89
5 101
5 105
5 106
5 108
5 117
6 7
6 8
6 9
6 10
6 11
6 13
6 18
6 20
6 21
6 23
6 24
6 28
6 29
6 34
6 37
6 38
6 40
6 41
6 42
6 55
6 64
6 72
6 75
6 79
6 90
6 99
6 107
6 110
7 8
7 9
7 11
7 26
7 27
7 29
7 30
7 33
7 35
7 44
7 53
7 54
7 59
7 74
7 87
7 91
7 97
7 116
8 9
8 10
8 12
8 14
8 15
8 16
8 17
8 21
8 22
8 33
8 37
8 45
8 52
8 56
8 64
8 69
8 73
8 80
8 89
8 97
8 115
9 10
9 11
9 16
9 19
9 20
9 28
9 33
9 34
9 46
9 47
9 56
9 57
9 85
9 103
10 13
10 15
10 16
10 19
10 36
10 38
10 39
10 59
10 72
10 119
11 12
11 14
11 21
11 26
11 32
11 39
11 49
11 55
11 70
11 71
11 72
11 82
11 83
11 101
11 114
12 20
12 22
12 28
12 40
12 72
12 89
12 100
13 14
13 16
13 18
13 22
13 24
13 29
13 32
13 44
13 47
13 48
13 67
13 74
13 81
13 82
13 84
13 88
13 91
13 109
13 110
14 42
14 43
14 51
14 63
14 71
14 74
14 110
14 118
15 18
15 23
15 26
15 35
15 36
15 40
15 43
15 87
16 17
16 18
16 20
16 26
16 41
16 44
16 45
16 46
16 50
16 52
16 57
16 60
16 68
16 80
16 85
16 91
16 102
16 106
16 107
16 108
16 111
17 25
17 31
17 42
17 46
17 59
17 60
17 65
17 77
17 102
17 118
18 22
18 23
18 24
18 34
18 35
18 36
18 41
18 68
18 75
18 76
18 78
18 86
18 105
18 116
19 25
19 31
19 36
19 38
19 44
19 45
19 47
19 55
19 96
19 100
19 104
20 21
20 24
20 25
20 27
20 31
20 32
20 38
20 39
20 51
20 62
20 81
20 93
20 114
21 26
21 27
21 28
21 29
21 31
21 32
21 34
21 46
21 53
21 57
21 64
21 70
21 83
21 101
21 103
22 23
22 33
22 53
22 81
23 27
23 30
23 48
23 66
23 69
23 82
23 84
23 103
23 106
24 37
24 40
24 48
24 50
24 54
24 70
24 85
24 102
24 119
25 44
25 58
25 67
25 68
25 73
25 92
25 98
25 113
26 30
26 40
26 49
26 65
26 67
26 94
26 98
27 60
27 65
27 73
27 111
28 70
29 39
29 41
29 47
29 48
29 50
29 62
29 119
30 80
30 99
30 116
31 43
31 60
31 61
31 66
31 99
31 106
31 113
31 117
32 42
32 52
32 54
32 95
32 96
32 101
32 107
32 108
33 39
33 49
33 53
33 56
33 59
33 62
33 63
33 67
33 78
33 102
34 47
34 53
34 58
34 64
34 75
34 77
34 79
34 81
34 88
34 104
34 113
35 43
35 50
35 76
35 94
35 95
35 98
35 110
36 52
36 78
36 85
36 86
37 51
37 83
37 88
37 109
37 111
37 117
38 51
38 71
38 82
39 66
39 116
40 119
41 54
42 48
42 56
42 68
43 49
43 63
43 83
45 74
45 100
46 55
46 61
47 83
47 90
47 93
47 103
48 62
48 72
48 79
48 92
48 111
48 112
49 50
49 57
49 79
49 80
49 89
49 92
49 112
50 69
50 84
51 93
51 115
52 60
52 64
52 66
53 55
53 58
53 61
53 63
54 70
54 74
54 76
54 91
54 114
56 58
56 75
56 93
56 97
56 105
56 113
57 66
57 102
59 65
59 71
59 87
61 68
61 75
61 90
61 96
61 98
61 109
62 69
62 96
63 90
64 76
64 115
65 95
66 99
68 87
69 109
70 71
70 95
70 96
72 86
73 80
73 93
73 95
73 115
74 101
75 82
75 94
76 91
76 94
76 100
77 85
77 87
77 112
79 103
80 86
81 104
81 114
83 92
85 118
88 112
89 92
92 94
92 97
93 99
93 114
94 98
94 104
103 105
106 113
107 116
109 118
114 118
