0 1
0 2
0 3
0 4
0 5
0 6
0 7
0 8
0 9
0 10
0 11
0 12
0 13
0 15
0 17
0 18
0 21
0 24
0 25
0 26
0 28
0 30
0 31
0 36
0 40
0 47
0 48
0 49
0 52
0 56
0 59
0 66
0 70
0 75
0 78
0 80
0 85
0 103
0 108
0 112
1 6
1 9
1 11
1 16
1 17
1 21
1 22
1 24
1 27
1 30
1 34
1 47
1 48
1 59
1 62
1 68
1 84
1 100
1 103
1 113
2 6
2 8
2 10
2 11
2 13
2 17
2 18
2 19
2 20
2 24
2 26
2 28
2 37
2 38
2 50
2 52
2 55
2 63
2 67
2 68
2 69
2 73
2 77
2 79
2 80
2 85
2 98
2 102
2 107
3 6
3 7
3 9
3 12
3 15
3 27
3 32
3 82
3 83
3 85
3 91
3 110
3 115
4 6
4 7
4 8
4 10
4 11
4 13
4 27
4 29
4 36
4 40
4 41
4 44
4 54
4 69
4 77
4 78
4 79
4 81
4 88
4 90
4 108
4 110
5 7
5 16
5 39
6 7
6 8
6 10
6 11
6 13
6 14
6 23
6 28
6 51
6 54
6 88
6 90
6 95
6 99
6 106
7 8
7 9
7 12
7 14
7 20
7 21
7 24
7 28
7 36
7 39
7 41
7 46
7 53
7 61
7 63
7 86
7 101
7 102
8 9
8 12
8 14
8 15
8 20
8 24
8 26
8 31
8 33
8 43
8 54
8 60
8 84
8 88
8 97
8 118
9 10
9 12
9 16
9 17
9 23
9 32
9 35
9 37
9 48
9 57
9 69
9 77
9 81
9 93
9 107
9 118
10 14
10 15
10 16
10 19
10 20
10 25
10 27
10 30
10 32
10 37
10 39
10 50
10 51
10 59
10 85
10 103
10 107
10 117
11 13
11 18
11 26
11 27
11 38
11 41
11 42
11 46
11 58
11 61
11 67
11 82
11 84
11 91
11 92
11 99
11 100
11 106
11 112
12 15
12 18
12 21
12 40
12 49
12 66
12 81
13 14
13 16
13 19
13 20
13 22
13 25
13 29
13 31
13 33
13 35
13 40
13 41
13 42
13 63
13 75
13 87
13 95
13 103
13 104
13 105
14 17
14 19
14 30
14 35
14 44
14 52
14 56
14 74
14 83
14 97
14 116
15 22
15 32
15 33
15 39
15 40
15 51
15 53
15 55
15 59
15 60
15 70
15 74
15 76
15 87
15 96
15 104
15 107
15 118
16 23
16 30
16 36
16 42
16 49
16 65
16 81
16 83
16 95
16 101
17 18
17 19
17 23
17 26
17 35
17 46
17 58
17 71
17 73
17 79
17 103
18 21
18 23
18 29
18 46
18 47
18 51
18 64
18 65
18 68
18 88
18 94
18 95
18 97
18 106
18 111
19 25
19 34
19 43
19 61
19 70
19 114
20 22
20 29
20 34
20 57
20 65
20 73
20 76
20 92
20 113
20 117
21 22
21 42
21 43
21 44
21 45
21 48
21 62
21 67
21 71
21 85
21 86
21 87
21 96
21 106
22 28
22 31
22 33
22 55
22 57
22 58
22 61
22 63
22 67
22 71
22 87
22 93
22 96
22 114
23 55
23 111
24 25
24 42
24 115
25 33
25 34
25 71
25 93
26 45
26 50
26 98
27 32
27 36
27 74
27 112
28 29
28 31
28 34
28 37
28 38
28 45
28 64
28 75
28 77
28 105
28 109
29 41
29 48
29 62
30 57
30 66
30 73
30 90
31 44
31 64
31 86
31 101
31 102
31 118
32 35
32 60
32 80
32 106
33 43
33 72
34 38
34 62
34 79
34 82
34 91
35 45
35 49
35 50
35 53
35 58
35 65
35 73
35 117
36 37
36 87
36 99
36 111
37 38
37 43
37 44
37 51
37 54
37 61
37 71
37 98
37 101
37 102
37 108
37 119
38 39
38 60
38 68
38 75
38 80
38 105
39 50
39 52
39 55
39 63
39 64
39 76
39 84
39 89
39 98
39 100
40 47
40 66
40 90
40 111
41 68
42 52
42 56
42 65
42 67
42 69
42 72
42 74
42 108
42 115
42 119
43 53
43 96
44 45
44 46
44 53
44 54
44 59
44 70
44 72
44 109
45 47
45 57
45 72
45 89
45 100
45 117
46 60
46 81
47 86
47 92
47 93
48 49
48 83
49 116
50 62
51 56
51 58
51 105
51 115
52 108
53 72
53 97
54 56
54 88
55 78
55 82
55 112
56 64
57 89
57 113
58 82
58 111
59 92
59 95
59 105
60 66
60 91
60 119
61 76
61 104
62 94
63 69
63 74
63 76
63 79
64 70
64 77
66 94
68 78
70 90
70 92
71 84
71 112
72 75
72 98
73 114
74 83
74 94
74 113
75 80
75 93
75 99
75 102
77 78
79 91
79 96
80 118
80 119
81 117
84 104
85 86
86 89
86 101
87 97
88 89
88 94
88 107
91 110
92 109
92 116
94 113
95 110
96 100
96 110
96 119
98 99
98 114
101 104
102 114
103 116
107 109
108 109
110 115
114 116
