0 1
0 2
0 3
0 4
0 5
0 6
0 7
0 8
0 9
0 10
0 11
0 12
0 13
0 14
0 15
0 16
0 17
0 18
0 19
0 20
0 21
0 22
0 23
0 24
0 26
0 30
0 32
0 34
0 35
0 36
0 38
0 40
0 41
0 43
0 44
0 46
0 47
0 48
0 52
0 55
0 62
0 65
0 70
0 74
0 77
0 85
0 91
0 93
0 99
0 100
0 104
0 114
0 115
0 116
1 6
1 7
1 9
1 11
1 24
1 30
1 34
1 51
2 22
2 29
2 88
2 114
3 6
3 12
3 16
3 20
3 24
3 37
3 38
3 55
3 66
3 86
4 6
4 7
4 8
4 10
4 16
4 37
4 40
4 45
4 76
4 86
4 94
4 109
4 118
5 6
5 7
5 8
5 11
5 12
5 13
5 15
5 31
5 35
5 37
5 42
5 43
5 44
5 51
5 52
5 54
5 63
5 70
5 71
5 85
5 107
6 7
6 8
6 9
6 10
6 12
6 13
6 14
6 15
6 16
6 21
6 22
6 25
6 27
6 28
6 33
6 39
6 42
6 45
6 51
6 54
6 58
6 60
6 61
6 63
6 74
6 78
6 79
6 87
6 89
6 90
6 100
7 8
7 9
7 10
7 11
7 12
7 14
7 16
7 21
7 24
7 26
7 29
7 31
7 32
7 40
7 45
7 46
7 53
7 63
7 67
7 68
7 71
7 73
7 76
7 81
7 95
7 104
7 105
7 111
7 117
8 9
8 10
8 11
8 13
8 15
8 17
8 18
8 19
8 21
8 22
8 23
8 24
8 30
8 36
8 37
8 39
8 41
8 42
8 43
8 48
8 50
8 53
8 58
8 59
8 62
8 66
8 82
8 83
8 85
8 87
8 88
8 92
8 93
8 94
8 96
8 102
8 118
9 17
9 18
9 20
9 26
9 27
9 30
9 37
9 40
9 41
9 52
9 56
9 60
9 61
9 70
9 77
9 80
9 90
9 98
9 116
9 117
9 118
9 119
10 13
10 25
10 39
10 49
10 54
10 57
10 64
10 75
10 83
11 14
11 17
11 27
11 29
11 53
11 55
11 74
11 88
11 95
11 99
11 105
11 112
12 19
12 22
12 29
12 32
12 35
12 39
12 43
12 53
12 56
12 71
12 88
13 14
13 18
13 19
13 20
13 28
13 31
13 48
13 86
13 98
13 110
14 15
14 18
14 19
14 20
14 23
14 25
14 26
14 27
14 36
14 38
14 49
14 61
14 94
14 99
15 23
15 60
15 103
16 17
16 21
16 26
16 29
16 42
16 47
16 73
16 109
17 25
17 28
17 33
17 34
17 38
17 42
17 47
17 66
17 76
17 82
17 102
18 43
18 103
19 30
19 33
19 63
19 68
19 70
19 81
19 90
19 91
19 95
19 98
20 25
20 72
20 93
21 28
21 35
21 45
21 78
21 80
21 81
21 84
21 86
21 87
21 97
21 98
21 101
21 106
21 111
21 113
22 23
22 27
22 34
22 40
22 49
22 62
22 67
22 113
22 115
23 41
23 46
23 48
23 57
23 59
23 60
23 69
23 83
23 95
23 99
23 106
24 49
24 50
24 57
24 64
24 78
24 101
24 102
25 32
25 35
25 38
25 63
25 85
25 92
26 28
26 32
26 41
26 50
26 68
26 86
27 31
27 33
27 45
27 52
27 54
27 67
27 69
27 112
28 31
28 49
28 61
28 69
28 92
28 114
29 47
29 55
29 57
29 71
29 77
29 108
29 112
30 74
31 33
31 34
31 36
31 46
31 52
31 65
31 88
31 89
31 94
31 104
32 36
32 46
32 59
32 62
32 75
32 79
32 82
32 101
32 103
32 114
33 47
33 74
33 75
33 79
33 98
34 39
34 59
34 96
35 65
36 72
36 108
36 118
37 44
37 50
37 56
37 89
37 110
37 117
38 48
38 51
38 60
38 61
38 77
38 96
39 53
39 58
39 64
39 67
39 76
39 113
39 116
40 44
40 80
41 66
41 113
42 65
42 68
42 72
42 110
43 44
43 56
43 59
43 64
43 72
43 93
44 66
44 79
45 115
45 118
46 50
46 58
47 55
48 54
48 69
48 82
48 84
48 90
48 106
49 51
49 62
49 77
49 93
50 75
50 96
50 97
50 108
50 119
51 56
51 58
51 64
52 75
52 76
52 81
52 95
53 114
53 116
54 103
54 107
55 73
55 79
55 96
55 105
56 57
56 73
56 83
56 84
56 92
56 99
56 100
56 109
57 67
57 68
57 91
57 105
57 112
58 83
60 65
60 72
60 84
60 117
61 110
61 115
62 87
63 71
63 78
63 105
63 115
65 102
66 73
66 78
66 89
66 97
66 111
66 112
67 69
67 70
67 87
67 100
68 80
68 106
68 109
69 100
70 85
70 90
74 81
74 111
75 91
75 94
75 101
75 107
75 109
76 84
76 101
78 80
79 119
81 82
81 89
81 104
81 113
82 91
86 103
86 110
88 108
89 111
89 119
90 106
90 116
91 92
92 97
92 117
95 97
96 108
97 102
103 104
103 107
105 107
115 119
