0 1
0 2
0 3
0 4
0 5
0 6
0 7
0 8
0 9
0 14
0 15
0 16
0 20
0 21
0 23
0 24
0 27
0 29
0 34
0 40
0 42
0 47
0 52
0 63
0 70
0 74
0 85
0 89
0 91
0 101
0 102
0 104
0 106
0 111
0 114
0 117
1 6
1 7
1 9
1 11
1 13
1 18
1 21
1 22
1 24
1 40
1 43
1 48
1 51
1 57
1 66
1 71
1 108
1 115
2 6
2 8
2 10
2 12
2 16
2 17
2 20
2 21
2 28
2 36
2 51
2 73
2 86
2 93
2 108
2 113
3 6
3 7
3 12
3 18
3 19
3 27
3 33
3 35
3 37
3 39
3 43
3 46
3 47
3 54
3 59
3 60
3 61
3 64
3 87
3 92
3 94
3 95
3 96
3 100
3 103
3 105
3 111
5 6
5 7
5 8
5 9
5 10
5 22
5 30
5 33
5 36
5 39
5 46
5 50
5 53
5 54
5 56
5 65
5 71
5 79
5 115
6 7
6 8
6 9
6 10
6 12
6 13
6 15
6 23
6 28
6 32
6 33
6 41
6 44
6 45
6 48
6 51
6 53
6 69
6 71
6 92
6 93
6 105
7 8
7 11
7 12
7 13
7 16
7 17
7 21
7 27
7 29
7 31
7 34
7 35
7 36
7 44
7 45
7 58
7 68
7 73
7 77
7 80
7 100
7 106
7 114
7 118
8 9
8 10
8 11
8 12
8 13
8 14
8 16
8 17
8 18
8 19
8 20
8 21
8 25
8 28
8 31
8 33
8 39
8 42
8 46
8 47
8 48
8 49
8 51
8 52
8 53
8 54
8 55
8 68
8 77
8 89
8 90
8 100
8 101
8 104
8 109
8 112
9 10
9 11
9 13
9 18
9 19
9 22
9 23
9 56
9 72
9 111
10 11
10 16
10 17
10 22
10 26
10 47
10 50
10 58
10 69
10 75
10 78
10 85
10 86
10 96
10 109
11 14
11 15
11 20
11 30
11 32
11 57
11 96
11 99
11 110
11 113
11 116
12 14
12 26
12 31
12 47
12 78
12 88
12 95
12 98
12 103
12 115
13 14
13 15
13 28
13 30
13 32
13 38
13 49
13 50
13 59
13 71
13 76
13 77
13 81
13 85
13 91
13 95
13 96
13 99
13 100
13 101
13 117
14 15
14 17
14 22
14 38
14 56
14 62
14 78
14 84
15 19
15 23
15 24
15 25
15 40
15 44
15 46
15 50
15 64
15 66
15 82
15 84
15 109
15 114
16 31
17 18
17 19
17 29
17 37
17 40
17 41
17 49
17 54
17 62
17 65
17 90
17 97
17 102
17 104
17 105
17 107
17 110
18 25
18 30
18 31
18 37
18 42
18 54
18 55
18 56
18 57
18 61
18 63
18 67
18 70
18 72
18 73
18 75
18 79
18 86
18 87
18 107
18 109
18 112
18 113
18 116
19 20
19 24
19 43
19 48
19 56
19 58
19 64
19 65
19 67
19 68
19 76
19 80
19 89
20 25
20 26
20 28
20 29
20 33
20 35
20 37
20 38
20 48
20 60
20 88
20 99
20 107
21 23
21 24
21 32
21 41
21 44
21 58
21 88
21 94
21 104
22 25
22 27
22 35
22 49
22 60
22 69
22 70
22 81
22 85
22 99
22 113
23 26
23 27
23 29
23 38
23 39
23 59
23 65
23 67
23 78
23 82
23 83
23 97
23 104
24 26
24 39
24 75
24 77
24 93
24 98
24 107
24 115
25 37
25 38
25 40
25 74
25 86
25 89
25 94
25 119
26 34
26 41
26 43
26 60
26 103
27 30
27 45
27 102
27 118
28 32
28 34
28 84
28 111
29 50
29 61
30 35
30 100
31 36
31 74
31 83
32 34
32 42
32 79
32 82
32 87
32 93
33 59
33 76
33 82
33 116
34 95
34 101
35 36
35 64
35 67
35 76
35 88
35 107
35 112
36 43
36 44
36 45
36 51
36 55
36 68
36 80
36 83
36 88
36 103
36 111
36 119
37 41
38 60
38 64
38 99
39 42
39 46
39 63
39 72
39 75
39 90
39 114
40 45
41 52
41 65
41 83
41 91
41 105
43 52
43 63
43 74
44 53
44 57
44 62
44 68
44 77
44 79
44 90
45 62
46 55
47 63
47 66
47 72
47 87
47 92
48 49
49 70
49 78
49 119
50 55
51 52
51 53
51 61
52 103
53 57
53 61
53 62
53 67
53 69
53 81
53 97
53 98
54 72
54 82
54 102
54 106
55 58
55 59
55 73
55 94
56 83
56 90
57 84
57 91
57 109
57 117
58 75
58 81
58 98
59 110
60 108
61 81
61 89
62 66
62 85
64 66
64 73
64 92
64 97
64 114
65 69
65 106
67 71
67 80
67 102
67 113
68 94
68 108
68 119
69 70
70 76
70 116
71 74
73 84
73 112
73 115
74 86
74 93
74 116
75 119
76 79
76 92
77 80
78 105
79 97
83 117
85 108
86 87
86 91
87 95
87 96
87 98
87 101
89 110
91 118
94 110
94 117
97 118
99 112
101 106
108 118
