0 1
0 2
0 3
0 4
0 5
0 6
0 8
0 10
0 11
0 12
0 14
0 15
0 16
0 17
0 21
0 22
0 25
0 28
0 35
0 37
0 38
0 44
0 54
0 55
0 56
0 57
0 62
0 63
0 65
0 67
0 71
0 76
0 77
0 79
0 82
0 85
0 89
0 98
0 105
0 109
0 114
0 117
1 6
1 13
1 16
1 18
1 21
1 27
1 30
1 34
1 45
1 54
1 65
1 72
1 84
1 97
2 7
2 8
2 9
2 10
2 11
2 12
2 19
2 27
2 32
2 34
2 48
2 50
2 62
2 68
2 69
2 75
2 81
2 91
2 101
3 6
3 7
3 8
3 23
3 61
3 91
4 6
4 7
4 62
5 6
5 7
5 8
5 9
5 14
5 15
5 22
5 26
5 29
5 30
5 48
5 53
5 60
5 63
5 73
5 79
5 84
5 113
5 116
6 7
6 9
6 10
6 11
6 12
6 13
6 15
6 17
6 19
6 21
6 22
6 23
6 27
6 28
6 31
6 32
6 33
6 49
6 60
6 70
6 74
6 76
6 85
6 87
6 92
6 98
6 102
6 109
6 116
7 8
7 9
7 10
7 12
7 13
7 15
7 20
7 23
7 28
7 30
7 37
7 41
7 45
7 47
7 50
7 51
7 54
7 61
7 67
7 73
7 74
7 76
7 79
7 81
7 85
7 100
7 101
7 105
7 106
8 9
8 12
8 17
8 18
8 22
8 25
8 31
8 32
8 33
8 36
8 39
8 42
8 43
8 64
8 68
8 88
8 90
8 99
8 118
8 119
9 10
9 11
9 13
9 14
9 16
9 18
9 19
9 26
9 30
9 32
9 46
9 51
9 55
9 56
9 59
9 61
9 69
9 72
9 73
9 74
9 78
9 80
9 96
9 101
9 116
10 11
10 13
10 16
10 17
10 20
10 21
10 22
10 23
10 24
10 26
10 29
10 35
10 41
10 42
10 44
10 46
10 51
10 52
10 60
10 66
10 71
10 83
10 98
10 107
10 109
10 115
11 14
11 15
11 16
11 17
11 19
11 20
11 21
11 25
11 31
11 35
11 37
11 38
11 41
11 43
11 45
11 46
11 47
11 50
11 52
11 53
11 55
11 57
11 69
11 71
11 72
11 78
11 84
11 88
11 90
11 91
11 93
11 97
11 108
11 117
12 20
12 39
12 41
12 92
12 105
13 14
13 19
13 24
13 28
13 31
13 36
13 43
13 44
13 47
13 48
13 57
13 61
13 75
13 77
13 90
13 118
14 18
14 24
14 25
14 26
14 36
14 40
14 42
14 52
14 58
14 60
14 69
14 70
14 80
14 95
15 20
15 23
15 25
15 52
15 108
16 18
16 24
16 32
16 36
16 38
16 39
16 51
16 56
16 57
16 62
16 78
16 95
16 96
16 113
16 114
16 119
17 26
17 33
17 43
17 46
17 56
17 72
17 93
17 99
18 31
18 34
18 36
18 47
18 51
18 53
18 92
18 106
18 107
18 110
18 111
19 24
19 27
19 30
19 42
19 67
19 82
19 102
20 34
20 48
20 66
20 67
20 82
20 86
20 88
20 115
21 29
21 46
21 64
21 69
21 84
21 115
22 28
22 74
22 83
22 114
23 27
23 29
23 33
23 34
23 37
23 44
23 45
23 58
23 59
23 65
23 93
23 96
23 111
24 49
24 54
24 63
24 65
24 68
24 77
24 91
24 103
25 29
25 40
25 48
25 94
25 110
25 115
26 40
26 71
26 80
26 82
26 99
26 100
26 105
26 107
26 114
27 40
27 43
27 76
27 89
28 35
28 38
28 93
28 104
28 110
29 33
29 52
29 64
29 65
29 78
29 103
29 104
29 112
30 41
30 49
30 50
30 85
30 92
30 99
31 49
31 53
31 66
31 94
32 38
32 39
32 47
32 56
32 58
32 59
32 68
32 75
32 80
32 89
32 100
32 117
33 35
33 39
33 40
33 45
34 53
34 57
34 86
34 90
34 98
35 90
35 98
35 117
36 37
36 63
36 64
36 97
37 113
38 59
38 60
38 109
38 112
38 114
39 104
39 118
40 49
40 55
40 70
41 42
41 55
41 74
42 44
42 61
42 72
42 76
42 79
42 86
42 100
42 108
42 111
43 62
43 66
43 78
43 81
43 92
44 70
44 84
45 67
45 82
45 103
46 50
46 79
46 94
46 100
46 119
47 58
47 63
47 73
47 81
47 86
47 87
47 89
47 111
49 70
49 87
49 94
49 107
50 99
51 58
51 95
51 102
51 104
52 77
53 54
53 68
53 116
54 59
54 73
54 93
55 77
55 97
57 64
59 113
60 88
61 71
61 103
62 66
64 75
64 87
66 83
66 96
67 95
68 80
68 81
68 112
69 75
69 101
70 91
70 94
70 102
70 110
71 96
71 116
72 85
72 106
73 111
75 106
76 109
77 86
77 113
78 88
78 103
78 105
78 106
80 83
81 83
81 110
81 118
83 87
83 97
83 101
87 108
88 89
88 95
90 104
91 102
92 112
94 115
95 117
96 108
96 112
99 119
101 119
103 107
115 118
