0 1
0 2
0 3
0 4
0 5
0 6
0 7
0 8
0 9
0 10
0 11
0 12
0 13
0 18
0 20
0 21
0 26
0 28
0 30
0 33
0 40
0 44
0 57
0 64
0 68
0 85
0 95
0 113
1 7
1 13
1 16
1 27
1 52
2 6
2 7
2 18
2 25
2 74
2 75
2 77
2 86
2 89
2 94
2 103
3 6
3 8
3 9
3 10
3 11
3 12
3 13
3 14
3 19
3 25
3 30
3 36
3 41
3 42
3 56
3 63
3 66
3 67
3 70
3 92
3 94
3 100
3 101
3 118
4 6
4 7
4 9
4 16
4 21
4 23
4 24
4 37
4 45
4 55
4 60
4 83
4 86
5 6
5 8
5 11
5 13
5 14
5 19
5 22
5 24
5 29
5 62
5 67
5 73
5 76
5 103
5 118
6 7
6 8
6 9
6 10
6 11
6 12
6 15
6 16
6 19
6 22
6 25
6 26
6 31
6 33
6 34
6 35
6 38
6 39
6 40
6 41
6 42
6 51
6 53
6 57
6 64
6 69
6 82
6 83
6 96
6 108
6 109
6 110
7 8
7 9
7 10
7 11
7 12
7 14
7 15
7 18
7 20
7 22
7 27
7 31
7 34
7 35
7 36
7 38
7 44
7 51
7 60
7 62
7 63
7 70
7 74
7 83
7 86
7 88
7 97
7 99
7 102
7 117
8 24
8 27
8 32
8 44
8 57
8 68
8 107
9 10
9 12
9 14
9 15
9 16
9 17
9 18
9 19
9 20
9 23
9 25
9 31
9 33
9 34
9 39
9 42
9 51
9 52
9 58
9 59
9 65
9 84
9 93
9 99
9 117
10 14
10 16
10 17
10 32
10 42
10 49
10 87
10 101
10 105
10 106
10 108
11 13
11 26
11 36
11 39
11 46
11 47
11 53
11 63
11 66
11 67
11 79
11 84
11 99
11 113
11 119
12 15
12 17
12 20
12 21
12 23
12 27
12 32
12 40
12 43
12 48
12 50
12 54
12 60
12 65
12 73
12 80
12 84
12 85
12 95
12 96
12 98
12 104
13 23
13 25
13 32
13 33
13 42
13 47
13 50
13 58
13 83
13 89
13 90
14 15
14 17
14 28
14 29
14 74
14 75
14 89
14 100
14 102
15 18
15 20
15 22
15 23
15 29
15 30
15 37
15 41
15 44
15 54
15 64
15 69
15 71
15 80
15 86
15 87
15 92
15 117
16 17
16 27
16 28
16 31
16 35
16 39
16 40
16 41
16 43
16 46
16 47
16 58
16 75
16 81
16 93
16 107
16 116
17 19
17 24
17 49
17 56
17 57
17 61
17 78
17 90
17 98
17 105
17 107
17 111
18 21
18 24
18 32
18 35
18 43
18 48
18 52
18 54
18 62
18 63
18 73
18 81
18 89
18 98
18 115
19 22
19 48
19 119
20 21
20 30
20 56
20 118
21 28
21 30
21 44
21 55
21 64
21 79
21 80
21 84
21 104
21 108
21 110
22 52
23 26
23 31
23 45
23 59
23 63
23 66
23 97
24 29
24 34
24 36
24 37
24 66
24 74
24 85
24 94
24 105
24 108
24 115
25 26
25 28
25 49
25 50
25 100
25 104
25 106
25 107
26 29
26 37
26 46
26 56
26 71
26 76
26 93
26 94
26 97
26 113
27 34
27 46
27 47
27 54
27 71
27 72
27 76
27 88
27 90
27 103
27 114
27 117
28 33
28 35
28 36
28 46
28 49
28 61
28 66
28 72
28 79
28 81
28 107
29 53
29 106
30 38
30 45
30 49
30 55
30 72
30 106
30 112
31 39
31 40
31 48
31 80
31 85
31 104
31 106
31 114
31 118
32 45
32 64
32 72
32 75
32 77
32 99
32 116
33 38
33 48
33 68
33 117
34 43
34 45
34 47
34 50
34 55
34 60
34 73
34 81
34 82
35 38
35 41
35 51
35 54
35 65
35 70
35 72
35 82
35 91
35 95
36 37
36 62
36 69
36 79
36 82
36 91
36 100
36 116
36 119
37 65
37 90
37 95
37 100
38 102
39 50
39 53
39 61
39 69
39 71
39 88
39 99
39 116
40 43
40 52
40 55
40 58
40 61
40 76
40 102
40 110
40 111
40 113
41 58
41 61
41 80
41 81
41 90
41 97
42 51
42 93
42 112
44 97
44 101
45 59
45 84
45 96
45 112
46 71
46 94
47 65
47 68
47 77
47 83
47 91
48 53
49 75
49 87
49 88
49 114
50 59
50 92
50 96
51 79
52 103
53 59
53 67
53 76
53 91
53 93
53 96
54 101
54 103
54 111
55 56
55 57
55 60
55 62
55 87
55 116
56 74
56 112
57 73
57 82
57 89
58 110
59 78
60 70
62 109
62 114
64 86
65 67
65 70
65 110
65 112
66 113
67 68
67 77
68 69
68 78
71 78
71 111
74 77
74 98
74 105
75 98
77 78
80 85
80 92
80 95
80 109
81 87
81 92
81 108
83 91
86 88
87 115
90 105
90 109
90 118
93 119
95 119
96 102
97 101
98 104
98 109
98 114
107 115
108 111
113 115
