0 1
0 2
0 3
0 4
0 5
0 6
0 7
0 10
0 12
0 13
0 16
0 20
0 22
0 24
0 26
0 34
0 43
0 45
0 46
0 59
0 63
0 65
0 69
0 71
0 76
0 93
0 97
0 108
0 110
0 116
1 6
1 7
1 8
1 11
1 17
1 18
1 21
1 23
1 53
1 69
1 72
1 79
1 82
2 6
2 7
2 8
2 9
2 11
2 12
2 31
2 32
2 35
2 37
2 43
2 47
2 65
2 76
2 88
2 97
2 101
2 102
2 103
3 9
3 16
3 22
3 27
3 29
3 44
3 52
3 55
3 60
3 65
3 71
3 84
3 95
4 6
4 7
4 9
4 12
4 13
4 15
4 18
4 25
4 27
4 42
4 52
4 62
4 80
4 82
4 85
4 89
4 110
5 6
5 8
5 13
5 21
5 23
5 24
5 28
5 29
5 30
5 32
5 37
5 41
5 44
5 47
5 56
5 59
5 87
5 105
5 107
5 111
5 112
5 114
5 117
6 7
6 8
6 10
6 11
6 14
6 15
6 19
6 26
6 30
6 31
6 32
6 33
6 39
6 40
6 45
6 50
6 51
6 63
6 66
6 68
6 73
6 78
6 81
6 99
6 100
6 109
6 111
7 8
7 9
7 10
7 11
7 15
7 17
7 18
7 19
7 22
7 24
7 36
7 44
7 78
7 81
7 89
7 95
7 99
7 102
7 104
7 112
8 9
8 10
8 11
8 14
8 19
8 27
8 30
8 33
8 54
8 57
8 58
8 64
8 88
8 92
8 108
9 10
9 12
9 14
9 15
9 16
9 17
9 20
9 22
9 23
9 27
9 28
9 30
9 35
9 41
9 43
9 44
9 45
9 52
9 55
9 57
9 62
9 64
9 65
9 73
9 74
9 77
9 82
9 83
9 84
9 89
9 94
9 96
9 104
9 106
10 13
10 39
10 100
10 114
11 12
11 14
11 16
11 21
11 29
11 31
11 37
11 39
11 52
11 72
11 81
11 87
11 88
11 90
11 97
11 109
11 110
11 111
11 113
12 13
12 14
12 15
12 16
12 19
12 20
12 21
12 24
12 36
12 37
12 38
12 44
12 46
12 48
12 49
12 51
12 56
12 60
12 64
12 69
12 72
12 94
12 96
12 98
13 17
13 18
13 20
13 28
13 35
13 42
13 63
13 66
13 83
13 92
13 115
14 17
14 19
14 23
14 25
14 26
14 28
14 33
14 49
14 50
14 57
14 74
14 79
14 84
14 85
14 103
14 106
14 110
14 111
15 21
15 33
15 34
15 42
15 53
15 63
15 119
16 18
16 29
16 80
16 103
17 23
17 25
17 26
17 28
17 35
17 40
17 45
17 50
17 51
17 100
18 20
18 37
18 41
18 43
18 50
18 54
18 58
18 70
18 80
18 89
18 99
18 102
19 24
19 43
19 46
19 77
19 78
20 22
20 34
20 36
20 38
20 70
20 77
20 91
20 93
20 95
20 96
20 98
20 112
20 117
21 25
21 36
21 38
21 49
21 54
21 56
21 67
21 68
21 86
21 93
21 98
21 118
22 25
22 34
22 42
22 45
22 48
22 63
22 71
22 75
22 84
22 92
22 93
22 101
23 53
23 75
23 102
23 107
24 31
24 41
24 56
24 87
24 113
25 26
25 27
25 30
25 32
25 33
25 35
25 38
25 39
25 40
25 41
25 69
25 71
25 79
25 86
25 91
25 116
26 32
26 48
26 66
26 77
26 81
26 82
26 86
26 118
27 55
27 57
27 59
27 61
27 62
27 74
27 88
27 109
28 29
28 31
28 47
28 80
28 101
29 34
29 36
29 55
29 61
29 92
29 109
29 112
29 119
30 46
30 78
30 94
30 100
31 85
33 40
33 46
33 51
33 68
33 83
33 85
33 97
34 39
34 48
34 53
34 74
34 87
34 88
34 106
35 42
35 47
35 58
35 96
35 101
35 104
35 113
36 60
36 64
36 67
36 68
36 73
36 90
36 114
36 119
37 38
37 47
37 58
37 61
37 67
37 70
37 79
37 81
38 67
38 91
38 110
39 40
39 51
39 52
39 59
39 70
39 76
39 90
40 54
40 73
41 72
41 117
42 55
42 59
42 67
42 76
42 93
42 105
43 49
43 83
43 115
43 118
43 119
44 48
44 54
44 62
44 64
44 68
44 84
44 105
45 66
45 74
45 75
47 60
47 71
47 104
47 108
48 49
48 50
48 53
48 87
48 103
49 79
49 91
49 111
50 75
51 57
51 61
51 73
51 90
51 118
53 56
53 78
53 100
53 115
54 60
54 66
55 61
55 65
55 86
55 98
55 99
56 58
56 75
56 76
56 77
56 116
57 62
58 86
59 69
59 95
60 85
60 107
61 112
62 80
62 90
62 101
62 108
63 94
64 70
64 108
65 89
66 83
69 102
70 72
70 95
72 94
72 105
72 114
73 82
73 96
73 107
74 91
75 99
81 97
83 117
84 92
86 98
86 105
86 113
86 118
87 103
87 116
87 117
88 106
89 104
89 113
96 115
99 107
103 106
104 109
107 119
109 114
112 116
113 115
