0 1
0 2
0 3
0 4
0 5
0 6
0 7
0 9
0 10
0 13
0 14
0 15
0 17
0 21
0 22
0 25
0 27
0 39
0 40
0 41
0 42
0 44
0 49
0 50
0 51
0 53
0 54
0 64
0 65
0 77
0 86
1 6
1 16
1 17
1 25
1 28
1 40
1 45
1 52
1 65
1 89
1 92
1 95
1 116
2 6
2 7
2 8
2 13
2 14
2 15
2 16
2 21
2 23
2 29
2 33
2 52
2 58
2 67
2 73
2 74
2 75
2 78
2 81
2 84
2 87
2 107
2 119
3 8
3 9
3 10
3 11
3 12
3 13
3 15
3 66
3 67
3 71
3 74
3 98
4 6
4 7
4 8
4 11
4 16
4 19
4 20
4 26
4 32
4 35
4 37
4 41
4 45
4 58
4 70
4 78
4 100
5 6
5 7
5 9
5 10
5 11
5 12
5 18
5 20
5 22
5 23
5 25
5 26
5 28
5 31
5 37
5 38
5 40
5 42
5 44
5 49
5 50
5 51
5 52
5 60
5 61
5 65
5 77
5 100
5 101
5 103
5 109
6 7
6 8
6 9
6 10
6 11
6 13
6 15
6 16
6 17
6 18
6 19
6 21
6 23
6 24
6 31
6 33
6 47
6 56
6 57
6 66
6 75
6 82
6 84
6 85
6 88
6 90
6 97
6 102
6 107
6 111
6 112
7 8
7 9
7 10
7 14
7 16
7 17
7 18
7 22
7 29
7 30
7 32
7 33
7 34
7 36
7 37
7 57
7 58
7 60
7 64
7 72
7 77
7 78
7 79
7 80
7 86
7 94
7 98
7 105
7 107
7 108
7 109
7 116
7 118
8 11
8 12
8 15
8 23
8 25
8 27
8 30
8 33
8 47
8 49
8 62
8 79
8 87
8 91
8 96
8 105
9 14
9 17
9 20
9 24
9 34
9 51
9 54
9 68
9 83
9 106
9 114
10 12
10 19
10 26
10 28
10 30
10 31
10 34
10 36
10 37
10 40
10 43
10 44
10 45
10 50
10 53
10 56
10 63
10 64
10 73
10 76
10 78
10 80
10 86
10 88
10 91
10 92
10 96
10 100
10 102
10 104
11 12
11 14
11 19
11 20
11 24
11 29
11 32
11 34
11 35
11 48
11 52
11 55
11 66
11 69
11 70
11 71
11 73
11 75
11 92
11 99
11 103
11 105
11 110
11 117
11 119
12 13
12 27
12 38
12 60
12 62
12 79
12 85
12 90
12 108
12 113
13 19
13 21
13 24
13 55
13 83
13 103
14 18
14 22
14 26
14 43
14 45
14 46
14 51
14 54
14 61
14 63
14 69
14 78
14 86
14 92
14 103
14 111
15 27
15 36
15 40
15 43
15 45
15 82
15 83
15 87
15 101
15 107
15 115
15 117
16 21
16 28
16 31
16 37
16 41
16 52
16 69
16 114
17 18
17 26
17 32
17 46
17 59
17 70
17 95
17 101
17 102
18 20
18 22
18 25
18 35
18 41
18 46
18 58
18 61
18 76
18 83
18 119
19 28
19 30
19 39
19 43
19 50
19 66
19 75
19 93
19 96
19 109
20 24
20 27
20 33
20 72
20 84
20 92
21 23
21 34
21 38
21 44
21 48
21 95
21 115
22 32
22 35
22 38
22 48
22 59
22 67
22 91
22 94
22 97
23 35
23 36
23 38
23 46
23 53
23 55
23 56
23 113
24 29
24 69
24 111
24 117
25 31
25 42
25 56
25 77
26 30
26 47
26 53
26 64
26 70
26 95
26 97
26 106
27 29
27 51
27 105
28 67
29 57
29 71
29 89
29 96
29 101
30 41
30 43
30 44
30 48
30 104
30 112
30 116
31 61
31 83
31 103
31 110
32 39
32 42
32 46
32 61
32 86
32 88
32 113
33 49
33 89
33 93
33 111
33 115
33 118
34 47
34 49
34 72
34 79
34 94
35 36
35 39
35 55
35 57
35 60
35 71
35 73
35 117
36 39
36 59
36 66
36 74
36 81
36 102
36 110
37 94
38 56
38 59
38 74
38 95
39 47
39 62
39 64
39 65
40 42
40 50
40 70
40 104
41 71
41 75
41 81
41 108
42 55
42 63
42 68
42 85
42 98
42 106
42 108
43 119
44 53
44 84
44 93
44 96
44 114
45 62
45 68
45 76
45 90
45 113
46 48
46 68
46 80
46 93
46 98
46 109
47 58
47 60
47 65
47 72
47 82
47 87
47 91
47 107
47 114
48 63
48 101
49 54
49 57
49 59
49 79
49 82
49 93
49 100
50 54
50 67
50 99
50 106
51 90
51 104
53 63
53 74
53 76
53 97
54 85
54 111
55 81
56 68
57 69
57 108
58 72
58 80
58 84
59 62
59 81
59 87
59 97
59 102
59 117
60 118
61 77
62 94
62 115
65 115
66 76
66 104
67 80
67 109
67 118
68 73
68 116
69 85
69 89
72 106
72 112
73 99
73 105
74 91
75 89
77 88
77 100
78 112
81 82
81 112
84 88
84 99
87 90
88 98
88 99
88 113
93 114
100 118
102 119
104 110
106 110
110 116
