0 1
0 2
0 3
0 4
0 5
0 6
0 7
0 8
0 9
0 10
0 11
0 12
0 14
0 15
0 16
0 17
0 22
0 26
0 27
0 28
0 29
0 30
0 31
0 34
0 35
0 36
0 39
0 41
0 43
0 44
0 45
0 47
0 49
0 54
0 55
0 62
0 68
0 69
0 80
0 87
0 88
0 90
0 92
0 94
0 97
0 103
0 104
0 110
0 114
0 119
1 6
1 7
1 9
1 10
1 11
1 12
1 16
1 19
1 20
1 21
1 23
1 26
1 32
1 42
1 44
1 50
1 62
1 65
1 105
1 107
1 109
1 115
1 116
2 6
2 7
2 8
2 9
2 15
2 18
2 19
2 21
2 22
2 31
2 61
2 74
2 77
2 80
2 103
2 112
3 7
3 10
3 11
3 25
3 76
3 89
3 99
3 100
3 105
4 6
4 8
4 13
4 15
4 16
4 20
4 27
4 35
4 43
5 6
5 17
5 50
5 53
5 85
6 7
6 8
6 9
6 11
6 12
6 13
6 14
6 15
6 16
6 18
6 19
6 21
6 23
6 25
6 29
6 31
6 32
6 34
6 36
6 40
6 44
6 47
6 48
6 49
6 59
6 65
6 67
6 69
6 73
6 81
6 88
6 91
6 95
6 97
6 101
6 106
6 111
6 117
6 118
7 8
7 9
7 10
7 11
7 12
7 13
7 18
7 24
7 26
7 28
7 30
7 33
7 34
7 38
7 40
7 46
7 55
7 64
7 70
7 82
7 97
7 106
7 118
8 17
8 19
8 21
8 22
8 23
8 27
8 31
8 38
8 49
8 54
8 58
8 70
8 72
8 86
8 104
8 114
9 10
9 20
9 24
9 28
9 36
9 39
9 43
9 46
9 48
9 54
9 68
9 71
9 74
9 77
9 84
9 100
9 101
9 102
9 105
9 115
10 12
10 13
10 14
10 16
10 17
10 22
10 25
10 31
10 32
10 36
10 38
10 42
10 45
10 52
10 53
10 56
10 57
10 58
10 60
10 63
10 67
10 74
10 78
10 79
10 86
10 91
10 93
10 104
10 105
10 112
11 18
11 24
11 28
11 40
11 43
11 50
11 100
11 118
12 13
12 14
12 25
12 26
12 32
12 34
12 37
12 63
12 64
12 75
13 14
13 15
13 17
13 19
13 20
13 29
13 55
13 56
13 87
13 98
13 118
14 20
14 23
14 24
14 29
14 33
14 76
14 95
14 96
14 99
14 107
15 18
15 23
15 33
15 35
15 36
15 61
15 64
15 72
15 75
15 90
15 91
15 96
15 102
15 112
16 22
16 26
16 27
16 30
16 37
16 42
16 43
16 61
16 66
16 71
16 81
16 101
16 109
16 110
16 111
17 30
17 48
17 51
17 83
17 92
18 24
18 28
18 35
18 37
18 42
18 44
18 52
18 56
18 58
18 62
18 66
18 86
18 100
18 108
18 116
19 54
19 90
19 110
20 21
20 27
20 30
20 33
20 35
20 39
20 40
20 41
20 46
20 47
20 60
20 64
20 65
20 76
20 80
20 86
20 91
20 94
20 99
20 108
20 116
21 25
21 46
21 83
21 85
21 92
22 39
22 51
22 52
22 62
22 72
22 76
22 88
22 89
22 109
23 106
24 32
24 33
24 45
24 50
24 55
24 65
24 77
24 78
24 79
24 86
24 96
24 106
25 37
25 38
25 46
25 56
25 66
25 113
26 59
26 80
26 85
27 37
27 38
27 45
27 68
27 98
27 113
28 29
28 78
28 91
29 50
29 82
30 34
30 40
30 67
31 45
31 49
31 70
31 74
31 93
31 99
32 56
32 58
32 69
32 90
32 97
32 98
32 111
33 53
33 64
33 71
33 82
33 89
33 90
33 93
33 119
34 41
34 48
34 60
35 39
35 51
35 62
35 63
35 73
35 87
35 88
35 92
36 57
36 59
36 79
36 110
36 115
37 47
37 69
37 75
37 82
37 102
37 109
38 41
38 48
38 98
38 101
38 102
39 41
39 44
39 57
39 58
39 81
39 114
40 42
40 55
40 57
40 92
41 49
41 52
41 89
41 112
42 57
43 52
44 51
44 84
44 94
44 103
46 47
46 59
46 60
46 67
46 78
46 99
47 51
47 54
47 59
47 73
47 75
47 77
47 79
47 83
47 85
47 109
47 111
48 53
48 70
48 71
48 117
49 76
49 89
49 93
49 105
50 98
51 53
51 72
51 74
51 75
51 80
51 83
51 114
52 63
52 65
52 95
52 102
52 112
52 116
53 61
53 68
54 73
54 95
54 104
57 60
57 84
57 95
58 61
58 63
58 71
59 77
59 117
60 66
60 81
60 94
60 107
60 117
63 66
63 68
63 69
63 83
63 96
63 103
65 70
65 111
66 67
66 72
66 85
66 101
68 78
69 73
69 81
69 97
70 108
70 119
71 82
71 115
71 117
72 104
73 94
74 88
74 113
75 84
76 119
78 79
78 96
78 100
80 87
81 84
83 93
84 110
85 87
87 106
87 119
88 108
91 113
92 103
92 115
94 107
97 118
104 114
105 108
106 107
107 116
108 113
