0 1
0 2
0 3
0 4
0 5
0 6
0 7
0 8
0 9
0 10
0 11
0 12
0 13
0 14
0 15
0 16
0 17
0 18
0 19
0 22
0 26
0 27
0 28
0 29
0 31
0 34
0 36
0 43
0 44
0 45
0 49
0 51
0 53
0 56
0 58
0 60
0 65
0 68
0 69
0 71
0 76
0 77
0 81
0 88
0 90
0 92
0 94
0 95
0 98
0 101
0 102
0 103
0 105
0 106
0 107
0 110
0 114
1 6
1 7
1 9
1 12
1 16
1 19
1 27
1 31
1 38
1 40
1 41
1 44
1 52
1 58
1 67
1 82
1 89
1 101
1 105
1 119
2 7
2 12
2 44
3 6
3 9
3 10
3 16
3 18
3 19
3 20
3 21
3 22
3 25
3 32
3 38
3 43
3 44
3 46
3 47
3 52
3 62
3 77
3 84
3 88
3 108
3 117
4 6
4 7
4 8
4 9
4 21
4 25
4 28
4 39
4 42
4 45
4 47
4 49
4 59
4 82
4 87
5 6
5 8
5 9
5 11
5 14
5 16
5 17
5 18
5 20
5 24
5 27
5 28
5 31
5 43
5 48
5 54
5 55
5 56
5 90
5 93
5 115
6 7
6 8
6 10
6 11
6 12
6 13
6 18
6 22
6 24
6 26
6 33
6 49
6 51
6 70
6 81
6 88
6 100
6 104
7 8
7 10
7 11
7 12
7 13
7 14
7 17
7 19
7 21
7 28
7 29
7 33
7 40
7 59
7 61
7 65
7 73
7 91
7 102
7 111
8 10
8 11
8 13
8 19
8 27
8 34
8 39
8 51
8 55
8 70
8 84
8 91
8 97
8 115
9 14
9 15
9 17
9 20
9 22
9 24
9 25
9 28
9 32
9 34
9 37
9 38
9 39
9 42
9 43
9 46
9 50
9 54
9 59
9 67
9 68
9 72
9 74
9 78
9 79
9 80
9 81
9 84
9 85
9 95
9 102
9 106
9 113
10 21
10 29
10 30
10 32
10 48
10 49
10 63
10 78
10 100
10 102
11 13
11 14
11 15
11 16
11 21
11 25
11 30
11 35
11 39
11 57
11 63
11 64
11 75
11 83
11 89
11 95
11 97
11 106
12 15
12 18
12 20
12 26
12 27
12 32
12 34
12 38
12 50
12 55
12 64
12 66
12 79
12 80
12 83
12 90
12 96
12 99
12 109
13 23
13 26
13 36
13 49
13 52
13 55
13 57
13 65
13 69
13 71
13 81
13 106
13 109
13 110
14 15
14 22
14 33
14 35
14 37
14 51
14 62
14 63
14 64
14 67
14 69
14 70
14 80
14 83
15 23
15 29
15 30
15 36
15 37
15 53
15 55
15 67
15 70
15 87
15 91
15 97
15 98
16 17
16 20
16 35
16 56
16 57
16 85
16 93
17 24
17 32
17 52
17 66
17 79
17 110
18 23
18 41
18 60
19 26
19 40
19 48
19 53
19 64
19 74
19 94
19 108
19 112
19 117
20 23
20 24
20 29
20 30
20 31
20 33
20 38
20 45
20 53
20 58
20 62
20 68
20 72
20 75
20 79
20 82
20 91
20 100
20 107
20 109
20 111
20 119
21 35
21 50
21 81
22 23
22 62
22 69
22 71
23 31
23 41
23 42
23 48
23 104
24 25
24 54
24 62
24 75
24 95
24 116
25 40
25 72
25 83
25 98
25 101
25 118
26 46
26 61
26 71
26 85
26 103
26 119
27 30
27 35
27 36
27 54
27 66
27 68
27 75
27 78
27 82
28 33
28 36
28 77
28 86
29 40
29 82
30 34
30 41
30 53
30 56
30 76
30 92
30 115
30 117
31 67
31 78
31 87
31 100
31 112
31 118
32 59
32 117
33 37
33 39
33 42
33 52
33 60
33 63
33 78
33 85
34 61
34 84
34 92
35 37
35 41
35 44
35 46
35 79
35 84
35 86
35 113
36 45
36 46
36 87
36 93
36 101
37 43
37 50
37 77
37 113
38 51
39 42
39 73
39 98
39 105
39 116
40 45
40 47
40 60
40 71
40 76
40 87
40 104
40 107
40 116
41 61
41 96
41 103
41 109
42 58
43 48
43 66
44 47
44 56
44 64
44 73
45 47
45 50
45 60
45 66
45 76
45 94
46 85
46 89
46 103
46 118
47 57
47 59
47 65
47 99
47 110
48 61
48 68
48 92
48 106
48 116
49 72
49 88
50 77
50 86
51 73
51 86
51 91
52 54
52 63
53 57
53 70
53 93
53 94
54 58
54 74
55 90
55 96
57 74
57 92
57 95
57 97
57 113
58 99
59 65
60 73
60 74
61 69
61 76
61 105
61 113
62 102
62 112
63 75
63 89
63 96
63 108
64 80
64 96
64 100
64 104
64 112
65 80
65 114
66 99
66 108
67 104
68 93
68 111
69 72
69 89
70 97
70 105
74 83
74 88
74 94
74 114
76 112
76 119
77 101
77 107
78 99
79 111
81 111
84 109
84 115
84 119
85 86
87 90
94 98
95 118
97 110
99 107
100 116
100 117
101 103
103 118
107 108
108 115
112 114
113 114
