0 1
0 2
0 3
0 4
0 5
0 6
0 7
0 9
0 11
0 12
0 13
0 14
0 18
0 20
0 21
0 24
0 26
0 27
0 29
0 34
0 39
0 44
0 46
0 48
0 49
0 58
0 60
0 67
0 70
0 75
0 78
0 83
0 92
0 99
0 104
0 108
0 112
0 115
1 6
1 8
1 12
1 25
1 32
1 42
1 55
1 57
1 76
1 86
2 13
2 14
2 34
2 37
2 41
2 58
2 69
2 70
2 73
2 77
2 82
2 84
2 85
2 98
2 101
2 105
2 111
2 119
3 6
3 7
3 8
3 10
3 19
3 20
3 24
3 26
3 48
3 52
3 55
3 65
3 108
3 109
3 114
4 6
4 7
4 8
4 9
4 10
4 11
4 12
4 13
4 15
4 20
4 21
4 25
4 26
4 29
4 39
4 57
4 98
4 111
5 6
5 7
5 9
5 10
5 14
5 15
5 19
5 25
5 28
5 30
5 31
5 32
5 33
5 34
5 37
5 38
5 41
5 53
5 55
5 56
5 58
5 61
5 66
5 72
5 77
5 81
5 93
5 102
5 103
5 104
5 118
6 7
6 8
6 9
6 10
6 17
6 19
6 20
6 25
6 28
6 32
6 35
6 37
6 42
6 43
6 48
6 49
6 51
6 52
6 62
6 65
6 66
6 82
6 91
6 93
6 100
6 104
6 108
6 115
7 8
7 11
7 16
7 18
7 30
7 46
7 50
7 73
7 79
7 110
8 9
8 11
8 12
8 13
8 14
8 15
8 16
8 17
8 18
8 19
8 20
8 21
8 23
8 30
8 45
8 47
8 63
8 64
8 68
8 70
8 71
8 74
8 88
8 89
8 91
8 92
8 95
8 96
8 97
8 106
8 107
8 110
8 115
8 118
9 10
9 11
9 16
9 40
9 45
9 51
9 65
9 71
9 76
9 82
9 100
9 110
9 111
9 119
10 15
10 17
10 18
10 22
10 24
10 27
10 28
10 31
10 35
10 36
10 39
10 46
10 50
10 69
10 71
10 73
10 85
10 88
10 89
10 94
10 100
10 105
11 12
11 30
11 51
11 55
11 59
11 69
11 72
11 79
11 94
11 96
11 101
11 111
12 13
12 16
12 17
12 19
12 27
12 29
12 33
12 40
12 41
12 72
12 90
12 92
13 14
13 15
13 16
13 22
13 23
13 33
13 34
13 35
13 38
13 41
13 47
13 60
13 61
13 80
13 106
14 21
14 35
14 45
14 72
15 18
15 24
15 26
15 29
15 31
15 36
15 47
15 49
15 52
15 63
15 65
15 68
15 77
15 79
15 87
15 96
15 99
15 104
15 117
16 17
16 22
16 24
16 27
16 36
16 46
16 53
16 61
16 63
16 76
16 86
16 90
17 40
17 42
17 43
17 62
17 106
17 109
18 22
18 25
18 27
18 44
18 50
18 95
18 96
18 99
18 102
19 36
19 67
19 68
19 70
19 83
19 84
19 89
20 21
20 23
20 28
20 31
20 43
20 45
20 51
20 54
20 60
20 66
20 67
20 73
20 80
20 92
21 22
21 23
21 36
21 74
21 84
21 97
21 109
22 23
22 26
22 29
22 39
22 44
22 56
22 61
22 65
22 67
22 70
22 82
22 83
22 102
22 103
22 106
23 30
23 62
23 101
24 32
24 75
25 31
25 33
25 44
25 48
25 54
25 56
25 63
25 75
25 76
25 83
25 87
25 114
26 59
27 28
27 38
27 40
27 45
27 64
27 71
27 117
28 34
28 35
28 44
28 48
28 56
28 82
28 90
28 100
28 103
28 118
29 32
29 37
29 38
29 39
29 40
29 43
29 54
29 73
29 78
29 84
29 106
29 112
30 33
30 42
30 57
30 75
30 80
30 81
30 93
31 37
31 43
31 47
31 76
31 105
32 38
32 53
32 69
32 78
32 86
32 104
33 52
33 60
33 86
34 47
35 42
35 58
35 97
35 113
35 117
36 41
36 52
36 67
37 49
37 53
37 57
37 95
38 54
38 59
38 69
38 119
39 49
39 87
39 109
39 114
40 51
40 74
40 85
41 64
41 118
42 46
42 60
42 62
42 63
42 68
42 88
42 91
42 107
44 86
44 103
45 102
46 81
47 50
47 55
47 59
47 74
48 74
48 79
48 80
48 107
48 117
49 50
49 59
49 93
51 53
51 57
51 89
51 90
51 114
52 90
52 94
53 54
53 56
53 66
53 91
54 58
54 62
54 78
54 105
54 116
55 89
55 107
56 80
56 85
56 92
57 85
58 61
58 64
58 66
58 116
60 101
61 68
62 64
62 75
62 78
62 107
62 111
63 93
64 71
64 84
64 110
64 112
66 72
66 88
67 81
67 96
67 115
67 117
68 102
68 113
69 91
69 94
69 119
70 77
71 115
72 83
74 77
74 100
76 94
76 95
76 99
76 103
76 113
76 114
76 116
77 98
77 112
78 79
78 87
78 110
79 81
79 95
79 113
80 98
81 87
81 113
85 88
85 99
85 119
86 101
88 112
91 97
93 97
96 98
96 118
98 108
102 105
102 108
104 116
107 109
111 116
