0 1
0 2
0 3
0 4
0 5
0 6
0 7
0 8
0 9
0 10
0 11
0 12
0 13
0 14
0 20
0 21
0 22
0 28
0 29
0 34
0 35
0 36
0 40
0 42
0 43
0 44
0 56
0 60
0 67
0 71
0 92
0 97
0 104
0 105
0 107
0 116
1 6
1 8
1 12
1 13
1 14
1 16
1 23
1 27
1 44
1 54
1 65
1 82
1 87
1 99
2 6
2 7
2 8
2 12
2 15
2 17
2 21
2 23
2 24
2 25
2 47
2 119
3 6
3 7
3 9
3 12
3 14
3 17
3 18
3 22
3 26
3 27
3 29
3 31
3 43
3 48
3 71
3 77
3 84
4 45
4 57
5 6
5 7
5 10
5 21
5 24
5 29
5 30
5 32
5 39
5 52
5 58
5 60
5 61
5 76
5 79
5 100
5 101
6 7
6 8
6 9
6 11
6 13
6 15
6 16
6 19
6 20
6 28
6 33
6 38
6 41
6 42
6 49
6 51
6 55
6 59
6 81
6 93
6 96
6 98
6 102
6 106
6 108
6 119
7 8
7 9
7 10
7 14
7 15
7 17
7 28
7 40
7 41
7 42
7 48
7 49
7 50
7 53
7 60
7 66
7 74
7 76
7 84
7 86
7 94
7 95
8 9
8 10
8 11
8 13
8 17
8 18
8 19
8 20
8 26
8 41
8 44
8 45
8 69
8 70
8 74
8 85
8 88
8 104
8 115
9 10
9 11
9 13
9 16
9 28
9 29
9 33
9 34
9 38
9 46
9 47
9 53
9 89
9 118
10 11
10 17
10 18
10 19
10 20
10 22
10 23
10 25
10 29
10 33
10 34
10 35
10 36
10 37
10 39
10 42
10 46
10 49
10 50
10 55
10 59
10 62
10 69
10 72
10 99
10 107
10 114
11 12
11 15
11 18
11 23
11 30
11 47
11 50
11 85
11 96
11 103
11 109
12 15
12 16
12 18
12 19
12 24
12 28
12 31
12 38
12 44
12 55
12 61
12 63
12 68
12 84
12 102
13 14
13 24
13 30
13 45
13 56
13 57
13 77
13 86
14 16
14 20
14 22
14 25
14 27
14 30
14 33
14 36
14 39
14 41
14 43
14 46
14 51
14 52
14 54
14 74
14 76
14 79
14 83
14 87
14 102
14 114
14 118
14 119
15 19
15 24
15 27
15 47
15 57
15 59
15 61
15 64
15 70
15 83
15 108
16 32
16 46
16 59
16 80
16 87
16 108
17 23
17 25
17 26
17 32
17 40
17 41
17 56
17 72
17 75
17 92
18 21
18 22
18 32
18 64
18 68
18 73
18 87
18 92
18 101
19 25
19 26
19 35
19 42
19 49
19 57
19 63
19 67
19 90
19 100
19 106
20 21
20 111
21 26
21 31
21 34
21 37
21 38
21 43
21 47
21 51
21 57
21 75
21 80
21 88
21 90
21 103
21 109
22 36
22 45
22 46
22 50
22 62
22 66
22 68
22 75
22 89
22 95
22 111
23 31
23 35
23 40
23 53
23 54
23 70
23 105
23 110
24 27
24 36
24 37
24 69
24 86
24 104
24 106
26 32
26 33
26 37
26 38
26 49
26 52
26 61
26 66
26 75
26 89
26 91
26 92
26 112
26 117
27 35
27 37
27 58
27 78
27 85
27 103
27 106
28 30
28 53
28 56
28 68
28 71
28 79
29 63
29 73
29 76
29 83
29 97
29 98
30 31
30 45
30 48
30 58
30 62
30 78
30 80
31 48
32 40
32 53
32 54
32 66
32 94
32 95
32 105
32 112
33 34
33 39
33 50
33 51
33 54
33 63
33 72
33 93
33 94
33 103
33 112
33 113
34 58
34 77
34 87
34 109
35 55
35 64
35 70
35 91
35 113
36 94
37 59
37 67
37 111
38 39
38 44
38 56
38 65
38 72
38 76
38 81
38 82
38 115
39 43
39 62
39 64
39 81
39 82
39 99
39 107
39 115
40 82
40 84
40 112
40 114
41 48
41 52
41 55
41 63
41 78
41 92
41 93
41 100
41 102
41 110
42 51
42 52
42 65
42 72
42 88
42 95
42 97
43 67
43 119
44 100
44 118
45 69
45 75
45 84
45 88
45 98
45 104
45 115
46 60
46 62
46 89
46 95
46 103
47 77
48 64
48 99
48 110
49 80
49 119
50 73
51 58
51 74
51 79
51 104
51 116
52 81
52 83
52 101
54 61
54 74
54 78
54 82
54 93
54 100
55 83
55 96
55 113
56 80
56 99
57 68
57 88
57 96
57 109
57 116
58 60
58 85
59 65
59 111
60 90
60 91
61 105
62 65
62 69
62 73
62 78
63 67
63 70
63 77
63 81
63 117
64 66
64 71
64 116
65 73
65 86
67 71
67 89
67 91
67 115
69 85
69 106
70 93
70 97
72 79
72 110
74 90
74 94
74 112
74 113
75 118
76 101
77 96
77 110
79 117
82 98
83 108
83 114
85 86
86 91
86 98
86 107
88 90
88 111
90 97
91 105
91 116
91 117
92 107
92 109
94 113
95 108
98 102
100 101
106 114
114 118
115 117
