0 1
0 2
0 3
0 4
0 5
0 6
0 7
0 8
0 9
0 10
0 11
0 12
0 13
0 14
0 15
0 16
0 17
0 20
0 21
0 22
0 23
0 25
0 28
0 29
0 30
0 31
0 34
0 38
0 39
0 42
0 44
0 47
0 51
0 53
0 54
0 55
0 56
0 59
0 66
0 75
0 79
0 80
0 82
0 85
0 86
0 87
0 92
0 96
0 98
0 109
0 115
0 119
1 6
1 7
1 8
1 9
1 11
1 12
1 16
1 17
1 27
1 28
1 29
1 32
1 41
1 50
1 52
1 61
1 64
1 75
1 76
1 80
1 84
1 88
1 93
1 97
1 99
1 106
1 119
2 6
2 7
2 9
2 10
2 12
2 30
2 32
2 33
2 36
2 39
2 43
2 44
2 57
2 58
2 81
2 91
2 98
3 9
3 11
3 12
3 41
3 49
3 52
3 68
4 6
4 7
4 8
4 14
4 18
4 23
4 24
4 31
4 35
4 54
4 61
4 67
4 80
5 6
6 7
6 8
6 9
6 10
6 11
6 15
6 22
6 24
6 26
6 29
6 30
6 35
6 41
6 42
6 56
6 58
6 65
6 66
6 69
6 70
6 76
6 78
6 89
6 107
7 8
7 10
7 13
7 14
7 15
7 18
7 22
7 23
7 26
7 27
7 31
7 32
7 42
7 46
7 53
7 62
7 63
7 64
7 67
7 82
7 90
7 95
7 97
7 101
7 115
8 10
8 11
8 13
8 15
8 16
8 21
8 22
8 24
8 25
8 29
8 33
8 38
8 41
8 46
8 47
8 48
8 51
8 60
8 63
8 64
8 70
8 75
8 77
8 81
8 84
8 85
8 87
8 90
8 108
8 113
8 114
8 117
8 118
9 26
9 27
9 59
9 60
9 102
9 117
9 118
10 13
10 14
10 15
10 16
10 19
10 20
10 21
10 31
10 35
10 37
10 39
10 44
10 46
10 47
10 48
10 49
10 51
10 59
10 62
10 63
10 69
10 77
10 78
10 79
10 81
10 83
10 96
10 97
10 98
10 104
10 114
10 118
11 12
11 13
11 18
11 26
11 37
11 42
11 43
11 50
11 56
11 70
11 75
11 86
11 90
11 100
11 116
12 14
12 16
12 19
12 28
12 34
12 45
12 54
12 55
12 63
12 68
12 72
12 78
12 89
12 103
12 112
13 17
13 18
13 19
13 20
13 21
13 25
13 30
13 31
13 36
13 40
13 54
13 62
13 65
13 77
13 84
13 101
14 17
14 20
14 21
14 23
14 25
14 30
14 33
14 35
14 36
14 37
14 46
14 48
14 55
14 70
14 72
14 85
14 101
14 109
15 17
15 18
15 19
15 26
15 27
15 42
15 60
15 76
15 107
16 19
16 20
16 23
16 29
16 33
16 45
16 53
16 61
16 63
16 92
16 110
16 117
16 119
17 28
17 47
17 48
17 58
17 69
17 110
18 22
18 24
18 34
18 39
18 53
18 59
18 66
18 78
18 91
18 94
18 100
18 112
19 32
19 58
19 92
19 106
20 105
21 24
21 38
21 51
21 57
21 64
21 65
21 66
21 69
22 27
22 40
22 57
22 67
23 38
23 52
23 61
23 67
23 105
23 109
23 115
24 25
24 36
24 58
24 70
24 96
24 112
25 34
25 38
25 39
25 41
25 43
25 44
25 49
25 74
25 90
25 113
26 33
26 45
26 73
26 94
26 100
27 28
27 35
27 36
27 37
27 45
27 62
27 71
27 73
27 77
27 83
27 85
27 88
27 115
28 40
28 52
28 101
28 119
29 34
29 40
29 72
29 86
29 101
29 102
30 37
30 44
30 73
30 93
30 108
31 32
31 40
31 111
31 112
32 43
33 51
33 55
33 73
33 76
33 81
33 85
33 102
34 49
34 56
34 57
34 68
34 111
35 54
35 57
35 81
35 107
36 50
36 53
36 74
36 107
36 117
37 43
37 49
37 60
37 72
37 74
37 75
37 78
37 84
37 93
37 105
38 47
38 71
38 83
38 104
39 95
39 99
39 103
40 45
40 52
40 87
40 88
40 99
41 46
41 48
41 71
41 108
41 113
42 56
42 73
43 89
44 67
44 71
45 92
45 97
46 50
46 60
46 86
46 113
47 59
47 66
47 74
47 89
48 50
48 65
49 55
49 80
50 114
51 83
51 111
52 64
52 79
52 82
52 104
52 108
53 79
54 62
56 65
56 74
56 95
57 89
57 90
57 98
57 104
57 106
58 68
58 83
58 93
58 99
59 61
59 68
62 82
62 100
62 112
63 77
63 91
63 93
63 110
65 69
66 111
66 116
67 71
67 72
68 87
68 94
69 84
69 87
69 103
70 76
70 88
70 105
71 94
71 95
71 102
71 103
71 105
71 118
72 111
73 80
73 92
76 91
77 79
77 104
77 106
77 114
78 86
78 108
78 109
78 116
79 82
81 117
82 116
84 94
85 88
85 91
85 97
85 118
89 96
89 102
90 110
91 99
91 100
92 95
93 98
94 96
95 107
100 103
100 116
101 109
102 113
104 110
105 106
108 114
113 115
116 119
