0 1
0 2
0 3
0 4
0 5
0 7
0 8
0 13
0 15
0 18
0 21
0 24
0 36
0 38
0 41
0 46
0 47
0 59
0 60
0 61
0 62
0 69
0 77
0 80
0 82
0 87
0 109
0 111
0 118
1 6
1 7
1 9
1 10
1 13
1 16
1 24
1 33
1 36
1 40
1 49
1 54
1 58
1 80
1 96
1 97
1 105
1 107
1 110
1 113
2 6
2 7
2 9
2 10
2 12
2 25
2 45
2 46
2 53
2 57
2 58
2 70
2 109
2 113
3 6
3 7
3 8
3 9
3 10
3 11
3 13
3 28
3 30
3 33
3 35
3 36
3 49
3 50
3 55
3 59
3 75
3 76
3 84
3 94
3 107
3 119
4 6
4 8
4 11
4 14
4 17
4 29
4 51
4 65
4 106
5 6
5 8
5 9
5 10
5 11
5 12
5 21
5 23
5 25
5 26
5 31
5 32
5 41
5 42
5 53
5 57
5 58
5 66
5 70
5 101
5 106
6 7
6 8
6 12
6 14
6 17
6 18
6 20
6 22
6 24
6 26
6 29
6 32
6 34
6 38
6 41
6 62
6 63
6 66
6 69
6 83
6 85
6 97
6 101
6 108
6 116
7 9
7 15
7 35
7 51
7 52
7 56
7 57
7 64
7 74
7 79
7 117
8 11
8 12
8 13
8 14
8 17
8 19
8 21
8 22
8 23
8 27
8 28
8 29
8 31
8 34
8 59
8 63
8 64
8 65
8 70
8 89
8 112
8 117
9 10
9 15
9 19
9 22
9 24
9 28
9 46
9 55
9 73
9 86
9 92
9 95
9 101
9 107
10 11
10 14
10 16
10 18
10 19
10 24
10 37
10 44
10 48
10 56
10 65
10 72
10 80
10 82
10 91
10 99
10 116
10 119
11 12
11 13
11 18
11 21
11 22
11 34
11 38
11 58
11 74
11 81
11 89
11 91
11 102
11 119
12 14
12 15
12 16
12 17
12 26
12 27
12 31
12 41
12 47
12 59
12 68
12 78
12 81
12 84
12 85
12 86
12 110
13 16
13 32
13 36
13 42
13 43
13 88
13 96
13 108
14 15
14 17
14 20
14 23
14 25
14 29
14 30
14 32
14 33
14 45
14 51
14 52
14 54
14 63
14 71
14 78
14 99
14 103
14 113
15 16
15 18
15 19
15 20
15 21
15 25
15 33
15 35
15 41
15 42
15 49
15 50
15 51
15 67
15 71
15 75
15 80
15 89
15 93
15 106
15 111
15 114
16 26
16 27
16 45
16 50
16 55
16 57
16 66
16 68
16 72
16 117
17 19
17 20
17 22
17 23
17 25
17 27
17 31
17 35
17 40
17 50
17 54
17 67
17 90
17 92
17 95
18 20
18 36
18 38
18 44
18 45
18 48
18 53
18 64
18 67
18 69
18 72
18 75
18 77
18 99
18 115
19 37
19 50
19 76
20 28
20 30
20 43
20 60
20 101
22 23
22 28
22 30
22 32
22 42
22 46
22 48
22 49
22 74
22 94
22 97
22 104
22 112
23 27
23 30
23 37
23 64
23 69
23 85
23 110
23 111
23 115
24 33
24 90
24 95
24 118
25 26
25 29
25 34
25 39
25 44
25 55
25 67
25 84
25 110
25 114
25 119
26 43
26 48
26 53
26 65
26 68
26 77
26 78
26 82
26 94
26 104
27 31
27 39
27 44
27 49
27 96
28 34
28 40
28 48
28 71
28 88
28 92
29 35
29 40
29 79
29 81
30 47
30 71
30 87
31 37
31 43
31 47
31 62
31 68
32 37
32 39
32 40
32 45
32 56
32 61
32 84
32 91
33 39
33 63
33 78
33 88
34 46
34 63
34 87
34 90
34 93
34 107
35 43
35 83
36 59
36 60
36 115
37 38
37 39
37 52
37 66
37 112
37 116
38 44
38 53
38 83
38 93
38 98
39 56
39 77
40 57
40 60
40 73
40 84
40 105
40 114
41 42
41 52
41 55
41 67
41 77
41 103
41 114
42 71
42 82
42 88
42 95
42 106
43 73
43 76
43 100
43 102
44 111
45 115
46 47
46 51
46 52
46 58
47 60
47 61
47 66
47 75
47 81
47 86
47 112
48 56
48 91
48 100
48 103
49 54
50 54
50 82
50 93
50 97
51 61
51 68
51 72
51 73
52 70
52 72
52 85
52 86
52 89
52 99
52 100
52 108
53 64
53 69
55 75
55 81
55 83
56 61
56 62
56 65
56 97
56 103
56 108
58 62
58 103
58 107
59 98
61 74
61 87
61 111
62 79
62 87
62 102
63 117
64 74
65 80
65 92
65 95
67 73
67 96
68 70
68 93
68 94
68 113
69 76
69 91
69 98
69 102
69 104
69 105
70 76
70 78
70 79
70 90
70 100
71 79
71 105
72 98
73 85
73 113
74 114
75 101
75 105
77 83
77 89
77 106
77 116
80 88
80 96
81 86
83 99
83 118
84 112
85 90
85 92
85 100
85 108
89 94
89 110
90 102
91 104
91 109
91 115
92 104
95 109
95 119
96 98
98 118
100 109
100 117
101 118
113 116
