0 1
0 2
0 3
0 4
0 5
0 6
0 7
0 8
0 10
0 11
0 14
0 15
0 16
0 18
0 19
0 20
0 23
0 24
0 26
0 29
0 31
0 33
0 35
0 39
0 41
0 45
0 47
0 53
0 55
0 58
0 61
0 62
0 69
0 78
0 85
0 88
0 90
0 93
0 98
0 114
1 6
1 8
1 9
1 11
1 12
1 14
1 17
1 18
1 19
1 23
1 33
1 34
1 54
1 55
1 58
1 67
1 80
1 81
1 102
1 110
2 6
2 7
2 9
2 10
2 12
2 13
2 20
2 21
2 24
2 29
2 35
2 37
2 49
2 64
2 70
2 73
2 77
2 78
2 86
2 115
3 6
3 7
3 8
3 21
3 33
3 36
3 50
3 77
3 104
5 6
5 7
5 8
5 9
5 10
5 11
5 14
5 17
5 18
5 19
5 22
5 23
5 24
5 25
5 30
5 31
5 32
5 34
5 35
5 41
5 52
5 54
5 56
5 57
5 68
5 69
5 74
5 85
5 87
5 92
5 94
5 99
5 104
5 107
5 114
6 7
6 8
6 9
6 10
6 15
6 17
6 18
6 28
6 36
6 39
6 42
6 57
6 66
6 68
6 70
6 83
6 85
6 89
6 119
7 10
7 11
7 12
7 14
7 16
7 20
7 22
7 25
7 27
7 37
7 44
7 45
7 51
7 54
7 56
7 58
7 71
7 76
7 80
7 81
7 86
7 87
7 88
7 89
7 95
7 99
7 100
7 107
7 116
8 9
8 12
8 13
8 15
8 19
8 25
8 31
8 32
8 33
8 37
8 42
8 43
8 44
8 45
8 59
8 62
8 63
8 75
8 81
8 82
8 83
8 90
8 102
8 103
8 110
8 116
9 11
9 13
9 21
9 24
9 25
9 34
9 53
9 73
9 97
10 13
10 16
10 21
10 24
10 29
10 30
10 39
10 43
10 47
10 53
10 70
10 92
10 96
10 101
10 118
11 12
11 13
11 18
11 26
11 29
11 39
11 40
11 42
11 46
11 47
11 50
11 84
11 97
12 16
12 23
12 32
12 119
13 14
13 15
13 17
13 20
13 21
13 26
13 29
13 31
13 38
13 44
13 45
13 46
13 53
13 54
13 60
13 68
13 71
13 84
13 105
13 110
13 112
14 15
14 16
14 20
14 22
14 26
14 30
14 33
14 38
14 50
14 59
14 60
14 74
14 79
14 80
14 98
14 109
15 17
15 27
15 28
15 36
15 38
15 41
15 51
15 62
15 79
15 84
15 86
15 87
15 90
15 94
15 98
15 110
15 111
15 112
15 117
16 19
16 22
16 28
16 44
16 46
16 54
17 22
17 23
17 25
17 38
17 46
17 47
17 52
17 72
17 76
17 89
17 104
18 43
18 58
18 75
18 83
18 99
19 27
19 31
19 35
19 37
19 40
19 44
19 51
19 52
19 53
19 102
19 104
19 108
20 48
20 61
20 92
21 30
21 32
21 35
21 41
21 61
21 111
21 113
21 114
22 26
22 30
22 63
22 74
22 88
22 94
22 98
22 103
23 34
23 42
23 75
23 100
23 109
23 115
24 27
24 28
24 34
24 55
24 64
24 67
24 72
24 81
24 94
24 105
24 108
25 27
25 42
25 56
25 60
26 48
26 55
26 62
26 67
26 80
26 91
26 100
26 111
27 28
27 50
27 65
28 56
28 66
28 68
28 76
29 32
29 36
29 37
29 39
29 40
29 41
29 43
29 46
29 59
29 62
29 63
29 66
29 69
29 75
29 79
29 91
29 95
29 102
29 104
29 110
30 40
30 69
30 72
30 74
30 83
30 90
30 118
31 36
31 45
31 58
31 82
31 106
32 47
32 57
32 112
32 115
32 117
33 48
33 57
33 61
33 63
33 70
33 71
33 79
33 82
33 87
33 109
33 111
33 118
34 56
34 75
34 100
34 114
35 49
35 60
35 91
35 117
36 40
36 48
36 103
36 112
37 38
37 43
37 83
37 85
37 99
37 109
38 51
38 65
38 78
40 49
40 64
40 73
40 77
41 48
41 49
41 50
41 52
41 77
41 96
41 106
42 49
42 64
42 91
42 96
42 97
43 61
43 72
43 84
43 88
43 91
43 93
43 97
44 86
45 70
45 71
47 66
47 95
48 57
49 51
49 65
49 67
49 100
49 106
50 60
50 73
50 76
50 78
50 85
50 88
50 93
50 101
51 52
51 117
53 65
53 95
54 55
55 74
55 82
56 71
56 73
56 76
56 103
57 59
57 118
58 59
58 72
58 82
58 114
59 64
59 107
59 113
59 116
60 65
60 68
60 69
60 84
60 87
60 97
61 111
61 116
62 63
62 67
62 109
63 92
63 101
64 66
64 77
64 80
64 86
66 78
66 89
66 90
66 105
66 113
66 119
67 116
68 105
70 102
70 117
71 94
72 79
72 93
72 106
72 107
74 93
75 89
75 92
75 98
75 101
75 108
75 113
77 81
79 96
79 108
79 115
82 101
84 96
84 107
85 95
86 99
87 118
91 108
92 105
92 113
95 115
99 103
99 119
103 119
105 106
106 112
