0 1
0 2
0 3
0 4
0 5
0 6
0 7
0 8
0 9
0 10
0 11
0 13
0 14
0 19
0 20
0 22
0 23
0 24
0 28
0 29
0 31
0 32
0 36
0 39
0 42
0 47
0 48
0 49
0 54
0 55
0 63
0 65
0 71
0 72
0 73
0 75
0 78
0 79
0 82
0 85
0 93
0 94
0 100
0 103
0 106
0 107
0 110
0 114
1 6
1 10
1 12
1 48
1 64
2 6
2 7
2 8
2 9
2 10
2 11
2 14
2 23
2 47
2 51
2 60
2 80
2 115
3 6
3 7
3 10
3 13
3 16
3 17
3 23
3 24
3 30
3 32
3 35
3 38
3 60
3 72
3 76
3 83
3 95
3 107
3 114
4 31
4 49
4 52
4 61
4 92
4 102
5 6
5 7
5 8
5 9
5 12
5 18
5 19
5 22
5 25
5 30
5 34
5 43
5 44
5 50
5 66
5 90
5 91
5 105
6 7
6 8
6 9
6 10
6 11
6 12
6 13
6 15
6 16
6 17
6 21
6 24
6 26
6 27
6 29
6 33
6 39
6 40
6 41
6 42
6 52
6 56
6 57
6 58
6 61
6 65
6 68
6 77
6 79
6 81
6 86
6 94
6 97
6 98
6 100
6 103
6 104
6 110
6 111
6 112
6 113
7 8
7 14
7 18
7 19
7 20
7 38
7 39
7 40
7 64
7 105
8 9
8 11
8 14
8 15
8 20
8 23
8 24
8 28
8 29
8 31
8 37
8 38
8 40
8 41
8 42
8 44
8 46
8 57
8 58
8 60
8 68
8 69
8 74
8 75
8 80
8 83
8 84
8 86
8 91
8 96
8 100
8 103
8 104
8 118
9 12
9 13
9 14
9 20
9 21
9 22
9 25
9 26
9 27
9 44
9 45
9 48
9 53
9 73
9 89
9 90
9 119
10 11
10 12
10 16
10 25
10 28
10 35
10 55
11 13
11 15
11 23
11 24
11 30
11 31
11 33
11 35
11 45
11 61
11 62
11 69
11 94
11 95
11 118
11 119
12 15
12 19
12 30
12 82
12 84
12 87
12 101
13 15
13 16
13 17
13 18
13 25
13 26
13 27
13 49
13 51
13 54
13 56
13 69
13 82
13 87
13 97
13 98
13 104
14 17
14 21
14 22
14 26
14 29
14 36
14 41
14 42
14 47
14 65
14 69
14 70
14 79
14 80
14 85
14 87
14 89
14 91
14 107
15 16
15 17
15 18
15 41
15 62
15 65
15 74
15 78
15 86
16 18
16 28
16 36
16 85
16 101
17 32
17 33
17 53
17 57
17 63
17 64
17 91
17 93
17 113
18 19
18 20
18 21
18 32
18 35
18 36
18 37
18 42
18 46
18 62
18 80
18 84
18 92
18 99
19 21
19 27
19 44
19 52
19 53
19 57
19 58
19 104
19 108
20 22
20 30
20 38
20 43
20 49
20 56
20 59
20 60
20 66
20 74
20 82
20 111
20 113
20 115
21 26
21 32
21 40
21 47
21 52
21 64
21 78
21 87
21 116
21 118
22 46
22 63
22 67
22 70
22 81
22 105
23 25
23 27
23 34
23 46
23 58
23 72
24 29
24 31
24 33
24 41
24 43
24 55
24 78
24 89
25 34
25 52
25 76
25 108
25 110
26 39
26 48
26 67
26 73
26 80
26 106
26 114
27 28
27 51
27 71
27 95
28 37
28 46
28 73
28 74
28 88
28 102
29 34
29 59
29 88
30 33
30 36
30 40
30 47
30 50
30 61
30 66
30 88
30 108
31 37
31 38
31 48
31 68
31 107
32 34
32 43
32 58
32 118
33 35
33 37
33 43
33 45
33 51
33 55
33 75
33 78
33 83
33 100
33 117
34 39
34 53
34 56
34 62
34 66
34 101
35 50
35 109
36 55
36 59
36 69
36 71
36 75
36 76
36 86
36 87
36 89
37 50
37 51
37 54
37 59
37 63
37 67
37 68
37 99
37 113
38 50
38 108
38 110
39 44
39 67
39 70
39 74
39 79
39 93
40 45
40 67
40 103
40 106
40 111
41 64
42 70
42 109
42 110
43 45
43 81
44 49
44 63
44 71
44 72
44 77
44 93
45 54
45 75
45 102
46 68
46 103
47 54
47 60
48 56
48 112
50 66
50 81
50 92
51 53
51 57
51 81
51 84
51 94
51 95
52 70
52 71
52 88
52 96
53 88
53 96
54 77
54 83
54 84
54 114
55 59
55 82
55 93
55 97
55 105
56 73
56 90
58 61
59 98
59 115
60 72
60 101
60 117
61 62
61 76
61 79
61 83
61 90
61 91
61 99
61 102
61 115
61 117
62 77
62 100
62 116
63 85
63 101
64 65
64 86
64 94
64 109
67 114
67 119
68 106
68 107
70 97
70 115
71 76
71 90
71 116
72 77
72 105
72 109
72 111
73 85
74 95
74 98
74 117
74 119
77 104
77 112
79 92
79 96
79 108
79 113
80 89
81 98
82 92
82 112
84 99
84 118
85 116
86 96
88 97
91 119
94 102
95 99
95 106
95 112
97 111
98 109
112 117
113 116
