0 1
0 2
0 3
0 4
0 5
0 6
0 7
0 8
0 10
0 11
0 12
0 13
0 14
0 15
0 17
0 18
0 20
0 21
0 22
0 23
0 24
0 26
0 30
0 31
0 33
0 34
0 38
0 40
0 58
0 64
0 69
0 70
0 73
0 82
0 83
0 86
0 95
0 104
1 6
1 7
1 8
1 11
1 13
1 16
1 19
1 27
1 29
1 32
1 48
1 58
1 66
1 69
1 81
1 88
1 101
1 103
2 6
2 7
2 9
2 13
2 14
2 16
2 35
2 40
2 54
2 68
2 74
2 76
2 86
2 91
2 107
2 115
3 6
3 7
3 8
3 9
3 11
3 12
3 14
3 17
3 25
3 26
3 36
3 43
3 47
3 58
3 64
3 77
3 92
3 108
3 111
3 113
4 9
4 10
4 16
4 22
4 29
4 30
4 32
4 37
4 40
4 41
4 45
4 47
4 50
4 56
4 60
4 61
4 80
4 94
4 100
4 103
4 106
5 6
5 10
5 14
5 16
5 20
5 22
5 28
5 42
5 49
5 79
5 112
5 114
5 117
6 7
6 8
6 9
6 15
6 16
6 17
6 18
6 20
6 26
6 32
6 33
6 34
6 44
6 46
6 52
6 53
6 69
6 75
6 82
6 84
6 90
6 91
6 94
6 101
6 105
6 111
6 114
7 8
7 10
7 11
7 12
7 13
7 18
7 22
7 24
7 27
7 28
7 34
7 36
7 43
7 45
7 52
7 55
7 57
7 64
7 68
7 71
7 75
7 83
7 84
7 93
7 96
7 106
7 111
7 114
7 115
7 117
8 9
8 10
8 11
8 21
8 27
8 32
8 56
8 69
8 70
8 84
8 87
8 93
9 12
9 19
9 23
9 26
9 28
9 31
9 41
9 42
9 49
9 54
9 57
9 64
9 74
9 78
9 90
9 92
9 102
9 118
10 15
10 18
10 19
10 29
10 53
10 57
10 93
10 108
11 12
11 20
11 21
11 25
11 26
11 43
11 45
11 55
11 56
11 72
11 104
11 112
12 13
12 14
12 15
12 41
12 48
12 67
12 75
12 92
12 102
12 104
12 116
12 117
13 25
13 32
13 39
13 57
13 119
14 15
14 17
14 19
14 24
14 28
14 37
14 38
14 42
14 51
14 57
14 59
14 62
14 63
14 64
14 71
14 73
14 82
14 85
14 88
14 95
14 117
15 17
15 20
15 21
15 23
15 24
15 30
15 35
15 37
15 43
15 53
15 54
15 68
15 70
15 72
15 74
15 77
15 93
15 97
15 105
15 115
16 29
16 47
16 50
16 97
17 18
17 19
17 21
17 22
17 33
17 34
17 35
17 52
17 68
17 73
17 74
17 101
17 106
17 108
18 30
18 35
18 37
18 46
18 47
18 51
18 54
18 95
19 37
19 38
19 40
20 23
20 25
20 27
20 36
20 42
20 58
20 59
20 73
20 80
20 92
20 97
20 100
20 112
20 113
21 23
21 29
21 31
21 41
21 55
21 66
21 76
21 82
21 89
21 100
21 107
22 24
22 60
22 83
23 33
23 63
23 84
23 97
23 109
23 116
24 25
24 27
24 34
24 35
24 36
24 55
24 60
24 61
24 71
24 78
24 98
24 114
25 36
25 39
25 44
25 91
25 101
26 40
26 60
26 98
26 103
27 28
27 33
27 38
27 46
27 48
27 50
27 63
27 78
27 80
28 31
28 46
28 61
28 65
28 67
28 83
28 88
28 89
28 90
29 30
29 45
29 50
29 51
29 52
29 61
29 79
29 86
29 99
29 102
30 31
30 39
30 65
30 90
31 52
31 89
32 39
32 45
32 51
32 67
32 77
32 110
32 118
33 41
33 44
33 62
33 87
33 98
33 110
34 38
34 39
34 42
34 49
34 62
34 65
34 68
34 70
34 87
34 110
35 43
35 46
35 48
35 59
35 63
35 86
35 91
35 105
36 62
36 72
36 85
36 94
37 61
37 71
37 76
37 79
37 88
37 97
37 115
37 119
38 66
39 44
39 51
39 53
39 66
39 69
39 70
39 79
39 91
40 65
40 108
41 90
41 96
41 103
42 58
42 98
42 105
42 119
43 44
43 88
44 47
44 49
44 55
44 77
45 48
45 75
45 96
45 104
46 49
46 50
46 56
46 109
47 76
47 110
48 53
48 62
48 89
48 99
48 107
49 59
49 72
49 75
49 98
49 113
50 56
50 73
50 87
53 54
53 60
53 63
53 67
53 74
53 76
53 85
53 99
53 108
53 112
54 59
54 77
54 101
55 65
55 71
55 79
55 95
55 103
55 106
56 94
56 104
56 109
57 72
57 80
57 100
58 67
58 94
58 113
58 116
59 85
60 92
62 105
62 115
63 82
63 100
64 66
64 81
64 95
65 81
65 109
65 113
65 118
66 99
70 78
70 107
71 81
71 102
71 117
72 80
72 106
73 78
73 81
73 85
73 116
73 119
74 96
76 96
78 87
80 83
80 89
82 84
82 93
83 86
85 114
86 111
88 110
94 109
94 118
96 99
96 102
96 111
96 112
96 116
105 107
109 119
111 118
