0 1
0 2
0 3
0 4
0 5
0 6
0 7
0 9
0 10
0 13
0 14
0 24
0 25
0 26
0 27
0 28
0 32
0 34
0 36
0 40
0 46
0 63
0 81
0 85
0 87
0 90
0 97
0 109
1 6
1 8
1 9
1 10
1 13
1 16
1 28
1 29
1 31
1 33
1 36
1 37
1 38
1 44
1 50
1 64
1 73
1 81
2 6
2 18
2 19
2 20
2 23
2 30
2 78
2 91
3 6
3 7
3 8
3 11
3 12
3 15
3 20
3 21
3 23
3 24
3 25
3 48
3 50
3 62
3 63
3 80
3 86
3 87
3 93
3 95
3 101
3 108
4 6
4 7
4 9
4 12
4 22
4 58
4 75
5 7
5 8
5 11
5 14
5 17
5 18
5 19
5 22
5 25
5 33
5 34
5 49
5 55
5 84
5 90
5 106
5 107
5 119
6 7
6 8
6 11
6 12
6 15
6 16
6 17
6 19
6 24
6 38
6 53
6 56
6 59
6 67
6 68
6 69
6 85
6 89
6 96
6 101
7 8
7 9
7 10
7 11
7 13
7 14
7 15
7 16
7 18
7 21
7 26
7 30
7 32
7 33
7 35
7 40
7 46
7 48
7 50
7 54
7 62
7 67
7 69
7 83
7 86
7 89
7 90
7 92
7 98
7 99
7 104
7 114
7 116
8 9
8 10
8 12
8 13
8 15
8 20
8 23
8 27
8 48
8 49
8 53
8 55
8 79
8 103
8 107
8 111
9 10
9 12
9 13
9 18
9 21
9 27
9 31
9 33
9 34
9 37
9 39
9 41
9 43
9 44
9 45
9 46
9 53
9 64
9 79
10 11
10 14
10 17
10 19
10 31
10 52
10 58
10 67
10 82
10 88
10 100
10 113
11 15
11 16
11 28
11 49
11 50
11 51
11 84
11 85
11 105
12 17
12 20
12 23
12 24
12 32
12 48
12 51
12 65
12 89
12 104
12 109
13 14
13 16
13 21
13 24
13 29
13 30
13 31
13 32
13 33
13 41
13 43
13 48
13 54
13 57
13 61
13 68
13 82
13 87
13 102
13 103
13 108
13 109
13 118
14 17
14 26
14 27
14 35
14 39
14 42
14 81
14 117
14 119
15 18
15 56
15 57
15 67
15 79
15 105
15 113
16 21
16 22
16 25
16 28
16 39
16 40
16 47
16 49
16 55
16 76
16 112
16 119
17 20
17 35
17 40
17 51
17 63
17 71
17 72
17 74
17 77
17 78
17 80
17 83
17 99
17 102
17 106
18 19
18 22
18 34
18 42
18 43
18 51
18 57
18 61
18 66
18 67
18 93
18 94
18 102
19 22
19 25
19 35
19 36
19 37
19 44
19 47
19 76
19 95
19 96
20 26
20 32
20 37
20 43
20 62
20 66
20 72
20 83
20 107
20 113
20 114
20 115
21 23
21 26
21 27
21 41
21 46
21 47
21 61
21 65
21 66
21 71
21 96
22 29
22 30
22 31
22 35
22 38
22 44
22 45
22 55
22 60
22 63
22 64
22 97
22 109
22 114
23 28
23 30
23 38
23 41
23 75
23 90
23 98
24 42
24 61
24 68
24 76
24 89
24 97
25 29
25 39
25 42
25 49
25 74
25 75
25 78
25 98
25 106
25 116
26 29
26 36
26 42
26 60
26 69
26 73
27 66
27 96
28 53
28 54
28 55
28 56
28 59
28 64
28 80
28 82
28 86
28 95
28 100
28 108
28 115
29 62
29 69
29 74
29 92
30 38
30 47
30 60
30 70
30 73
31 45
31 50
31 58
31 71
31 75
31 89
31 100
31 117
32 41
32 54
32 59
32 69
32 72
32 92
33 34
33 37
33 57
33 71
33 81
33 91
33 100
33 115
33 116
33 118
34 65
34 100
35 36
35 63
35 70
35 80
35 91
36 44
36 47
36 70
36 72
36 79
36 86
36 93
36 117
37 45
37 59
37 66
37 73
37 77
37 97
37 115
38 39
38 40
38 45
38 52
38 53
38 54
38 74
38 78
38 99
38 104
38 112
39 52
39 56
39 58
39 82
39 102
40 65
40 68
40 71
40 92
40 101
41 64
41 73
41 74
41 76
42 43
42 52
42 62
42 88
42 93
42 103
42 108
42 110
42 118
43 51
43 85
43 94
43 110
44 46
44 101
44 110
44 113
44 117
45 61
45 103
46 60
47 87
47 112
47 118
48 52
48 88
48 107
49 59
49 78
49 108
49 111
50 57
50 70
50 79
50 119
51 84
51 92
51 99
51 103
52 56
52 65
52 68
52 80
52 81
52 82
52 84
52 105
52 110
52 114
52 116
53 58
53 72
56 75
56 77
56 104
56 113
56 117
58 83
58 94
59 60
59 88
59 101
59 105
59 114
59 116
60 84
61 77
62 104
64 106
65 70
66 99
68 83
69 87
69 93
70 77
70 94
70 111
71 94
71 119
72 76
72 88
73 85
75 95
75 98
75 111
76 86
76 91
77 97
78 106
80 91
83 90
85 112
88 96
88 107
89 98
90 105
90 110
92 112
93 95
93 109
94 111
97 102
102 115
114 118
