0 1
0 2
0 3
0 4
0 5
0 6
0 7
0 8
0 9
0 10
0 11
0 16
0 17
0 20
0 23
0 26
0 27
0 37
0 39
0 45
0 49
0 56
0 57
0 59
0 78
0 80
0 82
0 85
0 88
0 90
0 113
1 6
1 7
1 8
1 10
1 14
1 26
1 39
1 58
1 65
1 68
1 84
1 102
2 6
2 8
2 9
2 13
2 15
2 21
2 23
2 27
2 29
2 36
2 37
2 60
2 66
2 85
2 107
2 114
3 6
3 7
3 10
3 12
3 13
3 19
3 22
3 27
3 28
3 45
3 70
3 77
3 80
3 117
4 7
4 8
4 12
4 15
4 19
4 26
4 30
4 33
4 39
4 47
4 50
4 79
4 80
4 84
4 114
4 116
5 6
5 9
5 10
5 11
5 12
5 19
5 24
5 36
5 42
5 50
5 65
5 83
5 112
6 7
6 9
6 11
6 15
6 16
6 17
6 31
6 32
6 34
6 35
6 44
6 48
6 51
6 54
6 58
6 100
6 105
7 8
7 11
7 12
7 14
7 15
7 18
7 26
7 27
7 30
7 31
7 35
7 38
7 41
7 43
7 52
7 59
7 61
7 62
7 73
7 84
7 85
7 94
7 103
8 9
8 10
8 11
8 13
8 18
8 20
8 22
8 26
8 31
8 33
8 44
8 49
8 55
8 63
8 65
8 75
8 76
8 86
8 91
8 95
8 108
8 109
8 111
8 116
9 13
9 14
9 51
9 53
9 60
9 83
9 88
9 96
9 100
9 101
9 103
10 12
10 14
10 16
10 17
10 25
10 28
10 30
10 34
10 37
10 47
10 49
10 50
10 52
10 54
10 81
10 89
10 109
10 112
11 13
11 16
11 77
11 80
11 97
11 99
11 106
11 113
12 15
12 18
12 19
12 23
12 24
12 28
12 35
12 38
12 41
12 47
12 48
12 56
12 64
12 69
12 70
12 76
12 78
12 82
12 92
12 96
12 97
12 105
13 14
13 19
13 20
13 21
13 22
13 23
13 29
13 36
13 52
13 57
13 67
13 69
13 75
13 97
13 119
14 16
14 17
14 18
14 24
14 27
14 29
14 32
14 43
14 44
14 47
14 57
14 58
14 64
14 79
14 82
15 17
15 25
15 37
15 44
15 45
15 62
15 107
16 20
16 22
16 33
16 42
16 43
16 63
16 68
16 94
16 98
17 18
17 32
17 44
17 72
17 73
17 100
17 110
17 118
18 20
18 21
18 25
18 29
18 32
18 41
18 42
18 50
18 58
18 63
18 64
18 67
18 69
18 73
18 74
18 87
18 92
18 113
18 117
19 21
19 36
19 48
19 60
19 91
19 92
19 96
19 98
20 21
20 32
20 61
20 78
20 86
21 22
21 24
21 67
21 79
21 85
21 86
21 88
21 119
22 23
22 24
22 25
22 33
22 34
22 35
22 38
22 39
22 40
22 41
22 42
22 45
22 54
22 62
22 63
22 66
22 68
22 76
22 77
22 104
22 110
22 113
22 117
23 25
23 34
23 37
23 58
23 82
24 34
24 48
24 90
24 105
24 106
25 42
25 55
25 56
25 70
25 81
25 119
26 28
26 29
26 30
26 31
26 33
26 35
26 40
26 54
26 78
26 91
26 116
26 117
26 119
27 28
27 45
27 55
27 64
27 81
27 114
28 30
28 31
28 36
28 38
28 49
28 50
28 59
28 71
28 72
28 74
28 75
28 87
28 88
28 100
28 106
28 118
29 40
29 64
29 71
30 43
30 49
30 57
30 59
30 60
30 61
30 87
30 90
31 46
31 56
31 62
31 68
31 71
31 78
31 108
32 38
32 46
32 52
32 53
32 60
32 72
32 105
32 118
33 43
33 108
34 40
34 51
34 65
35 39
35 47
35 53
35 72
36 67
36 69
36 93
36 102
37 41
37 75
37 85
37 115
38 46
38 77
38 92
38 93
38 97
38 104
39 40
40 46
40 51
40 57
40 61
40 62
40 73
40 103
41 48
41 56
41 93
41 94
41 106
42 93
43 46
43 66
43 83
43 89
44 96
44 109
44 111
45 73
45 104
45 113
46 102
46 111
47 61
47 65
47 104
48 53
48 101
48 116
49 51
49 54
49 55
49 66
49 69
49 70
49 91
49 92
50 53
50 63
50 72
50 82
51 52
51 79
51 101
52 55
52 80
52 95
52 107
53 98
53 99
54 89
54 95
54 96
55 59
55 76
55 77
55 86
55 99
56 99
56 114
56 115
57 67
57 89
57 91
58 87
58 95
59 94
59 107
59 117
60 74
60 116
61 68
61 74
61 105
63 81
64 66
64 94
65 70
65 71
68 71
68 74
68 79
68 102
68 119
69 100
70 83
70 89
70 110
70 115
72 118
73 76
73 84
74 75
74 81
75 83
75 86
75 106
75 108
76 93
76 102
77 90
77 107
79 112
81 84
81 88
81 98
82 87
83 104
87 90
87 95
88 97
88 99
88 101
88 110
89 101
89 103
89 109
89 115
90 98
90 111
96 103
96 108
99 109
99 115
104 110
104 114
107 118
108 112
109 112
110 111
