0 1
0 2
0 3
0 4
0 5
0 6
0 7
0 8
0 9
0 10
0 13
0 14
0 15
0 20
0 25
0 30
0 33
0 35
0 38
0 40
0 41
0 42
0 44
0 48
0 49
0 59
0 61
0 63
0 70
0 79
0 82
0 86
0 96
0 97
0 99
0 103
0 106
0 107
0 110
1 6
1 7
1 10
1 26
1 37
2 6
2 7
2 8
2 9
2 11
2 16
2 17
2 18
2 21
2 22
2 25
2 29
2 30
2 49
2 56
2 67
2 84
2 94
2 99
3 14
3 19
3 26
3 34
3 44
3 75
4 6
4 13
4 22
4 54
5 6
5 7
5 8
5 10
5 11
5 12
5 20
5 23
5 26
5 29
5 32
5 41
5 46
5 50
5 54
5 77
5 78
5 89
5 93
5 95
5 103
5 106
5 110
5 116
6 7
6 8
6 9
6 12
6 17
6 19
6 21
6 22
6 23
6 25
6 27
6 32
6 33
6 38
6 42
6 43
6 46
6 60
6 69
6 95
6 112
6 114
7 8
7 9
7 10
7 11
7 12
7 13
7 15
7 16
7 19
7 20
7 22
7 26
7 27
7 28
7 36
7 38
7 39
7 43
7 53
7 60
7 61
7 63
7 64
7 74
7 75
7 81
7 83
7 84
7 85
7 88
7 89
7 97
7 107
7 116
8 9
8 11
8 12
8 15
8 31
8 33
8 37
8 44
8 52
8 55
8 65
8 72
8 79
8 85
8 86
8 91
8 95
8 98
8 117
9 10
9 13
9 15
9 18
9 24
9 33
9 34
9 40
9 41
9 48
9 50
9 54
9 87
9 97
9 98
9 102
10 11
10 12
10 13
10 19
10 21
10 27
10 29
10 31
10 35
10 38
10 39
10 42
10 45
10 47
10 51
10 59
10 63
10 65
10 69
10 72
10 73
10 78
10 79
10 80
10 82
10 84
10 87
10 88
10 93
10 96
10 99
10 101
10 102
10 103
10 107
10 110
10 115
11 14
11 16
11 18
11 23
11 28
11 29
11 76
11 79
11 81
11 82
11 86
11 90
11 94
11 99
11 114
12 14
12 18
12 21
12 25
12 27
12 30
12 32
12 34
12 40
12 42
12 43
12 51
12 55
12 59
12 64
12 66
12 77
12 78
12 81
12 91
12 103
12 107
12 111
13 14
13 15
13 17
13 24
13 25
13 36
13 40
13 52
13 68
13 71
13 74
13 93
13 99
13 102
13 103
13 111
14 16
14 17
14 18
14 24
14 37
14 44
14 66
14 77
14 98
15 16
15 19
15 27
15 32
15 34
15 49
15 58
15 64
15 68
15 74
15 80
15 112
16 17
16 23
16 30
16 39
16 55
16 58
16 96
16 98
16 101
16 114
16 116
17 20
17 26
17 31
17 33
17 37
17 39
17 53
17 56
17 57
17 59
17 68
17 70
17 82
17 87
17 90
17 91
17 105
17 115
18 20
18 22
18 39
18 43
18 46
18 47
18 48
18 67
18 69
18 82
18 85
18 100
19 21
19 24
19 28
19 31
19 32
19 41
19 44
19 47
19 62
19 69
19 72
19 83
19 108
19 116
19 118
20 23
20 35
20 55
20 71
20 94
21 28
21 35
21 36
21 41
21 48
21 49
21 52
21 57
21 58
21 61
21 65
21 80
21 81
21 90
21 95
21 104
22 28
22 29
22 47
22 48
22 64
22 75
22 83
22 84
22 90
23 24
23 117
24 34
24 50
24 56
24 57
24 62
24 65
24 70
24 71
24 100
24 104
24 105
25 110
25 119
26 30
26 36
26 118
28 45
28 74
28 78
28 81
29 50
29 53
29 56
29 67
29 86
29 100
29 119
30 31
30 40
30 43
30 49
30 53
30 57
30 59
30 67
30 72
30 77
30 94
30 102
32 35
32 45
32 73
32 76
33 36
33 45
33 67
33 71
33 75
33 76
34 101
34 115
35 45
35 46
35 51
35 52
35 56
35 60
35 62
35 111
36 37
36 38
36 46
36 58
36 85
36 109
37 71
37 74
37 84
37 91
38 42
38 54
38 89
38 106
39 47
39 53
39 60
39 61
39 62
39 88
39 112
39 113
39 118
41 72
42 51
42 63
42 73
42 83
42 85
43 50
43 57
43 60
43 70
43 76
43 92
43 104
44 52
44 54
44 69
44 87
44 107
44 108
44 109
45 51
45 77
45 92
45 114
45 118
46 64
47 73
50 68
50 118
51 55
51 73
52 63
52 66
53 58
53 92
53 109
54 87
54 117
55 70
56 65
56 68
56 89
56 108
56 109
60 61
60 108
60 116
61 62
61 105
62 66
62 89
62 91
62 111
62 113
62 117
63 98
63 104
65 66
65 86
65 105
66 75
66 88
66 105
66 119
67 76
67 80
67 83
67 90
69 92
69 100
71 79
71 96
71 102
71 112
71 114
72 93
72 112
73 119
75 78
75 97
75 109
76 80
76 88
76 96
76 113
77 100
78 101
78 117
79 95
79 110
81 115
82 104
84 93
85 113
85 115
90 92
90 94
90 106
90 119
92 101
93 111
95 106
95 108
96 97
97 113
