0 1
0 2
0 3
0 4
0 5
0 6
0 7
0 9
0 12
0 13
0 14
0 19
0 20
0 22
0 23
0 28
0 29
0 32
0 37
0 39
0 42
0 52
0 53
0 56
0 58
0 59
0 65
0 68
0 89
0 90
0 95
0 99
0 100
0 117
1 6
1 8
1 9
1 42
1 61
1 80
1 97
2 6
2 7
2 8
2 9
2 10
2 11
2 12
2 13
2 14
2 15
2 16
2 17
2 19
2 21
2 24
2 35
2 38
2 51
2 52
2 59
2 66
2 67
2 69
2 71
2 75
2 77
2 98
2 100
2 105
2 107
3 6
3 7
3 8
3 47
3 56
3 59
3 64
3 68
3 97
4 6
4 7
4 8
4 9
4 10
4 31
4 36
4 37
4 61
4 72
4 73
4 76
4 83
4 86
4 90
4 96
4 99
4 101
4 108
4 112
4 113
6 7
6 8
6 10
6 11
6 12
6 16
6 17
6 18
6 19
6 20
6 21
6 27
6 28
6 31
6 39
6 45
6 47
6 64
6 67
6 71
6 84
6 85
6 86
6 107
6 109
6 110
6 113
7 10
7 11
7 13
7 15
7 22
7 29
7 33
7 35
7 40
7 41
7 46
7 49
7 58
7 73
7 75
7 96
7 97
8 9
8 10
8 12
8 14
8 15
8 17
8 18
8 22
8 23
8 28
8 31
8 32
8 33
8 37
8 38
8 44
8 45
8 48
8 52
8 53
8 59
8 62
8 63
8 68
8 73
8 74
8 79
8 81
8 82
8 85
8 102
8 111
8 117
9 11
9 17
9 18
9 19
9 24
9 25
9 30
9 57
9 60
9 80
9 119
10 11
10 13
10 15
10 16
10 24
10 31
10 38
10 46
10 49
10 66
10 69
10 70
10 74
10 76
10 93
10 98
10 103
10 106
11 12
11 13
11 14
11 16
11 17
11 21
11 22
11 23
11 25
11 26
11 27
11 29
11 30
11 37
11 49
11 58
11 63
11 71
11 78
11 79
11 88
11 97
11 100
11 109
12 15
12 18
12 25
12 27
12 34
12 39
12 41
12 51
12 62
12 63
12 71
12 72
12 85
12 87
12 94
12 110
12 117
13 14
13 16
13 19
13 20
13 21
13 23
13 25
13 26
13 29
13 30
13 33
13 35
13 36
13 38
13 41
13 44
13 50
13 53
13 57
13 65
13 68
13 69
13 76
13 78
13 82
13 89
13 99
13 109
13 110
13 112
13 116
14 20
14 40
14 43
14 77
14 118
14 119
15 37
15 44
15 54
15 93
15 111
16 18
16 29
16 30
16 34
16 36
16 38
16 43
16 46
16 48
16 50
16 53
16 56
16 67
16 69
16 81
16 86
16 87
16 92
16 113
16 119
17 24
17 34
17 51
17 55
17 96
17 118
18 20
18 21
18 25
18 27
18 28
18 33
18 43
18 48
18 53
18 59
18 61
18 106
19 26
19 32
19 41
19 78
19 108
19 114
20 34
20 36
20 50
20 74
20 75
20 115
21 22
21 23
21 26
21 40
21 44
21 54
21 61
21 77
21 81
21 96
21 101
21 104
21 108
21 117
21 119
22 39
22 44
22 52
22 73
22 92
23 24
23 27
23 32
23 33
23 35
23 40
23 47
23 48
23 55
23 57
23 75
23 88
23 114
24 111
25 26
25 28
25 32
25 39
25 40
25 42
25 47
25 94
25 113
26 35
26 45
26 63
26 72
26 78
26 79
26 85
26 87
26 90
26 103
26 116
26 119
27 45
27 49
27 54
27 62
27 83
27 84
27 94
27 98
27 105
27 118
28 60
28 64
28 69
28 101
28 111
28 112
28 116
29 30
29 31
29 46
29 50
29 55
29 65
29 76
29 85
29 88
29 91
29 102
29 116
30 34
30 49
30 60
30 66
30 77
30 84
30 94
31 41
31 43
31 92
31 107
32 58
32 66
32 70
33 36
33 46
33 47
33 51
33 64
33 82
33 104
34 84
34 104
35 42
38 90
38 98
39 42
39 54
39 57
39 60
39 91
40 52
40 54
40 55
40 56
40 57
40 60
40 65
40 72
40 80
40 81
40 99
40 102
40 103
40 108
40 111
40 118
41 43
41 45
41 56
41 67
41 74
42 62
42 89
44 50
44 55
44 67
44 70
44 77
44 89
44 100
44 104
44 109
45 48
45 51
45 68
45 80
45 92
45 105
46 98
47 80
47 95
48 94
49 107
49 115
50 70
50 71
50 102
50 103
51 89
51 95
52 74
52 81
53 72
53 76
53 114
54 107
55 66
55 83
56 58
56 61
56 83
56 86
56 88
56 105
58 87
58 90
58 91
59 65
59 83
60 62
60 106
60 114
61 63
61 84
61 101
62 64
62 70
65 96
65 115
66 79
66 87
66 92
68 75
68 82
69 73
69 79
70 95
71 78
71 116
72 103
72 109
72 113
73 108
74 88
75 91
75 102
77 95
78 82
78 91
78 99
78 110
78 115
80 86
80 93
80 100
82 93
82 114
83 106
84 115
87 118
88 93
89 106
90 101
92 112
93 112
96 97
98 104
98 105
107 110
115 117
