0 1
0 2
0 3
0 4
0 5
0 6
0 7
0 8
0 9
0 10
0 11
0 13
0 14
0 15
0 18
0 19
0 20
0 23
0 24
0 26
0 30
0 34
0 37
0 40
0 42
0 49
0 52
0 54
0 59
0 71
0 78
0 80
0 82
0 85
0 86
0 92
0 100
0 102
0 103
0 105
0 106
0 114
0 116
1 6
1 8
1 13
1 14
1 20
1 84
1 98
2 10
2 12
2 14
2 19
2 36
2 51
2 53
2 60
2 66
2 68
2 73
2 77
2 88
2 95
3 6
3 7
3 8
3 9
3 10
3 13
3 16
3 17
3 21
3 24
3 28
3 29
3 39
3 45
3 54
3 68
3 72
3 74
3 76
3 84
3 91
3 104
3 113
3 117
3 119
4 6
4 7
4 12
4 14
4 16
4 22
4 40
4 43
4 90
4 97
4 116
5 6
5 7
5 8
5 9
5 11
5 15
5 21
5 79
5 91
5 103
6 7
6 8
6 10
6 11
6 12
6 13
6 21
6 25
6 33
6 35
6 39
6 46
6 47
6 51
6 55
6 60
6 61
6 62
6 74
6 75
6 86
6 88
6 91
6 97
6 98
6 107
6 111
7 9
7 10
7 14
7 16
7 17
7 19
7 20
7 21
7 24
7 26
7 29
7 30
7 33
7 36
7 41
7 45
7 46
7 49
7 53
7 57
7 58
7 59
7 61
7 66
7 67
7 69
7 71
7 72
7 75
7 76
7 93
7 96
7 102
7 109
7 112
7 116
7 118
7 119
8 9
8 11
8 13
8 19
8 23
8 25
8 29
8 31
8 35
8 39
8 42
8 43
8 44
8 61
8 65
8 79
8 80
8 94
8 103
8 104
8 106
9 11
9 12
9 17
9 20
9 23
9 24
9 31
9 34
9 35
9 46
9 48
9 49
9 61
9 66
9 76
9 83
9 87
9 95
9 110
10 12
10 15
10 16
10 26
10 28
10 31
10 50
10 52
10 72
10 73
10 84
10 85
10 87
10 97
10 112
11 15
11 32
11 44
11 55
11 62
11 64
11 67
11 71
11 75
11 81
11 89
11 92
11 107
11 115
12 18
12 22
12 32
12 38
12 63
12 67
12 78
12 101
12 118
13 15
13 16
13 18
13 19
13 22
13 26
13 27
13 29
13 31
13 33
13 38
13 43
13 49
13 55
13 58
13 62
13 64
13 72
13 73
13 85
13 96
13 106
13 111
14 18
14 20
14 22
14 27
14 30
14 33
14 34
14 37
14 39
14 43
14 47
14 52
14 53
14 55
14 57
14 65
14 66
14 69
14 70
14 76
14 102
14 103
14 105
14 108
14 111
15 17
15 25
15 31
15 32
15 73
15 104
15 109
16 17
16 22
16 23
16 27
16 28
16 30
16 32
16 34
16 36
16 40
16 45
16 50
16 58
16 60
16 65
16 68
16 81
16 82
16 93
16 95
16 101
16 107
16 118
17 18
17 27
17 32
17 43
17 44
17 46
17 47
17 69
17 70
17 78
17 81
18 25
18 81
19 21
19 34
19 37
19 41
19 42
19 61
19 78
19 80
19 115
19 119
20 26
20 44
20 60
20 77
20 99
20 105
21 24
21 27
21 33
21 35
21 41
21 53
21 54
21 56
21 63
21 67
21 90
21 108
22 23
22 28
22 50
22 83
23 35
23 40
23 48
23 51
23 62
23 92
23 108
24 25
24 30
24 41
24 48
24 64
24 67
24 68
24 74
24 80
24 88
24 90
24 96
24 102
24 104
24 115
25 29
25 38
25 42
25 98
25 101
26 28
26 50
26 77
26 83
26 92
27 36
27 37
27 40
27 75
27 79
27 87
27 99
27 117
28 39
28 51
28 55
28 65
28 84
29 44
29 48
29 52
30 47
30 53
30 58
30 79
31 38
31 45
31 56
31 63
31 93
31 101
31 112
31 119
32 42
32 46
32 56
32 57
32 63
32 89
32 95
33 65
33 83
33 96
33 111
34 37
34 49
34 52
34 74
34 108
35 36
35 56
35 68
35 78
35 82
35 98
36 38
37 63
37 101
37 112
37 114
38 41
38 54
38 82
39 47
39 88
39 107
40 54
40 62
40 64
41 100
41 116
42 94
42 109
43 70
43 82
44 45
44 59
44 99
45 51
45 57
45 59
45 66
45 69
45 70
45 108
46 48
46 80
46 89
46 97
47 106
48 50
48 56
48 70
48 73
48 91
49 59
50 107
51 86
52 77
52 86
52 100
52 109
53 58
53 94
53 117
53 119
54 110
55 57
55 74
56 60
56 87
56 94
56 95
58 64
58 72
58 100
59 93
60 87
61 71
61 117
62 71
62 81
62 84
63 79
64 69
64 89
64 99
65 83
65 105
66 114
67 91
67 92
69 76
69 90
69 102
70 112
71 75
74 89
76 77
76 110
77 115
77 118
78 85
78 86
78 90
80 88
80 105
81 109
81 113
81 115
83 113
84 85
84 99
84 113
85 111
86 93
89 100
90 94
90 117
91 96
92 97
92 98
92 103
92 104
92 110
94 118
96 114
96 116
97 113
99 110
100 114
105 106
