0 1
0 2
0 3
0 4
0 5
0 6
0 7
0 8
0 9
0 10
0 11
0 13
0 14
0 17
0 21
0 22
0 24
0 28
0 29
0 32
0 33
0 34
0 36
0 40
0 42
0 45
0 48
0 52
0 55
0 58
0 59
0 65
0 68
0 93
0 118
0 119
1 9
1 12
1 14
1 16
1 19
1 20
1 25
1 26
1 31
1 35
1 53
1 54
1 76
1 88
1 94
2 6
2 7
2 8
2 9
2 12
2 13
2 37
2 52
2 55
2 82
3 6
3 7
3 8
3 10
3 11
3 12
3 13
3 15
3 16
3 19
3 25
3 26
3 27
3 43
3 46
3 49
3 50
3 62
3 77
3 78
3 88
3 89
3 98
3 99
3 101
3 103
3 106
3 108
3 119
4 6
4 14
4 21
4 27
4 30
4 61
4 69
4 115
5 6
5 7
5 19
5 49
5 51
5 60
5 77
5 80
5 81
5 87
5 96
5 118
6 7
6 8
6 9
6 10
6 11
6 12
6 13
6 15
6 16
6 20
6 21
6 23
6 24
6 25
6 26
6 27
6 28
6 29
6 30
6 31
6 33
6 34
6 35
6 37
6 38
6 41
6 43
6 48
6 50
6 53
6 55
6 62
6 64
6 67
6 70
6 72
6 83
6 91
6 92
6 102
6 109
6 111
6 113
6 115
6 116
7 8
7 9
7 10
7 11
7 12
7 15
7 17
7 18
7 20
7 25
7 26
7 32
7 36
7 39
7 41
7 43
7 44
7 57
7 58
7 62
7 66
7 70
7 77
7 78
7 79
7 80
7 87
7 95
7 104
7 107
7 110
7 111
7 112
7 115
7 119
8 14
8 20
8 22
8 23
8 24
8 29
8 31
8 37
8 42
8 46
8 54
8 67
8 74
8 75
8 89
8 99
8 100
8 112
8 114
8 115
9 10
9 13
9 16
9 18
9 21
9 29
9 38
9 41
9 42
9 43
9 47
9 51
9 57
9 61
9 76
9 88
9 90
9 91
9 99
9 104
10 11
10 14
10 15
10 17
10 18
10 19
10 24
10 27
10 30
10 36
10 67
10 84
10 85
10 91
10 100
10 104
10 109
10 112
10 113
11 15
11 18
11 30
11 43
11 71
11 86
11 96
11 116
12 17
12 22
12 24
12 28
12 35
12 37
12 53
12 60
12 61
12 65
12 72
12 73
12 74
12 79
12 87
12 93
13 16
13 18
13 26
13 29
13 35
13 44
13 46
13 60
13 69
13 70
13 83
13 85
13 95
13 97
13 112
13 117
14 31
14 54
14 64
15 20
15 25
15 39
15 105
16 17
16 19
16 22
16 28
16 30
16 33
16 63
16 66
16 83
16 119
17 21
17 22
17 23
17 27
17 56
17 95
17 117
18 32
18 41
18 47
18 49
18 55
18 68
18 74
18 79
18 81
18 92
18 110
19 23
19 39
19 45
19 49
19 51
19 52
19 68
19 70
19 90
19 99
20 34
20 45
20 46
20 50
20 72
20 94
20 96
20 102
20 107
21 23
21 32
21 36
21 38
21 42
21 57
21 65
21 69
21 79
21 82
21 85
21 89
21 91
21 111
22 52
22 55
22 65
22 71
22 98
22 105
23 32
23 34
23 57
23 60
23 75
23 98
23 99
23 104
23 111
24 38
24 39
24 47
24 54
24 109
25 28
25 31
25 47
25 63
25 70
25 75
25 76
26 44
27 35
27 45
27 58
28 33
28 36
28 38
28 40
28 46
28 84
28 90
28 94
28 95
29 33
29 42
29 74
30 34
30 47
30 107
31 40
31 54
31 58
31 61
32 39
32 60
32 73
32 80
32 86
33 45
33 49
33 51
33 53
33 69
33 82
33 86
34 37
34 40
34 48
34 69
34 71
34 73
34 88
34 103
34 118
35 86
35 102
36 50
36 53
36 58
36 106
37 65
37 80
37 84
37 95
37 100
37 106
38 40
38 44
38 56
38 59
38 117
39 66
39 75
39 108
40 41
40 66
40 67
40 97
40 101
40 110
41 82
42 48
42 52
42 63
42 64
42 73
42 87
42 96
42 103
42 118
43 44
43 51
43 59
43 64
43 81
43 85
43 108
43 109
44 50
44 100
45 48
45 61
45 93
45 117
47 56
48 56
48 63
48 67
48 91
48 117
49 71
49 110
50 72
50 76
50 92
51 64
51 68
51 77
51 80
51 93
51 94
51 103
52 87
52 102
53 56
53 57
53 81
53 101
53 105
54 62
54 76
54 97
55 62
55 63
55 82
55 105
55 107
55 114
56 78
56 96
56 101
56 106
56 114
57 59
58 59
58 84
60 89
62 66
62 81
62 102
62 112
62 116
63 74
63 78
63 90
63 109
64 111
65 71
65 72
65 75
67 68
67 73
67 77
68 98
70 114
70 115
71 88
71 97
72 98
74 78
74 105
75 79
76 85
76 86
77 83
77 90
79 93
80 113
81 83
81 84
81 89
81 92
81 103
81 110
82 92
82 101
82 113
86 116
87 108
90 100
91 108
92 94
92 106
93 97
96 104
97 114
99 107
104 116
105 118
107 119
108 113
