0 1
0 2
0 3
0 4
0 5
0 6
0 7
0 9
0 10
0 12
0 13
0 14
0 19
0 25
0 26
0 32
0 34
0 44
0 53
0 54
0 60
0 61
0 67
0 76
0 82
0 83
0 92
0 101
0 104
0 105
0 111
1 6
1 7
1 8
1 13
1 14
1 15
1 19
1 21
1 22
1 24
1 25
1 29
1 38
1 50
1 60
1 63
1 73
1 97
1 107
1 115
2 6
2 7
2 10
2 14
2 15
2 16
2 17
2 18
2 19
2 20
2 22
2 24
2 31
2 32
2 33
2 34
2 37
2 45
2 50
2 51
2 55
2 64
2 68
2 70
2 72
2 79
2 84
2 85
2 93
2 98
2 113
2 115
2 118
3 8
3 9
3 10
3 11
3 12
3 15
3 18
3 20
3 21
3 28
3 31
3 36
3 42
3 45
3 46
3 49
3 52
3 53
3 57
3 61
3 65
3 78
3 82
3 88
3 115
3 117
4 6
4 7
4 17
4 20
4 32
4 34
4 42
4 58
4 59
4 94
4 113
5 6
5 8
5 9
5 11
5 16
5 44
5 51
5 62
5 69
5 74
5 90
5 92
5 119
6 7
6 8
6 10
6 16
6 18
6 22
6 27
6 29
6 34
6 39
6 43
6 44
6 56
6 63
6 64
6 66
6 70
6 71
6 74
6 80
6 84
6 103
6 117
7 8
7 9
7 11
7 12
7 13
7 15
7 17
7 19
7 23
7 24
7 32
7 35
7 36
7 38
7 41
7 44
7 46
7 49
7 59
7 65
7 74
7 84
7 89
7 107
8 9
8 11
8 12
8 14
8 23
8 26
8 30
8 37
8 49
8 50
8 76
8 87
8 108
9 10
9 11
9 12
9 13
9 14
9 16
9 17
9 19
9 25
9 29
9 30
9 35
9 39
9 42
9 43
9 46
9 48
9 55
9 57
9 79
9 86
9 88
9 96
9 99
9 101
9 102
9 117
10 13
10 35
10 47
10 89
10 111
11 26
11 36
11 39
11 49
11 52
11 53
11 94
11 101
12 15
12 18
12 52
12 54
12 55
12 56
12 57
12 95
12 109
13 16
13 20
13 22
13 31
13 37
13 48
13 74
13 77
13 79
13 82
14 21
15 17
15 18
15 21
15 24
15 26
15 28
15 37
15 39
15 42
15 44
15 50
15 58
15 66
15 70
15 71
15 82
15 90
15 93
15 106
15 108
16 21
16 40
16 53
16 72
16 83
16 90
16 93
17 23
17 33
17 41
17 51
17 68
17 73
17 81
17 96
18 24
18 27
18 41
18 81
18 107
18 109
19 20
19 23
19 25
19 28
19 30
19 37
19 45
19 52
19 53
19 56
19 58
19 70
19 73
19 74
19 86
19 99
19 107
19 117
20 22
20 26
20 33
20 38
20 40
20 45
20 47
20 58
20 62
20 78
20 90
20 99
20 104
20 116
20 118
21 23
21 27
21 40
21 114
22 25
22 27
22 36
22 43
22 70
22 104
22 106
23 28
23 34
23 47
23 68
23 76
23 77
23 81
23 85
23 107
23 117
23 119
24 29
24 31
24 41
24 46
24 63
24 64
24 73
24 78
25 27
25 28
25 30
25 32
25 33
25 35
25 41
25 57
25 58
25 60
25 64
25 92
25 104
25 110
25 114
26 35
26 38
26 54
26 62
26 87
26 115
26 118
27 29
27 30
27 47
27 48
27 64
27 67
27 116
28 43
28 46
28 55
28 67
28 73
28 76
28 79
28 87
28 97
28 102
28 103
28 112
28 118
29 31
29 36
29 51
29 60
29 63
29 77
29 96
29 102
30 33
30 42
30 63
30 91
31 51
31 91
31 94
31 106
31 110
32 59
32 112
33 47
33 55
33 61
34 59
34 75
34 83
34 85
34 87
35 38
35 40
35 59
35 80
35 99
35 106
36 39
36 40
36 69
36 75
37 56
37 94
37 114
38 72
38 79
38 86
39 61
39 97
39 101
40 112
41 43
41 48
41 52
41 66
41 78
41 85
41 90
41 97
41 102
41 103
41 109
41 110
42 45
42 57
42 68
42 94
43 48
43 56
43 61
43 62
43 82
43 108
44 50
44 77
44 114
45 49
45 54
45 65
45 66
45 84
47 68
47 105
48 66
48 108
49 95
49 98
50 54
50 60
50 67
50 71
50 95
50 119
51 75
51 86
52 80
52 93
53 75
54 83
55 62
55 69
55 75
56 72
56 83
56 97
57 67
57 78
59 65
59 69
59 88
59 98
60 84
60 102
61 77
61 100
61 108
61 111
61 114
62 65
62 87
62 91
62 100
63 76
63 88
63 105
63 109
65 69
65 72
65 98
65 105
66 71
66 92
66 119
67 86
67 92
67 116
68 104
69 71
69 100
69 111
69 115
69 118
70 80
70 89
70 91
70 109
71 81
72 85
72 96
73 80
76 99
77 81
78 100
78 116
80 89
81 93
82 91
84 89
86 88
86 112
87 110
89 96
90 95
90 119
92 95
92 98
92 101
92 113
96 113
97 100
97 105
98 103
101 103
102 106
102 116
103 110
106 111
107 112
107 113
