0 1
0 2
0 3
0 4
0 5
0 6
0 7
0 9
0 14
0 27
0 28
0 35
0 41
0 53
0 55
0 61
0 64
0 67
0 71
0 75
0 92
0 94
0 100
0 101
0 118
0 119
1 6
1 7
1 8
1 9
1 11
1 13
1 16
1 17
1 20
1 21
1 27
1 32
1 39
1 43
1 44
1 45
1 52
1 60
1 62
1 67
1 70
1 81
1 83
1 105
1 106
1 113
1 118
2 11
3 6
3 7
3 8
3 11
3 13
3 18
3 27
3 28
3 30
3 64
3 68
3 73
3 79
3 80
3 87
3 95
3 98
3 109
4 6
4 7
4 8
4 10
4 11
4 12
4 13
4 14
4 15
4 19
4 25
4 27
4 31
4 33
4 34
4 35
4 43
4 68
4 71
4 73
4 75
4 109
4 115
4 118
5 6
5 9
5 15
5 19
5 29
5 38
5 40
5 53
5 72
5 74
5 75
5 80
5 103
5 104
5 118
6 7
6 8
6 9
6 10
6 11
6 12
6 13
6 14
6 15
6 19
6 21
6 22
6 23
6 25
6 30
6 34
6 42
6 43
6 46
6 48
6 49
6 54
6 57
6 61
6 63
6 65
6 69
6 70
6 74
6 78
6 83
6 90
6 102
6 116
6 118
7 8
7 9
7 10
7 12
7 14
7 18
7 19
7 21
7 22
7 26
7 30
7 35
7 38
7 49
7 50
7 61
7 65
7 89
7 91
7 92
7 106
8 10
8 13
8 16
8 17
8 22
8 26
8 28
8 29
8 32
8 42
8 45
8 55
8 58
8 60
8 67
8 79
8 85
8 92
8 96
8 98
8 102
8 109
9 10
9 12
9 14
9 16
9 19
9 37
9 38
9 40
9 41
9 51
9 59
9 62
9 64
9 68
9 87
9 93
9 103
9 107
9 109
10 15
10 18
10 33
10 36
10 47
10 54
10 57
10 68
10 71
10 74
10 80
10 85
10 99
10 106
10 108
10 114
11 12
11 16
11 18
11 20
11 29
11 40
11 46
11 48
11 58
11 65
11 66
11 78
11 85
11 88
11 89
11 96
11 97
11 116
12 16
12 17
12 18
12 21
12 25
12 31
12 39
12 44
12 45
12 49
13 15
13 20
13 24
13 27
13 30
13 40
13 45
13 50
13 67
13 70
13 77
13 81
13 92
13 107
14 17
14 20
14 24
14 25
14 37
14 41
14 50
14 54
14 56
14 60
14 81
14 82
14 83
14 84
14 106
14 115
14 119
15 17
15 23
15 24
15 35
15 43
15 44
15 50
15 51
15 59
15 60
15 109
15 110
15 117
16 21
16 42
16 44
16 49
16 76
16 86
16 101
16 107
17 20
17 22
17 23
17 30
17 39
17 46
17 57
17 73
17 78
17 79
17 105
18 22
18 23
18 32
18 39
18 58
18 71
18 83
18 86
19 24
19 26
19 31
19 32
19 33
19 37
19 48
19 53
19 59
19 77
19 89
19 102
19 105
20 23
20 24
20 28
20 47
20 49
20 52
20 82
20 91
20 105
21 32
21 33
21 84
21 88
21 90
22 26
22 34
22 40
22 56
22 59
22 71
22 74
22 79
22 82
22 101
22 104
23 29
23 36
23 41
23 63
23 69
23 94
23 107
24 25
24 26
24 28
24 48
24 81
24 85
24 97
24 100
25 51
25 63
25 80
25 82
25 83
25 88
25 99
26 31
26 36
26 44
26 54
26 55
26 61
26 69
26 72
26 110
26 112
26 115
27 29
27 31
27 35
27 37
27 47
27 48
27 55
27 58
27 63
27 65
27 66
27 67
27 69
27 76
27 85
27 96
28 36
28 57
28 84
28 87
29 34
29 37
29 42
29 57
29 106
30 33
30 62
30 70
30 76
30 89
31 36
31 38
31 53
31 54
31 66
31 95
31 96
32 45
32 51
32 55
32 56
32 90
32 97
32 107
32 115
33 34
33 93
33 97
33 119
34 91
35 69
35 104
36 39
36 56
36 63
36 79
36 95
37 38
37 101
38 46
38 47
38 50
38 64
38 99
38 104
39 41
39 46
39 47
39 56
39 78
39 88
39 90
39 95
40 42
40 75
40 114
41 77
41 100
41 108
42 43
42 51
42 70
42 72
42 100
42 102
42 111
42 116
43 60
43 62
43 98
43 119
44 58
44 73
44 100
45 52
45 59
45 73
45 76
45 116
46 66
46 86
47 72
47 90
48 52
48 66
48 93
48 114
49 53
49 62
49 72
49 81
49 86
49 94
49 99
50 78
50 80
50 88
50 98
50 115
51 52
51 61
51 64
51 65
51 74
52 82
52 93
55 76
55 108
56 68
56 92
57 116
58 77
58 84
59 77
59 108
60 94
60 97
61 75
61 117
63 110
63 113
63 119
64 87
64 103
66 114
68 93
68 110
68 112
69 99
69 111
69 113
70 89
70 101
71 94
71 111
73 96
75 112
75 113
76 86
76 98
76 102
77 84
77 95
78 91
78 111
81 112
82 87
83 113
84 117
85 91
85 112
88 117
89 103
94 110
96 103
99 111
100 104
101 105
101 108
101 117
111 114
