0 1
0 2
0 3
0 4
0 5
0 6
0 7
0 8
0 9
0 10
0 11
0 12
0 14
0 16
0 17
0 20
0 28
0 31
0 32
0 33
0 37
0 38
0 39
0 40
0 48
0 51
0 52
0 57
0 58
0 63
0 65
0 66
0 79
0 84
0 85
0 96
0 97
0 99
0 100
0 108
0 112
1 8
1 12
1 13
1 16
1 52
1 53
1 58
2 6
2 7
2 8
2 9
2 10
2 11
2 15
2 18
2 20
2 22
2 26
2 30
2 31
2 38
2 51
2 62
2 63
2 80
2 117
2 119
3 6
3 7
3 10
3 25
3 54
3 75
3 76
4 6
4 7
4 8
4 9
4 12
4 13
4 15
4 17
4 19
4 24
4 26
4 33
4 35
4 36
4 46
4 49
4 51
4 54
4 55
4 56
4 57
4 62
4 63
4 67
4 77
4 78
4 80
4 84
4 87
4 100
4 102
5 6
5 15
5 22
5 31
5 97
5 119
6 7
6 8
6 9
6 10
6 11
6 12
6 13
6 14
6 18
6 19
6 20
6 21
6 23
6 25
6 28
6 31
6 32
6 35
6 37
6 43
6 45
6 46
6 49
6 53
6 67
6 69
6 72
6 75
6 76
6 77
6 80
6 88
6 93
6 99
6 104
6 106
7 9
7 17
7 18
7 19
7 21
7 22
7 24
7 27
7 36
7 40
7 42
7 44
7 81
7 87
7 89
7 90
8 10
8 11
8 12
8 14
8 16
8 20
8 22
8 23
8 26
8 27
8 29
8 30
8 33
8 34
8 35
8 37
8 38
8 39
8 50
8 59
8 65
8 69
8 70
8 72
8 83
8 85
8 86
8 95
8 99
8 101
8 105
8 113
9 13
9 20
9 23
9 26
9 27
9 34
9 41
9 47
9 58
9 70
9 74
9 79
9 88
9 91
9 102
9 109
9 112
10 11
10 14
10 16
10 17
10 18
10 21
10 22
10 32
10 36
10 42
10 44
10 45
10 46
10 49
10 61
10 65
10 67
10 71
10 79
10 82
10 95
10 99
10 107
10 114
11 13
11 14
11 15
11 17
11 19
11 23
11 24
11 25
11 34
11 43
11 47
11 48
11 63
11 68
11 87
11 89
11 101
11 107
12 40
12 53
12 58
12 77
12 79
12 94
12 106
12 113
13 15
13 28
13 39
13 40
13 42
13 53
13 60
13 81
13 84
13 112
14 16
14 44
14 45
14 76
15 28
15 30
15 52
15 56
15 74
15 119
16 18
16 19
16 24
16 43
16 45
16 49
16 55
16 57
16 60
16 71
16 74
16 78
16 90
16 100
16 103
17 21
17 30
17 38
17 39
17 58
17 59
17 60
17 64
17 75
17 90
17 99
18 29
18 30
18 56
18 68
18 73
18 91
18 92
18 94
18 104
18 115
19 47
19 57
19 61
19 77
19 78
19 82
19 93
20 21
20 23
20 27
20 34
20 40
20 50
20 54
20 66
20 70
20 81
20 92
20 108
20 111
21 24
21 25
21 28
21 29
21 31
21 35
21 37
21 42
21 44
21 50
21 61
21 69
21 81
21 87
21 90
21 109
21 117
22 25
22 48
22 87
22 106
22 111
23 27
23 32
23 35
23 36
24 26
24 36
24 95
24 118
25 29
25 37
25 38
25 41
25 48
25 50
25 60
25 66
25 69
25 70
25 72
25 75
25 79
25 82
25 96
25 104
25 114
25 116
26 41
26 54
26 55
26 88
26 93
26 114
27 46
27 108
28 29
28 32
28 43
28 52
28 53
28 62
28 65
28 73
28 83
29 33
29 61
29 93
29 112
29 116
30 33
30 34
30 83
30 96
30 102
31 65
31 71
31 84
31 88
31 94
31 102
31 113
32 44
32 66
32 74
32 86
32 104
33 41
33 45
33 47
33 54
33 62
33 63
33 64
33 85
33 114
35 39
35 47
35 82
35 86
35 97
36 41
36 49
36 56
36 64
36 71
36 72
36 96
37 59
38 42
38 43
38 48
38 62
38 67
38 68
38 77
38 78
38 86
38 101
38 103
39 57
39 68
39 108
39 110
39 111
40 51
40 59
40 69
41 56
41 90
42 50
42 55
42 89
42 92
42 98
42 109
43 75
43 105
44 46
44 60
44 71
44 78
44 103
44 111
45 64
45 73
45 109
45 115
46 51
46 76
46 88
46 103
46 113
46 118
47 52
47 73
47 105
48 68
48 70
49 73
49 76
49 102
49 117
50 64
50 82
50 91
51 118
52 55
52 61
52 72
53 89
53 94
53 117
54 59
54 110
55 96
55 114
56 91
57 74
57 97
57 100
57 101
57 110
58 105
60 84
61 66
61 97
61 101
61 105
63 80
63 81
63 91
63 98
63 106
64 83
64 85
64 89
64 116
65 115
66 67
66 80
68 116
68 119
69 107
69 108
71 85
72 117
73 93
74 98
74 107
75 92
76 92
76 94
76 103
76 110
77 111
78 119
79 83
80 98
81 100
82 86
82 95
83 95
86 116
88 106
88 115
89 107
90 104
91 110
92 109
94 112
94 115
95 118
96 98
109 113
116 118
