0 1
0 2
0 3
0 4
0 5
0 6
0 7
0 8
0 9
0 10
0 11
0 17
0 19
0 20
0 21
0 22
0 26
0 29
0 32
0 38
0 40
0 41
0 44
0 45
0 48
0 50
0 54
0 55
0 57
0 66
0 73
0 74
0 78
0 79
0 81
0 83
0 93
0 95
0 100
0 101
0 104
0 114
1 6
1 7
1 8
1 9
1 13
1 18
1 21
1 25
1 27
1 35
1 55
1 57
1 73
1 77
1 86
1 104
2 6
2 7
2 8
2 9
2 12
2 13
2 14
2 16
2 22
2 41
2 45
2 56
2 63
2 68
2 88
2 111
2 117
3 7
3 11
3 13
3 24
3 27
3 44
3 55
3 61
3 69
3 96
4 6
4 14
5 6
5 10
5 12
5 22
5 36
5 40
5 42
5 51
5 64
5 65
5 73
5 87
6 7
6 8
6 9
6 10
6 13
6 15
6 16
6 19
6 21
6 23
6 25
6 27
6 34
6 37
6 38
6 42
6 46
6 54
6 59
6 63
6 66
6 67
6 69
6 72
6 83
6 96
6 101
6 105
6 110
6 115
7 8
7 9
7 10
7 11
7 12
7 13
7 14
7 15
7 16
7 17
7 20
7 24
7 29
7 30
7 31
7 32
7 33
7 37
7 38
7 43
7 60
7 63
7 66
7 72
7 87
7 89
7 90
7 94
7 106
7 108
7 110
7 114
8 12
8 15
8 21
8 22
8 29
8 32
8 40
8 47
8 50
8 52
8 58
8 74
8 90
8 109
8 115
8 117
9 10
9 11
9 16
9 17
9 18
9 23
9 24
9 25
9 31
9 34
9 39
9 40
9 44
9 58
9 63
9 71
9 82
9 83
9 88
9 98
10 11
10 12
10 14
10 15
10 17
10 18
10 20
10 21
10 24
10 26
10 28
10 29
10 32
10 41
10 48
10 49
10 51
10 53
10 56
10 58
10 64
10 67
10 76
10 80
10 84
10 88
10 98
10 99
10 100
10 102
10 103
10 107
11 14
11 15
11 23
11 34
11 36
11 39
11 48
11 52
11 54
11 56
11 59
11 68
11 69
11 76
11 86
11 87
11 94
11 107
11 119
12 30
12 94
13 16
13 18
13 24
13 25
13 37
13 38
13 39
13 51
13 52
13 67
13 73
13 91
13 99
13 102
13 104
13 116
13 118
14 17
14 18
14 19
14 23
14 27
14 28
14 29
14 30
14 34
14 35
14 42
14 43
14 45
14 50
14 65
14 71
14 74
14 80
14 91
14 102
14 118
15 19
15 20
15 28
15 33
15 36
15 49
15 53
15 59
15 60
15 62
15 84
15 100
15 109
15 119
16 22
16 26
16 27
16 28
16 30
16 31
16 34
16 36
16 39
16 50
16 54
16 57
16 58
16 62
16 65
16 66
16 69
16 70
16 72
16 78
16 82
16 83
16 89
16 95
16 104
16 113
17 19
17 23
17 47
17 80
17 106
17 108
18 26
18 31
18 42
18 47
18 49
18 66
18 81
18 86
18 94
18 101
18 117
18 118
19 20
19 25
19 38
19 46
19 50
19 53
19 65
19 67
19 116
20 41
20 61
20 84
20 85
20 89
20 109
20 116
21 37
21 40
21 48
21 59
21 65
21 78
21 98
22 26
22 30
22 32
22 92
22 95
22 98
23 43
23 44
23 72
23 79
23 97
24 28
24 33
24 35
24 52
24 56
24 81
24 84
24 85
24 90
24 112
25 62
25 72
25 80
25 87
25 105
25 112
25 113
26 45
26 55
26 75
26 96
26 116
27 45
27 48
27 75
27 76
27 97
27 102
28 31
28 33
28 47
28 77
28 95
29 42
29 46
29 57
29 61
29 64
29 75
29 103
30 35
30 36
30 43
30 44
30 59
30 64
30 77
30 78
30 115
31 43
31 46
31 49
31 71
32 33
32 71
33 35
33 103
34 75
34 105
34 108
35 37
35 39
35 51
35 52
35 99
35 100
35 110
35 116
36 70
36 93
37 41
37 46
37 53
37 60
37 68
37 79
37 90
37 96
37 101
37 106
39 70
39 77
39 103
40 76
41 51
41 64
41 82
41 92
42 85
42 88
43 49
43 53
43 68
43 99
43 105
44 47
44 61
44 91
44 113
45 62
45 68
45 95
45 97
46 62
46 78
46 92
48 113
49 55
49 67
49 118
50 54
51 71
51 85
51 87
53 61
53 63
53 79
53 89
53 109
53 110
54 56
54 60
54 70
54 73
54 74
54 83
54 97
54 110
55 57
55 58
55 74
55 77
55 79
55 85
55 86
55 93
56 82
56 91
56 92
57 90
57 92
58 104
59 60
59 102
59 119
60 112
61 70
61 99
61 111
62 81
63 69
64 93
64 103
67 75
67 112
69 86
69 108
70 107
71 81
71 106
72 94
72 107
73 80
73 89
73 106
74 76
74 84
74 101
76 93
76 113
77 88
77 108
78 109
78 114
78 115
78 117
78 118
79 82
82 119
84 96
84 98
85 91
86 97
87 119
88 100
89 111
90 111
95 105
96 115
100 114
103 107
104 112
108 111
113 114
116 117
