0 1
0 2
0 3
0 4
0 5
0 6
0 7
0 8
0 9
0 10
0 11
0 12
0 13
0 15
0 18
0 21
0 25
0 31
0 32
0 33
0 40
0 48
0 49
0 51
0 55
0 60
0 61
0 63
0 71
0 73
0 78
0 80
0 88
0 89
0 90
0 104
0 107
0 109
0 114
0 119
1 6
1 7
1 8
1 10
2 6
2 10
2 13
2 16
2 24
2 38
2 40
2 43
2 79
2 82
2 93
3 6
3 7
3 9
3 10
3 12
3 16
3 19
3 21
3 23
3 24
3 26
3 37
3 55
3 77
3 88
3 93
3 108
3 110
4 7
4 15
4 18
4 26
4 41
4 76
4 78
4 81
4 102
5 6
5 8
5 9
5 12
5 14
5 17
5 18
5 24
5 25
5 33
5 40
5 42
5 44
5 53
5 74
5 84
5 85
5 88
5 100
5 107
5 112
6 7
6 8
6 9
6 10
6 11
6 13
6 17
6 20
6 21
6 23
6 24
6 29
6 42
6 43
6 46
6 47
6 49
6 50
6 53
6 54
6 58
6 63
6 64
6 67
6 71
6 80
6 93
6 95
6 96
6 99
6 102
6 103
6 118
7 8
7 9
7 13
7 14
7 16
7 17
7 19
7 20
7 22
7 25
7 27
7 28
7 29
7 31
7 33
7 34
7 38
7 41
7 43
7 52
7 64
7 85
7 87
7 97
7 109
7 114
8 11
8 12
8 15
8 20
8 21
8 22
8 34
8 37
8 39
8 42
8 48
8 53
8 59
8 62
8 66
8 75
8 86
8 96
9 11
9 13
9 14
9 17
9 37
9 99
9 110
10 11
10 12
10 14
10 16
10 17
10 28
10 36
10 46
10 47
10 57
10 60
10 64
10 66
10 74
10 91
10 104
10 118
11 15
11 24
11 31
11 41
11 65
11 91
11 99
11 110
11 116
12 16
12 18
12 19
12 20
12 23
12 26
12 27
12 29
12 30
12 31
12 32
12 34
12 35
12 40
12 45
12 52
12 56
12 59
12 62
12 67
12 68
12 70
12 75
12 80
12 107
13 14
13 15
13 30
13 33
13 38
13 50
13 70
13 77
13 86
13 91
13 98
13 109
13 113
13 115
14 22
14 40
14 41
14 43
14 44
14 52
14 68
14 69
14 76
14 80
14 82
14 87
14 96
14 101
14 108
14 118
15 19
15 27
15 32
15 35
15 36
15 37
15 44
15 47
15 61
15 65
15 75
15 78
15 98
15 110
16 18
16 19
16 30
16 49
16 51
16 56
16 59
16 82
16 86
17 22
17 32
17 36
17 49
17 57
17 97
17 117
18 22
18 23
18 28
18 49
18 63
18 86
18 94
18 111
18 115
19 20
19 23
19 34
19 51
19 53
19 58
19 60
19 66
19 74
19 80
19 81
19 89
19 106
19 119
20 21
20 26
20 27
20 28
20 33
20 43
20 47
20 61
20 72
20 79
20 84
21 39
21 60
21 115
22 27
22 35
22 44
22 54
22 73
22 82
22 99
22 101
22 113
22 117
23 25
23 26
23 52
23 54
23 75
23 76
23 111
23 116
24 25
24 29
24 32
24 45
24 46
24 60
24 65
24 69
24 70
24 72
24 77
24 85
24 88
24 101
24 106
24 117
25 28
25 29
25 39
25 45
25 56
25 62
25 64
25 89
25 95
26 30
26 35
26 44
26 45
26 89
27 45
27 51
27 54
27 64
27 90
27 94
27 98
28 30
28 46
28 55
28 58
28 68
28 69
28 76
28 92
28 103
29 31
29 113
29 114
30 36
30 56
30 79
30 100
31 54
31 67
31 76
31 111
32 38
32 39
32 42
32 55
32 70
32 81
32 86
32 100
32 103
32 112
33 34
33 35
33 37
33 38
33 50
33 61
33 62
33 90
33 91
33 97
33 100
33 108
34 46
34 73
34 90
34 105
34 111
35 36
35 53
35 92
36 57
37 39
37 85
37 91
37 95
37 103
37 105
37 106
37 113
37 114
37 119
38 48
38 51
39 41
39 71
39 83
39 84
39 89
39 94
39 95
40 42
40 55
40 63
40 83
41 47
41 50
41 70
41 82
41 107
42 69
42 77
42 96
42 98
42 116
43 50
43 79
43 92
43 119
44 59
44 98
44 105
45 48
45 57
45 58
45 67
45 68
45 69
45 78
45 85
46 48
46 52
46 58
46 72
46 77
46 87
46 103
47 67
47 83
47 84
47 87
47 116
47 118
48 66
48 95
49 71
49 81
50 57
51 68
51 73
51 83
52 59
52 74
52 92
52 102
52 110
52 112
53 88
53 111
54 56
54 62
54 65
54 115
55 63
56 72
56 73
57 65
57 117
58 97
59 61
59 75
59 99
59 102
60 66
60 92
60 116
61 71
62 105
64 108
65 81
66 104
66 105
66 106
67 94
69 72
69 94
69 97
70 108
71 74
72 93
75 78
75 83
75 90
75 96
75 107
76 79
76 101
77 93
77 109
79 101
82 104
82 113
82 114
83 84
83 87
83 106
83 109
84 117
88 118
94 112
95 100
99 104
101 102
109 112
113 115
113 119
