0 1
0 2
0 3
0 4
0 5
0 6
0 7
0 9
0 11
0 14
0 24
0 29
0 31
0 33
0 50
0 57
0 70
0 72
0 88
0 89
0 92
0 106
0 116
1 7
1 8
1 9
1 10
1 11
1 27
1 34
1 39
1 44
1 75
1 81
2 6
2 13
2 14
2 18
2 22
2 25
2 28
2 30
2 67
2 74
2 83
2 119
3 6
3 7
3 8
3 11
3 18
3 21
3 29
3 32
3 86
3 91
3 94
4 6
4 7
4 10
4 12
4 15
4 16
4 17
4 20
4 22
4 23
4 28
4 31
4 33
4 36
4 37
4 38
4 39
4 41
4 47
4 50
4 51
4 52
4 54
4 57
4 65
4 66
4 78
4 87
4 91
4 94
4 95
4 96
4 102
4 104
4 106
4 113
4 119
5 6
5 8
5 9
5 33
5 34
5 68
5 83
5 93
6 7
6 8
6 10
6 11
6 13
6 15
6 17
6 19
6 20
6 22
6 28
6 29
6 34
6 35
6 37
6 38
6 40
6 42
6 46
6 53
6 55
6 57
6 59
6 61
6 62
6 69
6 70
6 79
6 83
6 98
6 101
6 102
6 103
6 104
6 105
6 117
7 8
7 9
7 10
7 11
7 12
7 13
7 14
7 16
7 17
7 21
7 29
7 31
7 32
7 62
7 64
7 86
7 98
8 9
8 10
8 12
8 14
8 16
8 18
8 19
8 20
8 23
8 24
8 25
8 27
8 30
8 40
8 54
8 55
8 82
8 97
8 111
8 112
8 115
9 14
9 15
9 16
9 20
9 21
9 22
9 24
9 26
9 31
9 33
9 39
9 45
9 47
9 49
9 50
9 54
9 60
9 61
9 64
9 75
9 83
9 89
9 97
9 101
9 106
9 107
9 113
9 117
10 12
10 13
10 19
10 21
10 25
10 38
10 41
10 44
10 45
10 53
10 54
10 57
10 58
10 60
10 73
10 76
10 79
10 94
11 12
11 15
11 74
11 88
11 92
12 13
12 15
12 17
12 23
12 47
12 70
12 76
12 79
12 101
13 16
13 27
13 29
13 33
13 41
13 42
13 46
13 53
13 55
13 59
13 69
13 73
13 96
13 97
13 116
14 18
14 41
14 47
14 49
14 52
14 69
14 72
14 74
14 85
14 105
15 17
15 18
15 20
15 25
15 28
15 32
15 35
15 44
15 45
15 61
15 77
15 84
15 107
15 108
16 21
16 26
16 35
16 37
16 48
16 50
16 51
16 75
16 76
16 82
16 100
17 19
17 23
17 24
17 26
17 27
17 30
17 44
17 81
17 117
18 19
18 35
18 54
18 91
18 109
19 22
19 26
19 60
19 62
19 67
19 86
19 100
20 24
20 27
20 39
20 49
20 55
20 56
20 64
20 68
20 77
20 92
20 115
21 23
21 40
21 53
21 56
21 58
21 63
21 65
21 77
21 89
21 114
21 116
22 25
22 36
22 43
22 47
22 56
22 90
22 91
22 105
23 26
23 34
23 42
23 45
23 52
24 32
24 36
24 40
24 61
24 85
24 87
25 28
25 30
25 35
25 38
25 58
25 89
25 100
25 108
25 111
25 112
26 30
26 44
26 59
26 61
26 62
26 63
26 85
27 37
27 66
27 99
28 49
28 72
29 31
29 36
29 48
29 51
29 56
29 58
29 80
29 95
29 101
29 103
29 109
29 112
30 32
30 34
30 37
30 38
30 46
30 67
30 93
30 98
30 102
30 103
31 36
31 43
31 48
31 65
31 73
31 107
32 40
32 42
32 60
32 76
32 110
33 43
33 56
33 80
33 93
33 112
33 113
34 42
34 46
34 48
34 77
34 78
34 82
34 106
34 108
35 39
35 65
35 90
35 92
35 94
35 100
35 110
36 41
36 52
36 88
36 90
36 99
36 103
36 118
37 82
37 83
37 95
37 102
38 55
38 114
39 50
39 99
40 43
40 63
40 66
40 70
40 78
40 80
40 89
40 96
41 43
41 49
41 53
41 62
41 79
41 81
41 93
42 45
42 46
42 51
42 64
42 118
44 60
44 70
45 66
45 115
46 48
46 52
46 68
46 69
46 74
46 96
47 59
47 63
47 73
47 86
47 87
47 109
47 118
48 65
48 73
50 51
50 76
50 88
51 64
51 75
51 87
51 96
51 104
51 109
51 110
52 57
52 63
52 79
52 80
52 105
52 111
52 113
53 71
53 82
53 91
53 112
53 118
55 72
55 78
55 84
56 58
56 71
56 97
56 101
57 71
57 93
57 94
58 59
58 68
58 69
58 71
58 72
58 77
58 84
58 95
59 81
59 85
59 97
60 74
60 80
60 84
60 111
61 66
61 98
62 67
62 78
62 105
63 92
64 68
64 71
64 98
64 103
65 67
65 104
67 81
68 87
68 107
68 119
69 75
69 90
69 111
69 114
70 88
70 108
71 109
72 95
72 100
74 99
74 113
76 116
79 85
79 108
80 115
81 84
83 86
84 114
85 99
85 116
88 104
88 119
89 90
90 102
91 118
92 110
92 114
96 117
97 107
97 119
99 110
104 106
104 117
107 115
