0 1
0 2
0 3
0 4
0 5
0 6
0 7
0 8
0 9
0 10
0 11
0 12
0 13
0 17
0 19
0 20
0 22
0 23
0 25
0 26
0 28
0 29
0 30
0 33
0 36
0 39
0 41
0 42
0 43
0 44
0 45
0 46
0 47
0 58
0 59
0 61
0 68
0 70
0 72
0 73
0 75
0 84
0 86
0 88
0 91
0 94
0 105
0 111
1 6
1 7
1 8
1 10
1 13
1 19
1 26
1 52
1 53
1 63
1 65
1 67
1 71
2 6
2 7
2 8
2 11
2 12
2 13
2 14
2 15
2 18
2 20
2 25
2 30
2 33
2 35
2 49
2 70
2 89
2 92
2 106
2 110
2 115
2 118
3 6
3 7
3 8
3 9
3 15
3 21
3 26
3 33
3 38
3 49
3 52
3 63
3 65
3 66
3 70
3 85
3 87
3 98
3 99
4 6
4 14
4 15
4 19
4 20
4 21
4 23
4 25
4 27
4 44
4 46
4 47
4 52
4 53
4 57
4 71
4 73
4 85
4 101
4 109
4 119
5 9
5 29
5 47
5 64
6 7
6 8
6 10
6 11
6 14
6 16
6 17
6 18
6 21
6 24
6 26
6 28
6 33
6 43
6 51
6 54
6 56
6 62
6 64
6 78
6 96
6 109
7 9
7 10
7 11
7 12
7 13
7 15
7 16
7 17
7 18
7 19
7 20
7 22
7 28
7 29
7 32
7 34
7 35
7 38
7 40
7 41
7 65
7 67
7 72
7 82
7 90
7 91
7 93
7 102
7 113
7 114
7 118
8 9
8 12
8 14
8 16
8 20
8 23
8 24
8 25
8 27
8 34
8 35
8 38
8 39
8 40
8 48
8 49
8 55
8 57
8 58
8 61
8 66
8 69
8 74
8 84
8 94
8 117
9 10
9 11
9 13
9 14
9 21
9 30
9 36
9 51
9 54
9 58
9 107
10 12
10 22
10 27
10 33
10 35
10 43
10 48
10 50
10 55
10 58
10 67
10 69
10 80
10 82
10 95
10 98
10 104
10 107
10 109
10 119
11 15
11 17
11 18
11 26
11 27
11 28
11 34
11 37
11 39
11 40
11 48
11 51
11 53
11 60
11 69
11 74
11 86
11 91
11 99
11 104
12 16
12 59
12 60
12 74
12 85
12 90
12 95
13 18
13 19
13 22
13 24
13 32
13 44
13 46
13 73
13 75
13 81
13 85
13 115
14 43
14 51
14 59
14 61
14 63
14 65
14 89
14 99
14 108
15 16
15 23
15 29
15 36
15 37
15 74
15 80
15 98
15 112
15 117
16 17
16 34
16 71
16 100
16 103
16 110
17 23
17 31
17 37
17 42
17 46
17 47
17 56
17 59
17 62
17 105
17 107
17 117
18 37
18 38
18 42
18 67
18 72
18 106
19 22
19 24
19 27
19 28
19 32
19 41
19 42
19 53
19 54
19 63
19 83
19 101
20 21
20 30
20 34
20 44
20 71
20 79
20 82
21 81
21 118
22 45
22 60
22 91
22 110
23 24
23 32
23 36
23 45
23 80
23 95
23 101
24 25
24 45
24 96
24 112
25 30
25 31
25 40
25 45
25 49
25 80
25 87
25 94
26 31
26 32
26 40
26 68
26 79
26 84
27 29
27 36
27 43
27 48
27 55
27 66
27 68
27 72
27 79
27 81
27 90
28 31
28 42
28 60
28 71
28 75
28 76
29 38
29 49
29 55
29 64
29 83
29 93
30 31
30 39
30 41
30 51
30 53
30 57
30 74
30 83
31 56
31 62
31 69
31 73
31 83
31 87
31 102
31 109
31 116
32 60
32 82
32 84
32 113
33 35
33 37
33 50
33 78
33 94
33 105
34 85
34 93
34 107
35 41
35 48
35 59
35 80
35 96
35 98
35 100
35 103
35 106
35 113
36 39
36 44
36 58
36 66
37 47
37 61
37 87
38 61
40 68
40 76
40 96
40 115
41 46
41 50
41 79
41 102
42 69
42 76
42 108
43 55
43 57
43 100
44 104
45 118
46 50
46 52
46 64
46 70
46 77
46 84
46 95
46 108
46 116
46 119
48 54
48 62
48 70
49 50
49 56
49 63
49 68
49 78
49 89
50 52
50 65
50 75
50 81
50 92
50 96
50 103
50 104
50 114
51 110
52 54
52 57
52 77
52 91
53 77
53 78
53 103
54 72
54 79
54 98
55 56
55 109
56 73
56 88
56 100
56 105
56 115
57 62
57 77
57 86
57 112
58 83
59 97
60 67
60 118
61 117
62 64
62 93
62 95
62 104
62 111
62 112
62 114
63 66
63 92
63 108
64 76
64 77
64 97
64 99
64 107
64 112
64 119
65 78
65 81
65 90
65 97
65 113
67 76
67 94
67 97
67 100
67 101
67 102
68 89
70 88
70 97
70 99
71 102
72 82
72 115
74 75
74 88
76 89
77 86
78 87
79 111
80 90
84 86
85 92
86 88
86 92
86 93
86 111
86 114
87 113
89 103
89 106
91 119
92 117
93 108
94 116
95 105
97 101
99 116
104 106
106 111
106 116
108 110
110 114
