0 1
0 2
0 3
0 4
0 5
0 6
0 7
0 8
0 9
0 10
0 11
0 12
0 14
0 15
0 16
0 18
0 20
0 25
0 26
0 27
0 30
0 32
0 33
0 34
0 37
0 40
0 41
0 42
0 47
0 48
0 51
0 54
0 61
0 78
0 85
0 87
0 88
0 94
0 96
0 99
0 101
0 105
0 106
0 110
0 116
1 6
1 7
1 8
1 9
1 11
1 22
1 30
1 33
1 38
1 41
1 46
1 65
1 66
1 86
1 106
2 8
2 10
2 12
2 13
2 15
2 18
2 19
2 21
2 23
2 24
2 27
2 28
2 31
2 37
2 40
2 50
2 52
2 56
2 74
2 79
2 88
2 90
2 91
2 99
2 100
2 107
2 114
2 117
3 6
3 9
3 14
3 19
3 27
3 30
3 33
3 45
3 51
3 63
3 74
3 89
3 95
3 101
3 105
4 6
4 7
4 11
4 12
4 17
4 19
4 43
4 56
4 71
5 6
5 7
5 10
5 11
5 16
5 20
5 23
5 24
5 26
5 29
5 37
5 38
5 44
5 51
5 56
5 65
5 77
5 79
5 104
5 111
5 113
6 7
6 8
6 9
6 13
6 15
6 16
6 17
6 18
6 20
6 32
6 37
6 44
6 46
6 49
6 50
6 70
6 92
6 101
6 108
7 8
7 9
7 10
7 12
7 13
7 15
7 18
7 19
7 21
7 22
7 24
7 28
7 32
7 38
7 39
7 42
7 43
7 46
7 49
7 50
7 53
7 55
7 60
7 61
7 62
7 63
7 88
7 89
7 92
7 94
7 96
7 98
7 103
7 105
7 116
7 117
8 11
8 13
8 14
8 25
8 34
8 35
8 46
8 53
8 56
8 82
8 104
8 112
9 10
9 12
9 14
9 17
9 20
9 24
9 31
9 32
9 40
9 48
9 60
9 63
9 91
9 108
10 14
10 22
10 25
10 28
10 45
10 52
10 76
10 112
10 118
11 13
11 17
11 18
11 20
11 21
11 36
11 39
11 44
11 58
11 67
11 69
11 104
11 114
12 16
12 26
12 28
12 29
12 31
12 68
12 77
12 79
12 87
12 94
12 96
12 97
12 102
12 103
12 119
13 54
13 78
13 95
14 15
14 16
14 22
14 23
14 25
14 27
14 30
14 33
14 34
14 36
14 76
14 80
14 82
15 23
15 26
15 27
15 29
15 30
15 35
15 54
15 60
15 70
15 77
15 89
15 113
15 118
16 17
16 19
16 21
16 29
16 32
16 41
16 49
16 50
16 57
16 65
16 89
16 91
16 97
16 102
16 112
17 21
17 28
17 38
17 39
17 62
17 68
17 69
17 71
17 73
17 74
17 81
17 107
17 110
17 111
18 25
18 36
18 52
18 61
18 64
18 72
18 73
18 83
18 84
18 103
18 105
18 111
19 23
19 40
19 41
19 58
19 60
19 64
19 73
19 114
20 22
20 39
20 43
20 55
20 62
20 98
21 66
21 85
22 58
22 98
22 99
22 116
23 24
23 26
23 33
23 47
23 52
23 59
23 67
23 91
23 102
24 35
24 75
24 85
24 118
25 29
25 39
25 47
25 49
25 51
25 52
25 55
25 66
25 68
25 77
25 93
25 94
25 114
26 34
26 35
26 36
26 48
26 50
26 107
28 31
28 34
28 35
28 42
28 43
28 45
28 47
28 74
28 79
28 109
29 109
30 31
30 42
30 47
30 61
30 69
30 87
30 106
30 108
31 43
31 72
31 98
32 44
32 48
32 68
32 71
32 73
32 97
32 100
32 107
32 117
33 36
33 66
33 83
33 103
33 115
34 70
34 105
34 113
35 37
35 38
35 40
35 45
35 53
35 58
35 110
35 114
36 41
36 45
36 48
36 49
36 70
36 72
36 89
36 100
36 108
37 42
37 54
37 58
37 90
37 104
37 110
37 115
38 63
38 78
38 85
38 100
39 44
39 53
39 60
39 70
39 72
39 82
39 94
40 51
40 61
40 86
40 87
40 96
40 111
41 55
41 81
42 62
42 84
42 109
42 111
43 46
43 71
43 75
43 93
43 117
44 64
44 73
44 76
45 59
45 65
45 69
45 81
45 84
46 57
46 68
46 76
46 80
46 83
47 55
47 72
47 92
47 96
47 116
48 53
48 56
48 74
48 84
48 101
48 118
49 54
50 57
50 64
50 92
51 65
51 80
51 93
52 59
52 67
52 79
53 63
53 75
53 78
53 81
53 86
54 57
54 75
54 91
54 93
55 92
55 108
56 57
56 59
56 67
56 84
57 59
57 107
58 75
58 77
58 82
58 90
59 88
59 95
60 66
61 62
61 67
61 83
62 64
62 69
62 95
62 102
62 119
63 85
63 95
64 99
65 80
65 97
66 99
66 106
67 109
67 113
68 86
68 90
69 81
70 71
70 78
70 83
70 97
71 76
71 90
71 102
72 86
72 88
74 104
75 115
76 101
77 80
79 82
79 87
79 93
83 106
85 112
89 103
90 100
90 118
91 98
92 115
93 110
100 119
104 109
105 113
105 119
110 112
110 119
112 115
114 117
115 116
