0 1
0 2
0 3
0 4
0 5
0 6
0 7
0 8
0 9
0 10
0 11
0 13
0 14
0 15
0 16
0 18
0 19
0 20
0 23
0 31
0 36
0 39
0 43
0 65
0 70
0 76
0 88
0 94
0 101
0 105
0 112
1 6
1 7
1 8
1 9
1 15
1 19
1 22
1 28
1 29
1 31
1 33
1 37
1 56
1 58
1 59
1 63
1 70
1 82
1 91
1 100
2 6
2 11
2 12
2 24
2 25
2 31
2 33
2 48
2 60
2 63
2 74
2 79
2 102
3 6
3 7
3 8
3 11
3 13
3 14
3 22
3 23
3 26
3 30
3 35
3 38
3 46
3 47
3 49
3 57
3 67
3 71
3 112
4 10
4 30
4 43
4 60
4 62
4 70
4 79
5 6
5 7
5 9
5 14
5 15
5 16
5 19
5 22
5 25
5 28
5 34
5 43
5 45
5 47
5 50
5 55
5 56
5 75
5 77
5 88
5 95
5 104
5 105
5 115
5 116
6 7
6 8
6 9
6 10
6 12
6 17
6 20
6 29
6 31
6 32
6 34
6 41
6 44
6 45
6 46
6 49
6 52
6 53
6 55
6 57
6 65
6 66
6 69
6 75
6 82
6 84
6 92
6 93
6 96
6 97
6 98
6 100
7 8
7 9
7 10
7 15
7 17
7 19
7 20
7 21
7 23
7 24
7 25
7 26
7 27
7 28
7 30
7 31
7 42
7 44
7 45
7 47
7 52
7 53
7 56
7 57
7 67
7 73
7 77
7 78
7 83
7 85
7 98
7 102
7 104
7 110
8 10
8 11
8 12
8 13
8 15
8 18
8 25
8 27
8 28
8 32
8 36
8 41
8 54
8 63
8 67
8 69
8 73
8 78
8 80
8 85
8 89
8 108
8 114
8 115
8 119
9 13
9 18
9 23
9 24
9 26
9 32
9 43
9 45
9 49
9 62
9 80
9 88
9 95
9 101
9 103
9 106
9 117
9 118
10 11
10 12
10 14
10 16
10 17
10 20
10 35
10 38
10 47
10 54
10 64
10 68
10 99
10 101
10 106
10 111
11 12
11 13
11 14
11 18
11 39
11 42
11 45
11 59
11 63
11 89
11 92
11 106
12 16
12 17
12 21
12 22
12 24
12 26
12 29
12 34
12 35
12 38
12 40
12 51
12 68
12 79
12 90
12 99
12 116
13 17
13 18
13 21
13 29
13 43
13 46
13 47
13 61
13 62
13 66
13 71
13 73
14 16
14 37
14 48
14 69
14 75
14 79
14 83
14 92
14 118
15 27
15 41
15 44
15 50
15 58
15 68
15 72
15 74
15 86
15 90
15 113
16 20
16 21
16 27
16 30
16 32
16 33
16 35
16 36
16 38
16 48
16 55
16 67
16 77
16 86
16 101
16 103
16 112
16 115
17 59
17 74
17 80
17 81
17 105
17 111
18 19
18 26
18 35
18 41
18 51
19 30
19 32
19 37
19 65
19 66
19 94
19 102
19 106
19 113
20 21
20 22
20 44
20 49
20 50
20 58
20 62
20 76
20 100
20 113
21 24
21 25
21 33
21 34
21 61
21 66
21 94
21 108
22 23
22 29
22 36
22 37
22 40
22 61
22 115
23 28
23 54
23 104
23 119
24 27
24 37
24 40
24 53
24 69
24 87
24 97
25 59
26 34
26 75
26 89
26 97
27 36
28 39
28 40
28 42
28 51
28 72
28 82
28 84
28 119
29 33
29 42
29 49
29 67
29 78
29 114
30 38
30 40
30 46
30 56
30 73
31 79
33 44
33 48
33 50
33 54
33 56
33 58
33 70
33 92
33 93
34 57
34 100
35 39
35 42
35 52
35 57
35 64
35 73
35 81
35 84
35 109
36 41
36 48
36 76
36 78
36 96
36 103
36 107
38 39
38 52
38 59
38 74
38 86
38 96
38 102
38 108
38 112
39 46
39 61
39 66
39 76
39 82
39 91
39 105
39 108
40 84
40 105
40 110
41 62
41 87
41 91
41 98
41 114
41 117
42 90
42 98
42 99
43 54
43 85
43 113
44 74
45 53
46 64
46 99
46 109
47 60
47 68
47 77
47 93
47 96
47 106
47 112
48 51
48 55
48 63
48 88
48 89
49 50
49 52
49 53
49 60
49 65
49 75
49 91
50 51
50 71
50 81
50 90
50 107
51 64
51 87
51 95
51 97
51 107
51 109
51 116
52 110
53 55
53 60
53 89
53 94
54 95
54 101
56 58
56 61
56 78
56 80
56 81
56 82
56 94
57 64
57 65
57 86
57 96
57 119
58 90
58 100
59 83
60 71
60 72
61 69
61 76
61 111
62 83
62 107
63 68
63 81
63 85
63 97
63 99
63 107
64 83
64 87
64 92
65 77
65 84
66 98
67 70
68 72
69 118
70 71
70 116
71 72
71 80
71 110
73 85
73 102
73 108
73 109
74 117
75 93
77 88
77 95
79 93
80 86
80 104
84 87
84 91
85 111
88 104
88 110
89 118
94 117
95 111
95 115
96 103
96 109
100 103
105 117
107 114
107 116
111 113
111 118
113 114
115 119
