0 1
0 2
0 3
0 4
0 5
0 6
0 8
0 9
0 10
0 11
0 14
0 15
0 16
0 17
0 19
0 20
0 22
0 27
0 28
0 29
0 30
0 35
0 39
0 41
0 46
0 48
0 51
0 55
0 58
0 68
0 78
0 79
0 82
0 89
0 90
0 101
0 108
0 109
0 110
0 115
1 6
1 7
1 8
1 12
1 17
1 19
1 21
1 33
1 40
1 42
1 43
1 52
1 63
1 83
1 96
1 102
2 6
2 9
2 10
2 13
2 15
2 22
2 27
2 31
2 32
2 33
2 38
2 45
2 57
2 68
3 6
3 7
3 8
3 9
3 11
3 12
3 14
3 16
3 18
3 23
3 25
3 26
3 28
3 29
3 34
3 47
3 59
3 64
3 65
3 66
3 69
3 70
3 71
3 76
3 80
3 93
3 95
3 100
3 103
3 110
4 6
4 7
4 8
4 9
4 10
4 13
4 15
4 21
4 27
4 37
4 47
4 54
4 63
4 68
4 69
4 74
4 111
4 113
4 115
5 7
5 21
5 22
5 24
5 28
5 29
5 30
5 31
5 33
5 36
5 42
5 46
5 51
5 67
5 72
5 78
5 96
5 108
6 7
6 10
6 12
6 13
6 14
6 25
6 28
6 48
6 59
6 78
6 80
6 93
6 99
6 101
6 106
6 108
6 112
6 113
7 8
7 9
7 10
7 11
7 12
7 14
7 16
7 17
7 18
7 19
7 24
7 26
7 29
7 30
7 34
7 39
7 50
7 53
7 54
7 60
7 67
7 69
7 70
7 71
7 73
7 75
7 80
7 81
7 83
7 95
7 96
7 103
7 104
7 111
7 114
8 17
8 18
8 20
8 21
8 35
8 44
8 49
8 50
8 62
8 90
8 109
8 112
9 11
9 12
9 13
9 18
9 19
9 20
9 21
9 25
9 27
9 30
9 32
9 39
9 43
9 76
9 84
9 88
9 89
9 100
9 113
10 11
10 13
10 14
10 16
10 20
10 24
10 30
10 31
10 44
10 46
10 48
10 55
10 58
10 59
10 60
10 66
10 67
10 70
10 75
10 84
10 85
10 107
10 111
11 18
11 23
11 26
11 32
11 34
11 37
11 41
11 44
11 47
11 53
11 66
11 91
11 95
11 97
11 114
11 117
12 16
12 23
12 25
12 26
12 37
12 39
12 43
12 51
12 52
12 82
12 84
12 88
12 108
12 118
12 119
13 15
13 24
13 26
13 36
13 37
13 40
13 41
13 51
13 56
13 57
13 58
13 64
13 70
13 72
13 83
13 87
13 92
13 99
13 101
13 110
14 15
14 17
14 23
14 34
14 35
14 37
14 43
14 44
14 47
14 63
14 69
14 77
14 80
14 82
14 86
14 95
14 98
14 108
15 19
15 22
15 24
15 25
15 27
15 33
15 44
15 46
15 55
15 59
15 60
15 64
15 72
15 76
15 77
15 79
15 81
15 87
15 94
15 100
15 106
15 109
16 81
16 92
17 20
17 36
17 38
17 54
17 55
17 57
17 58
17 61
17 76
17 77
17 81
17 84
18 46
18 50
18 53
18 57
18 70
18 73
18 102
19 42
19 52
19 53
19 66
19 71
19 78
19 92
19 105
19 113
20 22
20 29
20 31
20 49
20 60
20 61
20 74
20 97
20 111
20 119
21 28
21 32
21 36
21 51
21 55
21 65
21 74
21 75
21 98
22 23
22 32
22 36
22 38
22 56
22 65
22 71
22 74
23 31
23 33
23 38
23 56
23 63
23 64
23 85
23 93
23 117
23 119
24 34
24 45
24 66
24 71
24 85
24 91
25 45
25 48
25 54
25 61
25 73
25 86
25 101
25 118
26 107
26 109
27 35
27 39
27 61
27 78
27 81
27 106
27 107
27 114
28 62
28 98
28 106
29 40
29 75
29 107
30 40
30 48
30 94
30 118
31 40
31 49
31 62
32 35
32 58
32 61
32 87
32 105
32 118
33 38
33 42
33 45
33 59
33 65
33 82
33 92
33 93
33 101
33 111
33 112
35 41
35 56
35 79
35 86
35 94
35 112
36 65
36 114
37 52
37 54
37 73
37 90
37 94
37 105
37 115
38 74
39 72
39 79
39 89
39 98
39 116
40 41
40 42
40 47
40 49
40 50
40 52
40 60
40 87
40 96
40 97
40 103
40 112
40 115
41 49
41 82
41 83
41 103
42 43
42 62
42 88
42 102
42 119
43 69
44 45
44 90
46 57
47 77
47 97
48 50
48 67
48 79
48 84
48 85
48 92
48 105
49 53
49 119
50 62
50 90
51 67
51 117
53 91
53 102
54 56
55 63
55 64
55 94
55 97
55 99
55 102
57 116
58 68
58 99
59 98
59 103
60 72
60 75
60 76
60 77
60 80
60 86
60 117
62 73
63 114
66 68
66 83
66 95
67 116
68 86
68 115
71 96
72 87
74 85
76 100
77 88
78 91
79 110
81 100
83 93
84 89
84 99
84 104
85 89
86 88
86 91
88 104
89 107
90 105
91 104
91 109
91 116
91 117
93 104
95 113
102 110
104 106
107 116
111 118
