0 1
0 2
0 3
0 4
0 5
0 6
0 7
0 8
0 9
0 10
0 11
0 13
0 15
0 16
0 17
0 24
0 30
0 33
0 36
0 40
0 42
0 46
0 53
0 57
0 72
0 75
0 76
0 77
0 78
0 79
0 86
0 102
0 107
0 109
0 110
0 111
1 6
1 7
1 13
1 14
1 18
1 21
1 24
1 27
1 30
1 36
1 38
1 50
1 56
1 64
1 73
1 89
2 6
2 7
2 9
2 10
2 13
2 17
2 21
2 22
2 24
2 26
2 28
2 33
2 40
2 46
2 68
2 73
2 78
2 80
2 94
3 8
3 11
3 28
3 96
4 6
4 9
4 12
4 14
4 22
4 26
4 36
4 45
4 49
4 52
4 55
4 63
4 66
4 70
4 72
4 100
5 6
5 7
5 8
5 9
5 10
5 11
5 14
5 20
5 25
5 26
5 42
5 43
5 47
5 56
5 65
5 71
5 76
5 80
5 81
5 85
5 102
5 106
5 114
6 7
6 8
6 9
6 10
6 11
6 13
6 15
6 16
6 17
6 18
6 19
6 20
6 23
6 31
6 37
6 41
6 42
6 43
6 44
6 45
6 54
6 57
6 58
6 59
6 66
6 71
6 73
6 75
6 77
6 78
6 84
6 85
6 87
6 102
6 104
7 8
7 10
7 11
7 15
7 24
7 35
7 38
7 49
7 61
7 73
7 76
7 79
7 81
7 87
7 98
7 99
7 106
7 109
7 111
7 115
8 12
8 14
8 15
8 17
8 21
8 24
8 27
8 28
8 29
8 30
8 33
8 38
8 43
8 51
8 59
8 74
8 85
8 98
8 100
8 109
8 115
9 12
9 22
9 23
9 26
9 34
9 46
9 48
9 55
9 62
9 95
9 104
9 109
10 12
10 13
10 16
10 18
10 21
10 23
10 25
10 32
10 33
10 34
10 37
10 44
10 50
10 57
10 60
10 72
10 76
10 91
10 92
10 94
10 117
11 12
11 15
11 16
11 19
11 20
11 25
11 35
11 46
11 57
11 67
11 78
11 84
11 103
11 104
11 117
12 20
12 28
12 32
12 39
12 53
12 55
12 62
12 68
12 70
12 75
12 90
13 14
13 16
13 17
13 18
13 19
13 25
13 27
13 36
13 39
13 47
13 52
13 71
13 74
13 75
13 85
13 96
13 101
13 104
13 111
13 115
14 21
14 27
14 35
14 37
14 49
14 63
14 65
14 67
14 79
14 82
14 86
15 18
15 44
15 53
15 70
15 89
15 95
15 100
15 111
16 19
16 22
16 26
16 29
16 32
16 54
16 69
16 70
16 74
16 91
16 94
16 101
17 29
17 31
17 38
17 54
17 56
17 74
17 79
17 83
17 91
17 105
17 110
18 19
18 23
18 27
18 28
18 47
18 50
18 60
18 92
18 99
18 111
18 113
18 119
19 20
19 25
19 31
19 37
19 40
19 42
19 43
19 50
19 51
19 55
19 56
19 57
19 59
19 60
19 62
19 64
19 65
19 66
19 74
19 80
19 81
19 82
19 88
19 95
19 96
19 102
19 109
20 22
20 33
20 41
20 45
20 48
20 51
20 56
20 68
20 82
20 113
20 117
21 31
21 34
21 59
21 61
21 67
21 69
22 23
22 39
22 40
22 41
22 48
22 72
22 86
22 89
23 39
23 63
23 80
23 88
23 89
24 29
24 40
24 45
24 49
24 63
24 84
24 85
24 113
24 116
25 34
25 47
25 105
25 114
25 119
26 39
26 43
26 87
26 90
27 32
27 34
27 37
27 41
27 42
27 62
27 68
27 73
28 29
28 30
28 48
28 52
28 90
28 106
29 30
29 32
29 83
29 107
30 31
30 58
30 78
31 35
31 45
31 59
31 69
31 102
31 108
31 116
32 36
32 61
32 64
32 110
32 112
32 118
33 41
33 52
33 65
33 66
33 82
33 86
33 106
33 116
34 35
34 44
34 51
34 62
34 93
34 97
34 115
35 38
35 44
35 64
35 79
35 84
36 71
36 96
37 47
37 50
37 53
37 54
37 60
37 67
37 86
37 112
37 118
38 94
38 118
39 67
39 104
40 71
40 81
40 82
41 61
41 93
41 112
42 52
42 60
42 88
42 99
42 110
43 46
43 48
43 90
43 105
43 114
45 53
45 101
46 91
46 96
46 97
46 98
46 103
46 116
47 49
47 51
47 54
47 58
47 61
47 70
48 75
48 97
49 58
49 92
49 101
50 55
50 100
50 113
51 95
52 92
53 58
53 88
53 99
54 66
54 76
54 88
54 95
55 92
55 94
56 68
56 83
56 87
56 107
56 112
57 63
57 77
57 87
57 90
58 69
58 72
58 101
58 115
59 65
59 103
60 64
60 108
60 114
61 97
64 107
65 77
65 93
65 105
65 107
66 80
67 69
67 83
67 93
67 118
68 119
71 112
72 77
73 81
73 89
73 100
74 99
74 117
77 108
78 93
79 83
79 84
80 103
82 91
82 105
83 116
84 119
86 108
87 108
90 106
92 97
92 98
95 117
96 98
99 103
104 119
105 113
105 118
106 110
106 114
