0 1
0 2
0 3
0 4
0 6
0 7
0 11
0 27
0 45
0 54
0 57
0 58
0 78
0 84
0 89
0 90
1 6
1 12
1 14
1 36
1 52
1 102
2 3
2 5
2 8
2 12
2 23
2 35
2 37
2 38
2 43
2 59
2 65
2 67
2 75
2 83
2 85
2 86
2 90
2 109
3 4
3 5
3 9
3 11
3 30
3 42
3 65
3 110
4 7
4 9
4 10
4 18
4 20
4 21
4 31
4 48
4 55
4 57
4 60
4 68
4 78
5 32
5 34
5 49
5 79
5 82
5 93
5 96
5 108
5 112
6 8
6 13
6 14
6 15
6 16
6 19
6 22
6 25
6 44
6 47
6 49
6 56
6 63
6 64
6 92
6 116
7 73
7 97
8 16
8 17
8 22
8 53
8 71
9 10
9 13
9 15
9 17
9 29
9 30
9 35
9 39
9 41
9 42
9 46
9 70
9 77
9 95
9 106
10 19
10 23
10 36
10 41
10 74
10 80
10 91
10 103
11 20
11 27
11 62
11 69
11 95
11 105
11 115
12 40
12 51
12 53
12 74
12 101
13 97
14 18
14 21
14 24
14 28
14 33
14 52
14 85
14 104
14 111
15 28
15 31
15 92
15 118
15 119
16 32
16 55
16 60
17 59
18 39
18 45
18 80
18 108
18 109
20 24
20 38
20 50
21 33
21 34
21 81
21 119
22 25
22 26
22 29
22 43
22 61
22 82
23 26
24 72
25 40
25 51
26 61
27 79
27 116
30 66
30 72
31 87
31 98
31 115
33 37
33 47
33 50
33 67
33 91
34 48
34 56
35 44
36 69
36 114
37 96
37 112
38 46
38 54
38 86
38 88
40 81
41 76
42 68
42 73
42 113
43 76
43 102
43 113
44 89
49 70
49 100
54 99
55 66
55 71
55 87
55 94
56 58
56 64
57 107
59 114
60 62
60 100
61 63
61 75
64 94
66 103
68 98
69 93
71 84
72 77
74 106
76 118
77 83
77 88
77 105
83 104
86 107
91 99
91 111
97 101
100 117
101 117
104 110
