0 1
0 29
0 38
0 48
0 76
0 89
0 117
1 29
1 48
1 76
1 89
1 113
1 117
2 12
2 13
2 14
2 36
2 37
2 46
2 55
2 85
2 97
2 98
2 109
2 111
2 115
2 118
2 119
3 24
3 40
3 58
3 64
3 71
3 80
3 100
4 6
4 9
4 18
4 32
4 38
4 53
4 67
4 94
5 11
5 41
5 52
5 69
5 78
5 116
6 9
6 32
6 67
7 10
7 15
7 16
7 30
7 31
7 33
7 45
7 66
7 74
7 75
7 91
7 103
8 16
8 19
8 25
8 30
8 36
8 39
8 46
8 49
8 50
8 55
8 61
8 77
8 91
8 93
8 99
9 18
9 32
9 38
9 53
9 67
9 94
10 15
10 16
10 19
10 30
10 31
10 33
10 39
10 45
10 49
10 54
10 66
10 74
10 75
10 91
10 99
10 103
11 26
11 52
11 69
11 78
11 116
12 13
12 14
12 28
12 37
12 85
12 88
12 97
12 98
12 109
12 115
12 118
12 119
13 14
13 25
13 36
13 37
13 46
13 55
13 107
13 109
13 115
13 119
14 37
14 70
14 85
14 97
14 98
14 109
14 111
14 118
14 119
15 45
15 54
15 66
15 74
15 102
15 103
16 19
16 30
16 31
16 33
16 39
16 49
16 66
16 74
16 75
16 77
16 83
16 91
16 99
16 103
17 34
17 57
17 60
17 63
17 72
17 81
17 95
17 104
17 107
17 112
18 29
18 32
18 38
18 53
18 67
18 89
18 94
19 30
19 36
19 39
19 42
19 46
19 49
19 74
19 91
19 92
19 99
20 27
20 47
20 57
20 60
20 63
20 65
20 72
20 81
20 95
20 108
20 112
21 23
21 44
21 56
21 68
21 73
21 86
21 90
21 105
22 27
22 47
22 57
22 60
22 65
22 79
22 96
22 106
22 108
23 44
23 51
23 56
23 68
23 73
23 86
23 90
23 105
23 114
24 40
24 58
24 71
24 100
25 30
25 36
25 46
25 50
25 55
25 61
25 82
25 91
25 93
25 114
25 115
26 31
26 52
26 69
26 75
26 77
26 78
26 83
27 47
27 57
27 60
27 63
27 65
27 72
27 81
27 96
27 108
28 88
28 90
28 97
28 114
28 115
28 118
29 38
29 48
29 76
29 88
29 89
29 117
30 31
30 33
30 36
30 39
30 49
30 50
30 74
30 77
30 83
30 91
30 93
30 99
31 33
31 50
31 66
31 75
31 77
31 83
31 91
32 38
32 53
32 67
32 94
33 49
33 66
33 74
33 75
33 77
33 83
33 91
33 99
33 103
34 60
34 63
34 81
34 95
34 104
34 107
34 111
34 112
35 51
35 56
35 59
35 68
35 73
35 105
35 110
35 113
36 37
36 39
36 46
36 49
36 55
36 91
36 92
36 99
36 119
37 46
37 55
37 85
37 97
37 98
37 107
37 109
37 111
37 119
38 53
38 67
38 76
38 89
38 94
39 42
39 46
39 49
39 74
39 79
39 91
39 92
39 99
40 73
40 100
40 110
41 52
41 69
41 87
41 116
42 49
42 54
42 74
42 79
42 92
42 99
42 106
43 84
43 101
43 110
44 61
44 68
44 82
44 86
44 90
44 114
45 54
45 66
45 74
45 79
45 102
45 103
45 106
46 49
46 55
46 92
46 99
46 107
46 109
46 119
47 57
47 60
47 63
47 65
47 72
47 81
47 96
47 108
48 56
48 76
48 86
48 89
48 113
48 117
49 74
49 79
49 91
49 92
49 99
50 61
50 62
50 77
50 82
50 83
50 91
50 93
51 56
51 59
51 68
51 73
51 86
51 105
51 113
52 69
52 78
52 87
52 116
53 67
53 94
54 74
54 79
54 99
54 102
54 103
54 106
55 61
55 82
55 115
55 119
56 59
56 68
56 73
56 86
56 105
56 113
56 117
57 60
57 63
57 65
57 72
57 81
57 95
57 96
57 104
57 107
57 108
58 71
58 80
58 100
59 68
59 73
59 84
59 105
59 110
59 113
60 63
60 65
60 72
60 81
60 95
60 104
60 107
60 108
60 112
61 62
61 82
61 90
61 93
61 114
62 64
62 77
62 83
62 93
63 65
63 72
63 81
63 95
63 104
63 108
63 112
64 71
64 80
64 93
64 100
65 72
65 96
65 106
65 108
66 75
66 87
66 103
67 94
68 73
68 86
68 105
68 113
69 78
69 87
69 116
70 85
70 97
70 98
70 111
71 80
71 100
72 81
72 95
72 104
72 108
72 112
73 86
73 105
73 110
74 79
74 91
74 92
74 99
74 103
75 83
75 103
76 89
76 117
77 83
77 91
77 93
78 116
79 92
79 99
79 102
79 106
80 100
81 95
81 104
81 108
81 112
82 90
82 93
82 114
82 115
83 93
84 101
84 110
85 97
85 98
85 109
85 111
86 90
86 105
86 113
86 117
87 116
88 90
88 97
88 114
88 115
88 118
89 117
90 114
90 115
91 99
92 99
92 107
94 97
94 98
94 118
95 104
95 107
95 112
96 108
97 98
97 109
97 115
97 118
97 119
98 109
98 111
98 118
99 103
101 110
102 103
102 106
104 107
104 112
105 113
107 109
107 119
108 112
109 111
109 118
109 119
113 117
114 115
115 118
115 119
