0 1
0 119
0 2
0 3
0 97
1 2
1 3
1 119
1 4
1 118
1 16
1 57
2 3
2 4
2 119
2 106
2 64
3 5
3 6
3 55
4 5
4 6
4 7
5 6
5 8
5 25
6 7
6 8
6 53
6 116
7 8
7 9
7 25
7 74
7 55
7 43
8 9
8 11
8 79
9 10
9 11
9 12
9 75
10 12
10 13
10 71
11 12
11 13
11 52
11 47
12 13
12 14
12 28
13 14
13 15
13 16
13 77
13 109
13 98
14 15
14 17
14 51
14 90
15 16
15 17
15 18
15 59
16 18
16 19
17 18
17 19
17 20
17 70
17 49
17 115
18 20
18 41
18 118
18 50
19 20
19 21
19 22
20 21
20 22
20 23
21 22
21 23
21 24
22 23
22 25
22 64
23 25
23 84
23 104
24 25
24 26
24 61
25 27
25 48
25 72
26 29
26 116
26 65
26 119
27 28
27 29
27 89
28 31
28 53
28 105
28 110
29 30
29 31
29 32
30 32
30 33
30 76
30 53
31 33
31 114
31 45
31 100
32 33
32 34
32 44
32 104
33 34
33 35
33 36
34 35
34 37
34 71
35 36
35 37
35 38
36 37
36 38
36 90
36 79
37 38
37 40
37 42
37 110
38 39
38 40
38 42
39 40
39 41
39 42
39 77
39 52
40 42
40 43
40 83
40 79
41 42
41 43
41 44
41 94
42 44
42 45
43 44
43 45
43 69
43 103
44 45
44 47
45 46
45 48
46 47
46 49
46 73
47 48
47 49
47 50
47 86
48 50
48 51
48 117
49 50
49 89
49 111
50 52
50 53
50 64
51 52
51 53
51 54
51 93
51 111
52 55
53 56
54 55
54 56
54 57
55 56
55 57
55 58
55 113
56 57
56 58
56 59
57 60
57 71
58 60
58 61
58 62
59 61
59 62
59 92
59 78
60 61
60 62
60 63
61 63
61 64
61 113
62 63
62 64
62 65
62 86
63 64
63 65
63 66
64 65
64 66
64 74
64 85
65 67
65 117
65 78
66 67
66 68
66 69
66 112
67 68
67 69
67 70
67 94
68 69
68 70
68 71
69 71
69 72
70 72
70 73
70 104
71 72
71 73
71 74
72 73
72 74
72 75
73 74
73 75
73 76
73 84
74 77
74 101
75 78
75 99
76 77
76 78
76 79
77 80
78 81
78 93
79 80
79 118
80 81
80 82
80 83
81 82
81 83
81 84
81 111
81 114
82 83
82 84
82 85
83 84
83 85
83 86
84 87
84 98
85 87
85 88
86 89
87 88
87 89
87 90
88 89
88 90
88 91
89 90
89 92
90 92
91 92
91 93
91 94
91 115
92 94
92 95
93 94
93 96
94 104
95 96
95 97
95 98
96 97
96 98
96 99
97 98
97 100
98 100
98 119
98 109
99 100
99 101
99 102
99 107
100 101
100 102
100 103
100 118
101 102
101 104
102 103
102 104
102 105
103 104
103 106
104 105
104 107
105 107
105 108
106 107
106 108
106 109
107 108
107 109
108 109
108 110
108 111
109 110
110 111
110 112
110 113
111 114
112 114
112 115
113 115
113 116
114 115
114 117
115 118
116 117
116 118
116 119
117 119
