0 1
0 2
0 3
0 9
0 12
0 14
0 20
0 24
0 30
0 36
0 98
1 5
1 17
1 22
2 3
2 4
2 7
2 8
2 31
2 34
2 36
2 52
2 53
2 54
2 68
2 107
3 4
3 5
3 6
3 15
3 19
3 25
3 43
3 62
3 63
3 73
3 79
3 102
3 103
4 11
4 13
4 15
4 21
4 22
4 31
4 35
4 39
4 57
4 90
5 6
5 7
5 8
5 9
5 10
5 16
5 28
5 32
5 46
5 61
5 66
5 67
5 72
5 81
5 90
5 93
5 101
5 112
6 10
6 13
6 17
6 18
6 20
6 21
6 25
6 29
6 30
6 37
6 40
6 41
6 44
6 47
6 51
6 66
6 70
6 116
6 117
7 12
7 37
7 51
7 69
7 85
7 98
7 110
7 118
7 119
8 14
8 18
8 60
8 72
8 74
8 86
8 92
8 108
8 109
9 19
9 54
9 78
9 84
9 88
9 89
9 97
10 11
10 23
10 27
10 34
10 42
10 47
10 93
10 100
12 43
12 106
13 87
14 23
14 40
14 77
14 82
14 106
15 16
15 48
15 49
15 75
15 80
15 82
15 114
15 115
16 61
16 68
16 71
16 75
16 100
16 111
17 26
17 58
17 86
18 53
18 57
18 99
18 103
18 104
19 69
20 38
20 45
20 49
20 55
20 56
20 60
20 83
20 97
20 99
20 111
21 32
21 35
21 76
21 105
22 38
22 64
23 24
23 33
23 45
23 48
23 101
23 107
25 26
25 33
25 55
25 59
25 77
25 91
25 95
25 118
26 27
26 50
26 52
27 28
27 29
27 88
28 39
28 94
29 80
29 95
31 46
31 96
32 44
32 96
35 42
35 108
36 41
36 65
37 50
37 64
37 79
40 67
40 70
41 62
42 59
42 113
44 91
47 84
47 104
49 56
51 74
51 92
52 85
54 58
55 76
55 110
58 63
58 81
59 116
60 65
60 71
62 112
64 78
67 114
70 73
71 83
72 94
77 115
80 117
83 89
86 87
86 102
86 119
96 109
101 113
102 105
