0 1
0 2
0 3
0 4
0 8
0 11
0 12
0 13
0 14
0 15
0 20
0 21
0 22
0 24
0 30
0 37
0 38
0 46
0 53
0 54
0 55
0 56
0 60
0 61
0 66
0 67
0 87
0 88
0 92
1 10
1 16
1 19
1 22
1 25
1 32
1 42
1 50
1 57
1 75
1 85
1 89
1 107
1 117
2 3
2 4
2 6
2 7
2 9
2 10
2 11
2 15
2 34
2 38
2 49
2 55
2 62
2 79
2 112
2 118
3 5
3 18
3 25
3 28
3 32
3 41
3 49
3 97
4 5
4 7
4 16
4 28
4 37
4 41
4 43
4 45
4 47
4 50
4 63
4 85
4 92
4 93
4 108
5 6
5 9
5 13
5 14
5 17
5 33
5 42
5 54
5 72
5 93
6 29
6 51
6 59
6 96
7 8
7 17
7 18
7 27
7 39
7 61
7 97
7 115
8 12
8 60
8 68
9 30
10 23
10 33
10 100
10 107
11 70
11 111
12 43
12 78
12 80
12 99
12 114
13 84
13 94
13 113
14 68
15 27
15 34
15 48
15 59
15 64
15 84
15 90
15 116
16 47
17 19
17 20
17 24
17 26
17 36
17 40
18 23
18 29
18 31
18 45
18 65
18 74
18 88
18 106
19 21
19 52
19 66
19 104
20 106
21 31
21 36
21 80
21 81
21 82
21 104
21 105
23 26
23 40
23 102
23 103
23 109
25 35
25 76
25 89
26 63
26 65
26 114
27 35
27 39
29 44
31 69
33 44
33 53
33 79
33 112
35 46
35 48
35 67
35 83
35 86
35 111
36 52
36 64
36 72
36 87
39 56
39 62
39 78
39 95
40 105
40 117
42 83
43 71
43 96
44 119
45 51
45 70
47 58
47 74
50 77
50 81
50 103
51 82
51 98
51 113
52 71
52 118
54 57
54 58
54 76
54 98
55 109
57 69
57 108
58 86
59 73
59 90
60 116
63 110
64 73
64 91
67 91
68 101
72 75
72 94
72 101
73 100
76 77
78 95
80 115
89 102
89 110
94 99
109 119
