0 1
0 2
0 3
0 4
0 5
0 6
0 7
0 8
0 11
0 15
0 16
0 19
0 30
0 33
0 40
0 61
0 65
0 71
0 73
0 79
0 93
0 98
0 100
0 101
0 103
0 104
1 6
1 7
1 10
1 14
1 20
1 21
1 45
1 52
1 57
1 84
1 85
1 91
2 9
2 13
2 29
2 31
2 48
2 49
2 69
2 77
3 6
3 8
3 9
3 10
3 14
3 16
3 18
3 22
3 23
3 24
3 25
3 32
3 55
3 57
3 62
3 72
3 74
3 77
3 80
3 94
3 107
3 108
3 109
4 6
4 7
4 10
4 12
4 13
4 15
4 17
4 21
4 24
4 25
4 42
4 43
4 45
4 52
4 57
4 59
4 60
4 66
4 85
4 104
4 113
5 6
5 7
5 8
5 21
5 47
5 69
6 7
6 8
6 9
6 10
6 12
6 17
6 20
6 24
6 25
6 30
6 31
6 34
6 35
6 38
6 39
6 40
6 41
6 43
6 49
6 53
6 55
6 58
6 67
6 73
6 83
6 90
6 91
6 93
6 95
6 106
6 112
6 115
7 8
7 9
7 11
7 12
7 14
7 18
7 23
7 27
7 28
7 32
7 36
7 40
7 46
7 62
7 64
7 68
7 88
7 96
7 97
7 118
8 9
8 10
8 11
8 12
8 15
8 16
8 19
8 22
8 23
8 24
8 26
8 30
8 31
8 38
8 52
8 61
8 64
8 67
8 95
8 102
8 106
8 109
9 11
9 12
9 13
9 14
9 18
9 20
9 22
9 24
9 27
9 34
9 35
9 37
9 40
9 48
9 54
9 63
9 66
9 68
9 100
9 105
9 108
9 113
9 114
9 116
10 11
10 13
10 15
10 17
10 19
10 20
10 21
10 35
10 56
10 57
10 60
10 79
10 91
10 103
10 112
11 13
11 14
11 16
11 21
11 23
11 26
11 28
11 29
11 36
11 42
11 46
11 59
11 63
11 78
11 81
11 99
11 105
11 116
12 25
12 27
12 33
12 41
12 45
12 46
12 48
12 51
12 56
12 75
12 82
12 99
12 106
13 17
13 36
13 50
13 53
13 54
13 67
13 77
13 81
13 100
13 102
13 115
14 15
14 17
14 18
14 19
14 22
14 32
14 36
14 37
14 39
14 62
14 78
14 88
14 89
14 92
14 94
14 113
14 114
15 16
15 18
15 35
15 37
15 41
15 47
15 56
15 70
15 76
15 82
15 89
15 92
15 99
15 107
16 23
16 26
16 27
16 29
16 30
16 47
16 56
16 61
16 64
16 66
16 81
16 89
17 19
17 27
17 32
17 39
17 55
17 109
18 37
18 63
18 69
18 105
18 110
18 117
19 20
19 25
19 26
19 28
19 29
19 32
19 33
19 34
19 41
19 43
19 44
19 46
19 88
19 91
19 94
19 96
19 97
19 104
19 117
19 119
20 43
20 44
20 48
20 56
20 83
20 103
20 107
21 22
21 38
21 40
21 78
21 85
21 96
21 99
21 110
21 112
22 26
22 28
22 39
22 50
22 55
22 58
22 61
22 64
22 67
22 82
22 84
22 85
22 109
22 118
23 33
23 36
23 42
23 49
23 52
23 61
23 76
23 80
23 81
23 115
23 116
23 117
24 31
24 46
24 70
24 79
24 80
24 84
24 89
24 107
25 28
25 31
25 38
25 49
25 50
25 58
25 70
25 79
25 87
25 94
25 103
25 107
26 34
26 80
26 83
27 34
27 39
27 44
27 45
28 29
28 50
28 80
28 113
29 30
29 33
29 37
29 44
29 53
29 54
29 63
29 64
29 74
29 75
29 82
29 83
29 84
29 88
29 99
29 105
29 118
30 51
30 71
30 102
31 41
31 52
31 53
31 54
31 55
31 72
31 73
31 87
31 92
32 59
32 72
32 87
33 42
33 102
33 110
33 113
34 35
34 47
34 48
34 51
34 89
35 69
35 74
35 82
35 108
35 110
35 118
36 50
36 75
36 76
36 90
36 98
37 38
37 47
37 51
37 66
37 77
37 81
37 95
38 59
38 72
39 74
40 45
40 90
40 95
41 42
41 43
41 44
41 49
41 57
41 58
41 78
41 95
41 119
42 88
42 104
42 111
44 101
45 58
45 84
45 108
45 112
46 71
46 92
47 87
47 91
48 51
48 90
48 96
48 111
49 53
49 104
50 54
50 60
51 62
51 71
51 93
51 97
51 111
52 65
53 65
53 66
53 67
53 68
53 70
53 86
53 98
54 68
54 76
54 102
55 77
56 59
56 73
56 74
56 75
56 79
56 98
56 112
57 73
57 86
57 117
58 60
58 63
59 60
59 65
60 68
61 62
61 75
61 101
61 119
62 90
62 117
64 65
64 69
64 76
64 103
64 109
65 86
65 100
66 71
66 92
67 70
69 72
70 111
71 86
71 114
71 116
72 85
72 94
72 101
73 78
73 83
78 100
78 110
80 97
81 106
83 93
83 119
84 87
84 101
85 86
85 96
86 97
88 93
92 98
92 114
94 108
94 115
99 105
99 106
100 111
100 119
104 114
105 116
109 115
113 118
