0 1
0 2
0 3
0 4
0 5
0 6
0 7
0 8
0 10
0 11
0 12
0 14
0 15
0 18
0 20
0 24
0 26
0 27
0 28
0 34
0 40
0 41
0 42
0 44
0 45
0 48
0 66
0 72
0 75
0 83
0 84
0 85
0 100
0 102
1 6
1 7
1 8
1 9
1 11
1 28
1 30
1 35
1 38
1 47
1 57
1 59
1 62
1 64
1 96
1 99
1 105
1 107
1 115
2 6
2 8
2 9
2 11
2 12
2 14
2 16
2 17
2 18
2 19
2 24
2 26
2 30
2 34
2 35
2 37
2 47
2 53
2 54
2 60
2 67
2 77
2 79
2 87
2 95
2 98
2 110
3 6
3 12
3 13
3 15
3 16
3 19
3 27
3 41
3 49
3 55
3 59
3 69
3 70
3 88
3 89
3 102
4 6
4 7
4 9
4 10
4 11
4 12
4 13
4 14
4 16
4 17
4 18
4 19
4 20
4 21
4 23
4 25
4 26
4 29
4 30
4 35
4 45
4 46
4 49
4 50
4 51
4 56
4 61
4 62
4 66
4 74
4 78
4 80
4 85
4 86
4 89
4 93
4 104
5 7
5 14
5 42
5 48
5 79
5 108
5 110
5 111
6 7
6 8
6 9
6 17
6 20
6 21
6 25
6 30
6 32
6 33
6 34
6 36
6 38
6 41
6 55
6 64
6 73
6 75
6 78
6 88
6 98
6 101
6 112
7 8
7 10
7 12
7 17
7 20
7 26
7 27
7 29
7 31
7 32
7 36
7 40
7 43
7 46
7 50
7 60
7 62
7 67
7 68
7 69
7 82
7 92
7 94
7 97
7 101
7 104
7 106
7 111
7 113
7 116
7 118
8 9
8 10
8 13
8 20
8 23
8 24
8 31
8 35
8 36
8 37
8 38
8 39
8 50
8 53
8 54
8 61
8 67
8 75
8 76
8 79
8 85
8 99
8 114
8 119
9 10
9 13
9 15
9 17
9 19
9 22
9 23
9 24
9 33
9 43
9 44
9 47
9 55
9 65
9 89
9 96
9 105
9 117
10 11
10 14
10 16
10 18
10 27
10 28
10 29
10 30
10 32
10 33
10 37
10 39
10 42
10 43
10 44
10 46
10 50
10 58
10 63
10 64
10 65
10 70
10 72
10 77
10 80
10 82
10 83
10 84
10 86
10 91
10 95
10 104
10 112
10 115
10 117
11 38
11 52
11 81
11 91
11 111
11 117
12 13
12 15
12 26
12 28
12 87
12 90
12 91
12 102
12 114
13 16
13 22
13 34
13 63
13 73
14 15
14 21
14 25
14 29
14 34
14 46
14 48
14 71
14 73
15 25
15 53
15 54
15 58
15 97
15 106
15 109
15 114
16 39
16 40
16 47
16 62
16 84
16 90
16 100
17 18
17 22
17 23
17 27
17 32
17 41
17 45
17 49
17 50
17 52
17 54
17 57
17 61
17 65
17 69
17 77
17 78
17 90
17 108
17 109
17 119
18 19
18 21
18 22
18 28
18 33
18 38
18 51
18 73
18 81
18 94
18 110
19 21
19 22
19 23
19 25
19 31
19 32
19 48
19 52
19 61
19 71
19 81
19 82
19 93
19 96
19 118
20 24
20 31
20 40
20 41
20 87
20 110
20 118
20 119
21 35
21 72
21 108
21 113
22 36
22 39
22 46
22 51
22 62
22 77
22 83
22 94
23 45
23 66
23 75
23 85
24 43
24 107
25 59
25 91
25 116
26 33
26 44
26 60
26 63
26 74
26 88
26 91
26 98
26 119
27 56
27 65
27 103
28 29
28 40
28 58
28 60
28 67
28 81
28 84
28 109
28 118
29 37
29 42
29 53
29 86
29 106
29 116
30 31
30 39
30 68
30 74
30 76
30 82
30 88
30 112
30 117
31 68
31 72
31 82
31 87
32 54
32 63
32 76
32 107
33 36
33 52
33 59
33 64
33 73
33 93
33 112
34 57
34 97
35 37
35 51
35 57
35 63
35 71
35 81
36 45
37 58
37 78
37 87
38 51
38 53
38 95
39 42
39 69
39 74
39 113
40 43
40 44
40 61
40 65
40 67
40 68
40 84
40 89
40 92
40 97
40 104
41 49
41 79
41 94
41 101
41 115
42 55
42 57
42 90
42 96
42 98
42 100
43 47
43 66
43 100
44 70
45 48
45 115
46 49
46 55
46 80
46 95
47 92
47 104
48 56
48 70
48 80
48 93
48 117
50 52
50 56
50 78
50 86
51 56
52 72
52 79
52 101
54 59
54 108
55 64
55 83
56 58
56 60
56 85
56 90
56 103
56 112
58 106
58 116
59 66
59 71
59 89
60 74
61 70
61 80
61 86
62 103
63 71
63 102
63 103
63 107
63 113
63 118
64 99
64 101
65 68
65 75
65 97
68 69
68 96
68 109
69 83
69 103
70 93
71 76
71 95
72 76
72 77
72 106
74 92
74 113
77 100
77 119
78 88
80 99
84 99
85 94
86 105
87 98
87 108
87 114
88 109
88 114
89 92
90 107
90 111
90 116
91 105
94 105
96 111
97 115
100 102
108 110
