0 1
0 18
0 34
0 35
1 49
1 21
1 114
2 3
2 34
2 115
2 26
3 52
3 45
3 77
4 5
4 26
4 62
4 9
5 69
5 83
5 115
6 7
6 55
6 66
6 65
7 12
7 111
7 73
8 9
8 69
8 107
8 85
9 55
9 116
10 11
10 15
10 44
10 97
11 52
11 117
11 107
12 91
12 93
12 77
13 14
13 95
13 100
13 24
14 94
14 112
14 22
15 29
15 90
15 41
16 17
16 76
16 19
16 105
17 104
17 47
17 61
18 19
18 104
18 75
19 49
19 119
20 21
20 68
20 37
20 78
21 77
21 91
22 23
22 36
22 72
23 36
23 68
23 75
24 25
24 35
24 80
25 66
25 68
25 119
26 56
26 82
27 28
27 31
27 102
27 94
28 43
28 42
28 107
29 72
29 60
29 57
30 31
30 43
30 101
30 103
31 50
31 115
32 33
32 82
32 114
32 76
33 76
33 67
33 109
34 35
34 38
35 79
36 42
36 54
37 38
37 84
37 103
38 98
38 118
39 40
39 67
39 92
39 46
40 44
40 108
40 51
41 42
41 78
41 51
42 69
43 77
43 52
44 93
44 88
45 46
45 96
45 56
46 111
46 55
47 48
47 65
47 117
48 59
48 93
48 108
49 63
49 104
50 51
50 63
50 89
51 86
52 92
53 54
53 116
53 87
53 113
54 90
54 81
55 74
56 57
56 80
57 64
57 85
58 59
58 66
58 62
58 111
59 102
59 112
60 61
60 67
60 106
61 99
61 90
62 79
62 117
63 64
63 88
64 102
64 103
65 69
65 70
66 73
67 85
68 89
70 71
70 113
70 119
71 87
71 93
71 104
72 73
72 81
73 88
74 75
74 114
74 110
75 87
76 78
78 98
79 80
79 103
80 89
81 82
81 108
82 105
83 84
83 89
83 117
84 108
84 109
85 86
86 98
86 91
87 101
88 106
90 112
91 101
92 100
92 110
94 95
94 99
95 99
95 97
96 100
96 102
96 110
97 105
97 99
98 119
100 118
101 116
105 106
106 107
109 110
109 118
111 116
112 114
113 115
113 118
