0 119
0 118
0 3
0 117
0 52
0 85
0 67
1 2
1 119
1 4
1 17
2 3
2 4
2 5
2 58
3 4
3 5
3 6
4 5
4 6
4 7
5 6
5 8
5 111
5 93
5 18
6 7
6 8
6 9
6 74
6 14
6 111
7 9
7 10
7 61
8 10
8 46
8 106
8 80
8 56
9 10
9 12
9 114
9 73
10 12
10 69
10 23
11 12
11 13
11 14
12 13
12 15
12 29
12 30
13 16
13 58
13 104
13 114
13 49
13 77
14 15
14 22
15 16
15 17
15 18
16 17
16 18
16 52
16 78
17 18
17 20
17 44
17 59
18 20
18 112
18 57
19 20
19 21
19 22
20 21
20 23
20 43
20 101
21 24
21 107
21 63
22 23
22 24
22 25
22 72
23 25
23 51
23 110
23 75
24 25
24 27
24 100
24 30
24 71
25 26
25 27
25 28
26 27
26 28
26 47
27 28
27 30
27 109
27 100
28 29
28 30
28 31
28 83
29 32
29 118
30 31
30 33
30 45
31 33
31 34
31 74
31 52
32 33
32 35
32 55
33 34
33 35
33 36
33 43
33 92
34 35
34 36
34 37
34 83
35 36
35 37
35 38
36 37
36 39
36 85
37 39
37 40
37 82
38 39
38 40
38 44
38 114
39 40
39 42
39 92
39 90
40 41
40 42
40 43
40 87
41 42
41 43
41 44
42 43
42 44
42 45
42 60
43 46
43 109
44 47
44 51
44 107
45 48
45 56
45 97
46 47
46 48
46 49
46 83
46 64
47 48
47 49
47 50
47 113
48 49
48 50
48 51
48 107
49 50
49 68
49 118
49 61
50 51
50 52
50 53
50 60
50 73
51 52
51 53
51 55
52 82
53 54
53 55
53 56
53 102
54 55
54 57
54 110
55 57
55 58
55 66
55 60
56 57
56 58
57 87
57 58
58 61
58 88
59 60
59 61
59 62
60 92
61 62
61 63
61 64
62 63
62 64
62 65
62 69
63 64
63 65
63 66
63 106
64 65
64 67
64 90
65 67
65 73
65 96
65 101
66 67
66 68
66 69
67 68
67 69
67 70
67 82
67 109
68 70
68 103
68 79
69 72
69 95
70 71
70 72
70 73
71 72
71 81
72 73
72 75
73 74
73 75
74 76
74 79
74 119
74 90
75 76
75 83
75 99
76 78
76 79
76 103
76 97
76 118
77 78
77 79
77 95
78 79
78 80
78 81
79 80
80 81
80 82
80 83
81 82
81 83
81 84
82 84
82 85
84 85
84 87
84 94
85 87
85 88
86 87
86 88
86 89
86 110
87 89
87 90
88 89
88 90
88 91
88 106
89 90
89 91
89 92
89 105
90 117
91 93
91 94
91 101
93 94
93 96
93 114
93 119
94 95
94 96
94 97
95 96
95 101
95 116
96 97
96 105
97 106
98 99
98 100
98 101
99 100
99 107
100 101
100 103
101 102
101 103
101 116
102 104
102 105
103 104
103 105
103 106
104 105
104 106
104 107
105 106
105 108
107 109
108 109
108 110
108 111
109 110
109 111
110 111
110 112
111 113
112 113
112 114
112 115
113 114
113 115
115 116
115 117
115 118
116 117
117 118
117 119
