0 1
0 2
1 3
1 6
1 33
1 39
1 67
1 75
1 110
2 3
2 4
2 18
2 21
2 28
2 30
2 61
2 64
2 69
2 101
3 4
3 5
3 6
3 8
3 14
3 15
3 16
3 20
3 21
3 22
3 23
3 27
3 41
3 44
3 45
3 46
3 47
3 49
3 55
3 58
3 60
3 61
3 68
3 78
3 80
3 85
3 87
3 96
3 105
3 119
4 5
4 7
4 9
4 10
4 11
4 12
4 13
4 16
4 24
4 27
4 33
4 37
4 53
4 57
4 62
4 67
4 73
4 77
4 97
5 9
5 13
5 52
5 63
5 72
6 7
6 11
6 17
6 20
6 25
6 28
6 34
6 51
6 76
6 95
7 8
7 10
7 14
7 15
7 18
7 32
7 40
7 57
7 71
8 19
8 32
8 35
8 39
8 42
8 43
8 50
8 83
8 92
8 109
8 111
9 12
9 24
9 31
9 48
9 54
9 59
9 89
9 104
10 17
10 93
11 23
11 25
11 34
11 38
11 48
11 66
12 36
12 91
12 119
14 29
14 75
15 26
15 66
16 19
16 30
16 58
16 81
16 86
16 88
16 89
16 92
16 94
17 22
17 35
17 56
17 64
17 110
18 40
18 90
19 99
19 106
20 29
20 50
21 53
23 54
23 65
23 114
23 115
24 26
24 36
25 45
25 71
25 79
25 101
25 107
26 111
27 37
28 51
28 100
28 112
29 31
29 38
30 44
30 60
30 68
31 46
31 70
32 49
32 56
32 93
32 100
34 41
34 94
35 82
37 42
37 76
37 107
38 43
38 65
38 106
38 112
39 47
39 63
43 80
46 59
46 87
47 109
48 52
48 55
48 79
48 85
48 116
49 95
51 74
51 84
51 97
52 72
53 62
53 70
55 98
56 69
56 74
58 118
59 73
59 104
59 108
60 81
60 88
60 108
64 82
64 105
64 116
64 118
66 113
69 83
69 102
70 78
70 84
70 98
70 102
73 113
75 77
75 86
75 99
77 91
80 90
84 103
85 114
89 115
90 96
90 103
92 117
109 117
