0 1
0 119
0 2
0 118
0 3
0 117
0 66
1 2
1 119
1 4
1 118
1 23
1 5
2 3
2 4
2 5
2 119
3 4
3 5
3 25
3 27
4 5
4 7
4 16
5 6
5 31
5 74
6 7
6 8
6 43
6 104
7 8
7 9
7 98
7 113
8 10
8 11
8 97
8 115
9 10
9 12
9 112
10 11
10 12
10 13
10 112
11 12
11 13
11 14
11 115
11 51
12 14
12 15
12 74
13 16
13 102
13 84
14 15
14 16
14 17
14 114
15 16
15 25
15 33
16 17
16 19
16 93
17 19
17 20
17 109
17 54
18 19
18 21
18 97
19 20
19 50
19 112
19 24
20 21
20 22
20 63
21 23
21 24
21 66
22 23
22 24
22 25
23 24
23 25
23 26
24 26
24 27
24 39
25 26
25 28
25 93
26 28
26 29
26 62
27 28
27 29
27 30
27 38
28 29
28 31
28 88
29 30
29 31
29 32
30 31
30 33
30 75
30 106
31 32
31 34
31 112
31 57
32 33
32 34
32 35
32 85
33 34
33 35
33 56
33 84
34 35
34 36
34 37
35 36
35 37
35 38
35 113
35 74
36 37
36 38
36 39
36 71
37 38
37 39
37 40
38 39
38 93
38 62
39 40
39 42
39 58
39 78
40 41
40 42
40 112
41 42
41 43
41 44
42 43
42 45
42 56
43 46
43 82
44 45
44 46
44 47
45 47
45 59
45 94
46 48
46 49
46 61
46 97
46 101
46 52
47 48
47 49
47 50
47 78
47 54
47 111
48 49
48 50
48 66
49 50
49 51
49 115
50 52
50 53
51 53
51 63
52 53
52 54
53 55
53 56
53 92
54 57
54 99
54 103
55 56
55 58
55 68
56 58
56 59
57 58
57 80
58 59
58 60
58 61
59 60
59 61
59 96
60 61
60 62
60 63
61 62
61 63
61 64
62 63
62 64
63 66
63 93
63 83
63 105
64 65
64 66
64 67
64 68
65 66
65 104
65 101
66 67
66 119
67 68
67 69
67 70
68 69
68 71
68 81
69 70
69 71
69 72
70 71
70 72
70 73
71 74
71 119
72 74
72 75
72 77
72 104
73 74
73 75
73 76
74 75
75 76
75 77
75 78
76 77
76 78
76 79
77 78
77 79
77 80
77 94
78 81
79 80
79 81
79 84
80 81
80 82
80 83
81 82
81 83
81 111
82 85
82 93
82 100
82 108
83 85
83 86
84 85
84 86
84 87
85 87
85 88
86 87
86 88
86 89
87 88
87 89
87 90
88 89
88 90
88 91
89 90
89 91
89 92
90 91
90 92
90 93
91 94
91 97
91 113
92 93
92 94
92 110
93 94
93 96
94 95
94 97
95 96
95 97
95 98
96 97
96 98
96 108
97 98
97 100
98 100
98 101
98 103
99 100
99 102
100 101
100 102
100 103
100 108
101 102
101 104
102 103
102 104
102 105
103 104
103 105
104 105
104 107
105 106
105 107
105 108
106 107
106 109
107 108
107 109
107 110
108 110
109 110
109 111
109 112
110 111
110 112
110 113
111 112
112 113
112 114
113 114
114 115
114 116
115 118
116 117
116 118
116 119
117 118
117 119
118 119
