0 65
0 66
0 75
0 81
0 86
0 90
0 94
0 112
1 63
1 65
1 71
1 85
1 88
1 107
2 60
2 62
2 66
2 82
2 85
2 90
2 110
3 61
3 72
3 77
3 82
3 84
3 85
3 89
3 90
3 102
3 111
3 119
4 62
4 64
4 65
4 71
4 81
4 85
4 88
4 91
4 93
4 102
4 113
5 64
5 67
5 69
5 88
5 101
5 103
5 118
6 60
6 64
6 66
6 71
6 81
6 83
6 97
7 60
7 62
7 63
7 74
7 85
7 91
7 97
7 98
7 112
7 118
8 79
8 80
8 84
8 88
8 96
8 113
8 114
8 117
9 69
9 81
9 94
9 97
9 104
9 111
9 116
10 72
10 73
10 78
10 84
10 88
10 98
10 109
10 111
10 113
11 62
11 64
11 71
11 73
11 77
11 81
11 87
11 108
11 109
11 119
12 64
12 65
12 91
12 97
12 109
12 115
12 119
13 65
13 67
13 76
13 80
13 83
13 84
13 85
13 89
13 91
13 97
13 100
13 104
13 108
13 116
13 117
13 118
13 119
14 71
14 73
14 75
14 76
14 110
14 117
15 63
15 74
15 77
15 93
15 94
15 96
15 105
15 111
16 60
16 61
16 63
16 65
16 67
16 75
16 84
16 100
16 104
16 116
16 119
17 67
17 68
17 72
17 78
17 85
17 91
17 96
17 104
17 117
18 61
18 66
18 68
18 84
18 86
18 105
18 106
18 116
19 64
19 66
19 69
19 74
19 77
19 78
19 80
19 82
19 85
19 100
20 67
20 77
20 108
20 114
21 81
21 95
21 98
21 101
21 106
21 112
22 73
22 74
22 83
22 103
22 106
22 113
22 115
22 118
23 72
23 78
23 86
23 87
23 95
23 100
23 112
24 65
24 75
24 78
24 79
24 80
24 81
24 86
24 95
24 96
24 98
24 101
24 105
24 110
25 64
25 65
25 69
25 76
25 78
25 79
25 80
25 95
25 103
25 119
26 73
26 83
26 91
26 96
26 104
26 113
27 64
27 65
27 70
27 92
27 102
27 103
27 110
27 116
28 68
28 75
28 80
28 82
28 84
28 94
28 99
28 106
29 63
29 67
29 75
29 77
29 84
29 107
30 63
30 70
30 71
30 72
30 78
30 87
30 94
30 95
31 62
31 82
31 83
31 85
31 86
31 94
31 104
31 107
31 111
31 116
31 117
32 66
32 67
32 78
32 80
32 82
32 99
32 100
32 102
32 110
32 114
33 74
33 75
33 81
33 82
33 85
33 87
33 100
33 101
33 106
34 90
34 98
34 118
34 119
35 63
35 72
35 75
35 79
35 88
35 89
35 105
35 107
35 110
36 71
36 74
36 80
36 81
36 86
36 90
36 93
36 107
36 115
36 117
37 90
37 94
37 95
37 110
37 117
38 61
38 67
38 74
38 79
38 81
38 102
38 107
38 117
39 77
39 86
39 96
39 99
39 105
39 110
39 111
39 116
40 66
40 68
40 70
40 75
40 92
40 109
41 61
41 78
41 82
41 85
41 89
41 90
41 93
41 94
41 95
41 97
41 98
41 102
41 113
41 118
42 60
42 82
42 84
42 92
42 96
42 100
42 102
42 112
43 61
43 68
43 74
43 76
43 80
43 82
43 83
43 84
43 94
43 98
43 108
43 109
43 110
43 113
43 118
43 119
44 60
44 64
44 69
44 71
44 83
44 84
44 93
44 97
45 66
45 75
45 78
45 87
45 92
45 98
45 102
45 108
45 113
46 61
46 63
46 76
46 85
46 86
46 96
46 104
46 105
46 112
47 64
47 66
47 76
47 80
47 93
47 118
48 60
48 76
48 77
48 81
48 82
48 84
48 86
48 90
48 99
48 116
49 62
49 80
49 82
49 89
49 90
49 97
49 107
49 108
49 109
49 110
49 115
49 117
50 69
50 77
50 86
50 89
50 92
50 95
50 110
51 62
51 69
51 70
51 71
51 91
51 101
51 114
51 115
51 117
52 69
52 80
52 89
52 92
52 98
52 103
52 114
53 77
53 86
53 91
53 97
53 105
53 109
53 115
53 118
54 62
54 65
54 76
54 82
54 86
54 91
54 104
54 107
55 62
55 66
55 72
55 78
55 84
55 85
55 92
55 97
55 118
56 61
56 69
56 72
56 74
56 96
56 97
56 118
57 63
57 67
57 71
57 86
57 89
57 91
57 98
57 109
57 117
58 60
58 63
58 66
58 72
58 74
58 79
58 88
58 95
58 108
58 113
58 116
58 119
59 66
59 89
59 91
59 108
59 110
