0 61
0 68
0 69
0 74
0 76
0 78
0 85
0 93
0 96
0 99
0 104
0 109
0 116
1 69
1 77
1 87
1 90
1 111
1 115
2 61
2 62
2 79
2 87
2 99
2 115
2 118
2 119
3 62
3 63
3 77
3 83
3 88
3 92
3 93
3 108
3 110
4 65
4 66
4 68
4 80
4 89
4 97
4 104
4 106
4 107
4 110
4 111
4 116
5 69
5 90
5 92
5 96
5 105
5 114
5 115
5 117
6 60
6 64
6 79
6 91
6 95
6 105
6 108
7 62
7 66
7 78
7 84
7 90
7 93
7 94
7 97
7 99
7 104
7 110
7 111
8 62
8 78
8 81
8 83
8 87
8 90
8 95
8 113
9 68
9 71
9 75
9 84
9 93
9 101
9 110
9 112
9 116
9 118
10 72
10 77
10 79
10 86
10 87
10 103
10 111
10 112
10 115
11 62
11 63
11 64
11 75
11 77
11 78
11 80
11 95
11 104
11 109
11 118
12 60
12 61
12 70
12 83
12 84
12 92
12 99
12 100
12 116
12 118
13 60
13 61
13 64
13 76
13 85
13 89
13 92
13 96
13 97
13 98
13 100
13 107
13 109
13 113
14 74
14 75
14 93
14 97
14 98
14 104
14 119
15 66
15 81
15 93
15 96
15 100
15 104
16 69
16 70
16 77
16 85
16 89
16 90
16 102
16 105
16 112
17 62
17 64
17 68
17 74
17 80
17 81
17 88
17 93
17 96
17 98
17 103
17 108
17 112
17 119
18 66
18 68
18 74
18 75
18 76
18 80
18 88
18 90
18 103
19 69
19 76
19 80
19 83
19 86
19 95
19 115
20 70
20 75
20 81
20 83
20 95
20 97
20 103
20 107
20 111
20 115
21 62
21 64
21 65
21 67
21 70
21 72
21 73
21 98
21 108
21 112
21 118
21 119
22 60
22 62
22 63
22 69
22 74
22 77
22 86
22 87
22 103
22 107
22 108
22 114
23 67
23 68
23 71
23 90
23 92
23 102
23 103
23 112
23 118
24 71
24 104
24 105
24 108
24 111
24 118
25 64
25 67
25 73
25 74
25 75
25 86
25 87
25 103
25 110
25 114
25 116
25 118
25 119
26 78
26 84
26 89
26 90
26 91
26 96
26 112
26 114
26 117
27 60
27 61
27 73
27 84
27 87
27 93
27 101
27 116
28 66
28 76
28 84
28 88
28 94
28 102
29 74
29 89
29 91
29 95
29 100
29 105
29 107
29 110
29 111
30 76
30 77
30 78
30 86
30 93
30 99
31 67
31 68
31 69
31 71
31 83
31 110
31 116
32 63
32 68
32 77
32 80
32 92
32 96
32 97
32 108
32 116
33 60
33 63
33 68
33 71
33 72
33 80
33 89
33 91
33 92
33 94
33 104
33 108
33 109
34 61
34 67
34 69
34 77
34 78
34 79
34 84
34 85
34 105
34 112
34 113
34 117
34 118
35 70
35 73
35 96
35 106
35 109
35 112
36 72
36 73
36 74
36 75
36 85
36 87
36 88
36 93
36 94
36 101
36 102
36 108
37 64
37 65
37 72
37 77
37 87
37 92
37 94
37 97
37 102
37 105
37 106
37 107
37 119
38 67
38 71
38 79
38 85
38 89
38 92
38 93
38 108
38 112
38 117
39 72
39 80
39 82
39 83
39 87
39 94
39 113
40 76
40 79
40 102
40 104
40 109
40 113
40 114
40 116
40 119
41 63
41 76
41 86
41 99
41 110
42 76
42 85
42 94
42 101
42 103
42 105
42 117
42 118
43 67
43 71
43 80
43 81
43 87
43 91
43 106
43 114
43 118
44 70
44 76
44 95
44 102
44 115
44 116
45 63
45 70
45 76
45 79
45 85
45 86
45 91
45 103
45 108
45 110
45 114
45 115
45 117
45 118
46 61
46 67
46 80
46 83
46 101
46 108
46 111
46 119
47 63
47 75
47 101
47 113
48 68
48 74
48 79
48 92
48 95
48 96
48 100
48 108
49 63
49 66
49 80
49 81
49 83
49 95
49 102
49 104
49 111
49 114
50 68
50 75
50 79
50 86
50 93
50 112
51 64
51 72
51 73
52 69
52 72
52 76
52 82
52 84
52 105
52 107
52 112
53 82
53 90
53 100
53 112
54 63
54 72
54 79
54 86
54 94
54 108
54 110
54 113
55 73
55 74
55 86
55 89
55 90
55 92
55 109
56 63
56 70
56 75
56 77
56 78
56 89
56 100
56 102
56 108
56 114
57 64
57 69
57 70
57 73
57 75
57 81
57 94
57 97
57 101
57 102
57 109
57 115
57 116
58 75
58 81
58 89
58 92
58 103
58 108
59 65
59 73
59 74
59 78
59 86
59 87
59 92
59 96
59 97
59 119
