0 1
0 2
0 3
0 4
0 5
0 6
0 7
0 8
0 9
0 10
0 11
0 12
0 13
0 14
0 15
0 17
0 18
0 20
0 21
0 22
0 23
0 26
0 27
0 28
0 29
0 33
0 35
0 42
0 44
0 50
0 52
0 59
0 68
0 69
0 87
0 91
0 101
0 102
0 108
0 111
0 114
0 118
0 119
1 6
1 7
1 8
1 9
1 10
1 20
1 25
1 26
1 32
1 33
1 46
1 47
1 59
1 62
1 78
1 88
1 97
1 100
1 104
2 6
2 7
2 8
2 9
2 12
2 14
2 15
2 17
2 24
2 25
2 26
2 31
2 32
2 41
2 42
2 77
2 104
3 6
3 13
3 14
3 15
3 18
3 25
3 33
3 38
3 44
3 57
3 61
3 63
3 65
3 67
3 77
3 84
3 85
3 102
3 106
3 108
5 6
5 7
5 8
5 9
5 18
5 24
5 26
5 30
5 33
5 34
5 39
5 50
5 55
5 61
5 67
6 7
6 8
6 9
6 10
6 11
6 13
6 14
6 16
6 18
6 19
6 20
6 21
6 32
6 36
6 40
6 43
6 57
6 60
6 90
6 92
6 110
7 10
7 14
7 17
7 24
7 31
7 44
7 67
7 71
7 84
7 116
8 10
8 11
8 12
8 16
8 19
8 39
8 57
8 70
8 74
8 84
8 93
8 94
8 100
8 112
8 114
9 11
9 13
9 16
9 19
9 25
9 28
9 30
9 31
9 34
9 37
9 39
9 46
9 55
9 57
9 71
9 73
9 79
9 86
9 87
9 102
9 118
10 11
10 12
10 15
10 18
10 27
10 29
10 40
10 53
10 57
10 61
10 63
10 67
10 76
10 80
10 102
10 104
10 109
10 112
11 12
11 15
11 20
11 21
11 22
11 45
11 52
11 55
11 84
11 119
12 13
12 16
12 20
12 22
12 28
12 30
12 36
12 45
12 51
12 70
12 73
12 76
12 100
12 103
13 17
13 22
13 23
13 34
13 36
13 55
13 95
14 27
14 32
14 37
14 41
14 44
14 46
14 47
14 49
14 64
14 72
14 78
14 91
14 95
14 96
15 16
15 17
15 19
15 22
15 29
15 37
15 38
15 39
15 41
15 45
15 49
15 50
15 75
15 76
15 78
15 82
15 83
15 87
15 88
15 93
15 111
15 114
15 116
16 23
16 24
16 27
16 30
16 32
16 42
16 52
16 68
16 81
16 82
16 107
17 19
17 21
17 24
17 27
17 28
17 31
17 48
17 50
17 58
17 63
17 74
17 89
17 95
17 99
17 105
17 117
18 33
18 34
18 39
18 54
18 65
18 85
19 23
19 31
19 38
19 40
19 44
19 46
19 74
19 80
19 83
19 85
19 91
19 92
19 96
19 97
20 21
20 29
20 41
20 45
20 46
20 48
20 62
20 63
20 66
20 77
20 79
20 104
20 107
21 42
21 43
21 49
21 59
21 74
21 106
22 23
22 35
22 37
22 38
22 60
22 72
22 95
22 102
22 115
23 25
23 28
23 30
23 35
23 48
23 49
23 54
23 60
23 90
23 94
23 104
24 26
24 29
24 36
24 60
24 107
24 113
25 51
25 54
25 56
25 59
25 61
25 69
25 83
25 94
25 109
26 45
26 53
26 64
26 71
26 114
27 34
27 48
27 66
27 68
27 69
27 83
27 88
28 40
28 41
28 47
28 58
28 70
28 76
28 108
28 111
28 116
29 51
29 64
29 98
29 106
30 38
30 53
30 66
30 82
30 89
30 100
31 35
31 56
31 74
31 81
31 92
31 105
31 112
32 37
32 47
33 42
33 66
33 87
33 93
33 110
34 35
34 36
34 43
34 54
34 80
34 99
34 109
34 117
35 51
35 56
35 60
35 71
35 103
35 113
36 48
36 58
36 73
37 65
37 77
38 40
38 43
38 81
38 100
39 51
39 52
39 59
39 69
39 72
39 76
39 81
39 84
39 88
39 89
39 99
39 101
39 103
39 118
40 43
40 49
40 56
40 62
40 67
40 68
40 70
40 92
40 101
40 109
40 113
41 91
41 93
41 115
42 68
42 88
42 89
42 98
43 47
43 64
44 53
44 65
44 73
45 58
45 65
45 70
45 75
45 94
45 101
47 50
47 55
47 91
47 113
47 119
48 72
48 80
48 89
48 115
49 52
49 53
49 56
49 61
49 63
49 64
49 71
49 86
49 111
50 92
51 58
51 78
51 86
51 97
51 99
51 115
52 75
52 87
53 54
53 62
53 73
54 79
54 96
54 108
55 96
55 97
56 78
57 75
57 85
58 99
59 66
59 82
59 95
59 106
59 112
60 90
60 98
60 111
61 62
61 110
63 77
63 85
63 114
66 81
66 105
67 69
67 86
69 80
69 96
69 117
71 72
71 79
71 105
73 79
73 101
74 75
74 116
75 97
75 116
75 119
77 82
78 105
79 86
79 93
79 107
79 117
80 94
81 103
81 108
82 83
83 90
84 115
84 118
86 110
87 118
88 90
89 98
89 112
90 106
97 98
99 103
99 113
99 117
101 109
103 107
104 119
107 110
