0 36
0 45
0 77
0 78
0 109
0 116
1 18
1 22
1 24
1 32
1 47
1 49
1 53
1 58
1 61
1 71
1 80
1 96
1 97
1 102
1 103
1 114
2 15
2 75
3 11
3 19
3 20
3 23
3 33
3 39
3 40
3 51
3 55
3 66
3 86
3 99
3 100
3 112
4 41
4 56
4 105
5 9
5 12
5 31
5 42
5 64
5 65
5 74
5 76
5 87
5 89
5 95
5 117
6 9
6 12
6 42
6 74
6 87
6 117
6 119
7 21
7 36
7 57
7 62
7 83
7 88
7 91
7 94
7 98
7 107
8 28
8 34
8 38
8 44
8 50
8 73
8 77
8 81
8 90
8 104
8 109
8 116
9 12
9 31
9 42
9 64
9 74
9 76
9 87
9 89
9 95
9 117
9 119
10 14
10 39
10 51
10 55
10 70
10 84
10 86
10 93
10 108
11 19
11 20
11 23
11 26
11 33
11 34
11 51
11 66
11 85
11 86
11 99
11 104
11 112
12 42
12 68
12 74
12 76
12 87
12 95
12 117
13 18
13 22
13 24
13 32
13 46
13 58
13 59
13 82
13 96
13 115
14 55
14 70
14 76
14 84
14 93
14 95
14 106
14 108
15 16
15 52
15 75
15 113
16 113
17 19
17 25
17 27
17 30
17 35
17 39
17 40
17 66
17 69
17 110
17 111
18 22
18 24
18 32
18 46
18 47
18 49
18 58
18 59
18 61
18 82
18 96
18 97
18 102
18 115
19 20
19 23
19 25
19 27
19 35
19 40
19 56
19 66
19 69
19 99
19 100
19 110
20 23
20 30
20 33
20 35
20 39
20 40
20 55
20 66
20 69
20 86
20 99
20 100
20 110
21 36
21 57
21 62
21 91
21 94
21 107
22 24
22 32
22 47
22 49
22 58
22 61
22 82
22 96
22 97
22 102
23 27
23 33
23 35
23 40
23 56
23 66
23 99
23 100
23 105
24 32
24 47
24 49
24 58
24 61
24 82
24 96
24 97
24 102
24 115
25 27
25 30
25 35
25 40
25 66
25 69
25 100
25 110
26 33
26 34
26 38
26 51
26 54
26 73
26 79
26 85
26 99
26 104
26 112
27 35
27 40
27 56
27 66
27 69
27 100
27 110
28 34
28 38
28 44
28 50
28 73
28 77
28 81
28 90
28 109
29 54
29 67
29 72
29 79
29 85
29 92
29 107
29 116
29 118
30 35
30 39
30 66
30 69
30 84
30 86
30 93
30 110
30 111
31 64
31 65
31 89
31 111
31 117
32 47
32 49
32 58
32 61
32 82
32 96
32 97
32 102
32 115
33 51
33 66
33 79
33 85
33 86
33 99
33 104
33 112
34 38
34 44
34 50
34 73
34 85
34 90
34 99
34 104
35 40
35 66
35 69
35 100
35 110
36 45
36 57
36 62
36 78
36 83
36 88
36 98
36 101
36 107
37 51
37 67
37 72
37 79
37 85
37 92
37 108
37 112
37 118
38 44
38 54
38 73
38 77
38 81
38 85
38 90
38 104
38 109
38 112
38 116
39 55
39 66
39 69
39 70
39 84
39 86
39 93
39 110
39 111
40 66
40 69
40 100
40 110
41 56
41 105
42 74
42 76
42 87
42 95
42 117
42 119
43 48
43 53
43 60
43 63
43 71
44 50
44 73
44 77
44 81
44 90
44 109
44 116
45 57
45 62
45 78
45 83
45 88
45 98
45 101
46 59
46 68
46 82
47 49
47 53
47 58
47 61
47 67
47 82
47 92
47 96
47 97
47 102
47 103
47 114
48 60
48 63
49 58
49 61
49 82
49 96
49 97
49 102
49 108
50 56
50 73
50 90
50 105
51 55
51 70
51 72
51 79
51 85
51 86
51 99
51 108
51 112
52 75
52 113
52 115
53 60
53 63
53 71
53 80
53 97
53 102
53 103
53 114
54 72
54 79
54 85
54 104
54 112
54 116
54 118
55 66
55 70
55 84
55 86
55 93
55 108
56 100
56 105
57 62
57 78
57 83
57 88
57 98
57 101
58 61
58 82
58 96
58 97
58 102
59 68
59 82
60 63
60 71
61 82
61 96
61 97
61 102
62 78
62 83
62 88
62 94
62 98
62 101
62 107
63 71
64 65
64 84
64 89
64 111
64 117
65 89
65 111
66 69
66 86
66 99
66 100
66 110
67 72
67 79
67 80
67 92
67 103
67 114
67 118
68 87
69 110
69 111
70 84
70 86
70 93
70 108
71 80
71 103
71 114
72 79
72 85
72 92
72 108
72 112
72 118
73 77
73 81
73 90
73 104
73 109
73 116
74 76
74 87
74 95
74 117
74 119
75 113
75 115
76 87
76 95
76 106
76 117
77 81
77 90
77 109
77 116
78 83
78 88
78 98
78 101
78 107
79 85
79 92
79 104
79 112
79 118
80 92
80 103
80 114
81 90
81 109
81 116
82 96
82 97
82 102
82 115
83 88
83 98
83 101
84 86
84 93
84 111
85 104
85 112
85 118
86 93
86 99
86 108
87 95
87 117
88 98
88 101
89 95
89 111
89 117
90 109
91 94
92 103
92 114
92 118
93 108
93 111
94 107
95 106
95 117
96 97
96 102
97 102
97 103
97 114
98 101
99 100
99 104
99 112
100 105
100 110
102 103
102 114
103 114
104 112
107 116
109 116
112 118
117 119
