0 1
0 2
0 3
0 4
0 8
0 9
0 13
0 14
0 16
0 18
0 19
0 20
0 23
0 24
0 25
0 26
0 28
0 30
0 32
0 33
0 38
0 39
0 40
0 41
0 43
0 44
0 47
0 59
0 64
0 66
0 78
0 79
0 80
0 86
0 87
0 94
0 96
0 98
0 99
0 108
0 112
0 115
0 117
1 3
1 6
1 7
1 9
1 10
1 12
1 14
1 17
1 31
1 34
1 41
1 50
1 70
1 75
1 81
1 86
1 102
2 5
2 11
2 20
2 45
2 55
2 57
2 74
2 110
3 4
3 18
3 92
3 96
4 5
4 15
4 21
4 25
4 32
4 34
4 42
4 46
4 60
4 63
4 64
4 69
4 109
5 6
5 7
5 8
5 13
5 22
5 27
5 29
5 35
5 42
5 43
5 49
5 53
5 61
5 63
5 74
5 90
5 92
5 94
5 106
6 12
7 21
7 29
7 57
7 65
7 66
7 110
8 10
8 17
8 19
8 27
8 56
8 84
8 93
8 117
10 11
10 16
10 24
10 50
10 85
10 87
10 101
11 38
13 15
13 22
13 23
13 82
14 30
14 105
14 111
15 49
15 82
15 108
16 36
16 48
16 51
16 103
17 37
17 46
17 67
18 31
18 37
18 118
19 39
19 60
20 51
20 54
20 55
20 68
20 69
20 76
20 112
20 114
20 115
21 116
22 28
22 56
22 59
23 26
23 36
23 83
23 84
23 93
25 71
27 47
28 33
28 40
28 45
28 54
28 65
28 70
28 73
28 90
28 100
29 89
30 44
30 58
30 73
30 77
30 80
31 35
31 58
31 62
31 102
31 106
31 113
32 72
32 97
34 79
34 85
34 95
36 48
37 61
38 52
38 53
39 62
39 116
40 91
40 95
42 68
42 107
44 91
47 101
48 52
50 67
50 99
50 107
50 118
51 78
52 97
54 76
54 109
59 81
61 100
61 104
62 72
65 104
67 103
69 77
69 88
70 71
70 83
72 98
72 113
73 75
73 89
74 119
76 114
87 88
96 111
104 105
108 119
