0 1
0 21
0 72
0 95
1 28
1 112
1 54
2 3
2 32
2 74
2 78
3 10
3 40
3 110
4 5
4 80
4 115
4 69
5 47
5 75
5 110
6 7
6 43
6 9
6 41
7 27
7 20
7 45
8 9
8 83
8 116
8 79
9 13
9 99
10 33
10 84
10 62
11 12
11 34
11 65
11 111
12 72
12 86
12 47
13 16
13 14
13 79
14 15
14 26
14 106
15 96
15 115
15 73
16 73
16 51
16 26
17 18
17 30
17 62
17 51
18 20
18 33
18 81
19 20
19 67
19 113
19 82
20 89
21 69
21 77
21 22
22 23
22 27
22 101
23 104
23 39
23 91
24 25
24 26
24 36
24 75
25 78
25 82
25 102
26 109
27 107
27 44
28 29
28 43
28 58
29 39
29 60
29 48
30 66
30 86
30 94
31 32
31 106
31 49
31 103
32 111
32 100
33 47
33 85
34 74
34 92
34 100
35 36
35 52
35 63
35 76
36 73
36 56
37 38
37 42
37 91
37 101
38 44
38 103
38 116
39 116
39 78
40 41
40 113
40 80
41 57
41 56
42 62
42 46
42 82
43 117
43 119
44 83
44 118
45 46
45 99
45 118
46 104
46 80
47 66
48 49
48 70
48 98
49 50
49 81
50 51
50 79
50 55
51 70
52 59
52 87
52 109
53 54
53 68
53 59
53 97
54 66
54 96
55 56
55 107
55 83
56 59
57 58
57 83
57 102
58 69
58 63
59 115
60 61
60 88
60 92
61 65
61 109
61 119
62 110
63 64
63 103
64 72
64 108
64 94
65 105
65 77
66 94
67 117
67 97
67 118
68 113
68 119
68 98
69 90
70 91
70 89
71 72
71 115
71 114
71 102
73 93
74 93
74 88
75 109
75 84
76 77
76 87
76 89
77 111
78 119
79 99
80 81
81 90
82 95
84 97
84 113
85 86
85 105
85 114
86 105
87 88
87 99
88 93
89 107
90 100
90 111
91 118
92 95
92 117
93 96
94 104
95 112
96 112
97 98
98 105
100 101
101 116
102 114
103 110
104 108
106 108
106 117
107 114
108 112
