0 1
0 2
0 3
0 4
0 5
0 6
0 7
0 8
0 9
0 10
0 12
0 13
0 14
0 15
0 17
0 19
0 20
0 21
0 22
0 23
0 26
0 29
0 30
0 31
0 38
0 42
0 43
0 51
0 52
0 57
0 58
0 63
0 72
0 81
0 84
0 85
0 91
0 93
0 98
0 99
0 101
0 102
0 103
0 105
0 110
0 117
0 118
1 6
1 7
1 9
1 10
1 15
1 22
1 29
1 41
1 43
1 46
1 50
1 62
1 65
1 79
1 82
1 101
2 6
2 8
2 9
2 11
2 12
2 13
2 23
2 24
2 26
2 32
2 39
2 42
2 49
2 52
2 64
2 72
2 74
2 80
2 117
3 6
3 7
3 10
3 12
3 21
3 24
3 42
3 53
3 60
3 69
3 71
3 76
3 86
3 89
3 94
3 95
3 116
3 119
5 6
5 7
5 8
5 11
5 14
5 16
5 17
5 18
5 19
5 25
5 59
5 66
5 69
5 79
5 90
5 91
5 99
5 103
5 105
5 116
6 7
6 8
6 9
6 10
6 11
6 12
6 13
6 15
6 17
6 18
6 19
6 20
6 21
6 22
6 23
6 24
6 27
6 28
6 31
6 32
6 34
6 35
6 36
6 37
6 39
6 40
6 41
6 44
6 48
6 53
6 55
6 58
6 60
6 65
6 66
6 67
6 68
6 69
6 71
6 72
6 73
6 75
6 77
6 78
6 80
6 81
6 90
6 96
6 98
6 99
6 101
6 106
6 112
6 113
6 114
6 115
6 118
7 8
7 11
7 16
7 31
7 40
7 45
7 50
7 73
7 75
7 82
7 83
7 84
7 94
7 99
8 9
8 10
8 14
8 18
8 19
8 20
8 26
8 32
8 34
8 43
8 45
8 46
8 48
8 50
8 57
8 63
8 65
8 67
8 80
8 93
8 108
9 11
9 12
9 13
9 14
9 16
9 17
9 18
9 23
9 24
9 27
9 28
9 33
9 35
9 38
9 44
9 45
9 51
9 58
9 76
9 84
9 85
9 104
9 107
10 15
10 16
10 25
10 34
10 35
10 37
10 49
10 55
10 91
10 94
11 25
11 30
11 87
11 114
12 13
12 14
12 21
12 22
12 31
12 38
12 39
12 45
12 46
12 53
12 54
12 62
12 74
12 89
12 92
12 95
13 15
13 16
13 18
13 27
13 33
13 56
13 65
13 89
13 105
13 106
13 109
14 17
14 19
14 26
14 29
14 40
14 48
14 57
14 81
14 82
14 92
14 102
15 29
15 37
15 38
15 40
15 41
15 44
15 47
15 61
15 66
15 90
15 91
16 22
16 24
16 28
16 29
16 30
16 37
16 39
16 63
16 69
16 74
16 82
16 104
16 118
17 20
17 21
17 30
17 31
17 42
17 57
17 61
17 70
17 79
17 87
17 91
17 93
17 97
17 103
17 107
17 112
17 118
18 41
19 20
19 23
19 26
19 32
19 34
19 44
19 47
19 49
19 52
19 55
19 59
19 66
19 89
19 92
19 97
19 111
19 117
20 27
20 28
20 48
20 58
20 73
20 83
20 101
20 104
21 25
21 35
21 36
21 52
21 64
22 33
22 36
22 46
22 47
22 53
22 70
22 77
22 83
22 112
23 40
23 49
23 108
23 109
24 25
24 32
24 33
24 47
24 49
24 59
24 61
24 69
24 72
24 75
24 87
24 95
24 96
24 102
24 107
24 111
24 119
25 35
25 43
25 56
25 71
25 73
25 81
25 86
26 27
26 28
26 30
26 41
26 43
26 45
26 54
26 68
26 95
26 96
26 107
26 116
27 68
27 71
27 86
27 106
28 33
28 34
28 78
29 36
29 47
29 60
29 72
29 75
29 86
29 94
30 54
31 44
31 56
31 60
31 80
31 88
31 92
32 37
33 50
33 92
34 51
34 57
34 68
34 97
34 105
34 114
34 118
35 36
35 39
35 50
35 51
35 60
35 97
36 51
37 38
37 42
37 74
37 78
37 104
38 105
38 111
39 56
40 48
40 59
40 70
40 100
41 56
41 61
41 85
41 116
42 52
42 53
42 59
43 46
43 58
43 77
43 88
43 115
44 77
44 109
44 113
45 55
45 70
45 77
45 94
45 109
45 110
45 113
45 117
47 96
48 62
48 63
48 76
48 108
48 119
49 64
49 65
49 76
49 78
49 82
49 117
50 54
51 61
51 63
51 68
51 83
52 54
52 70
52 90
54 55
54 95
54 100
55 66
55 73
55 93
55 100
55 119
56 67
56 71
56 79
56 114
57 78
58 62
59 87
59 103
60 62
60 64
60 67
60 84
60 90
60 100
60 112
61 64
61 75
61 81
62 110
63 74
63 84
64 67
64 102
65 83
67 100
68 110
69 80
69 85
69 96
69 98
70 76
70 119
71 86
72 89
72 98
75 106
77 79
79 106
80 101
81 113
82 103
83 88
84 85
84 87
84 88
84 110
86 109
86 115
87 88
87 97
88 115
90 93
91 112
92 99
92 113
92 116
93 104
93 111
97 98
99 102
100 108
102 107
104 111
106 108
109 114
113 115
