0 1
0 12
0 26
0 48
1 30
1 90
1 69
2 3
2 48
2 47
2 67
3 97
3 24
3 119
4 5
4 16
4 102
4 111
5 96
5 115
5 16
6 7
6 65
6 69
6 119
7 17
7 51
7 10
8 9
8 65
8 114
8 75
9 33
9 17
9 19
10 11
10 95
10 57
11 46
11 22
11 75
12 13
12 63
12 61
13 100
13 111
13 87
14 15
14 48
14 87
14 90
15 44
15 83
15 118
16 69
16 45
17 32
17 109
18 19
18 93
18 61
18 30
19 41
19 21
20 21
20 43
20 91
20 113
21 99
21 108
22 23
22 45
22 116
23 98
23 28
23 94
24 25
24 61
24 66
25 57
25 89
25 69
26 27
26 76
26 44
27 85
27 113
27 117
28 29
28 100
28 104
29 33
29 74
29 70
30 88
30 62
31 32
31 57
31 82
31 66
32 113
32 100
33 34
33 75
34 35
34 51
34 76
35 36
35 113
35 37
36 56
36 109
36 105
37 38
37 65
37 109
38 42
38 79
38 78
39 40
39 77
39 117
39 85
40 102
40 86
40 85
41 105
41 108
41 72
42 70
42 54
42 50
43 65
43 83
43 93
44 45
44 76
45 114
46 47
46 87
46 92
47 81
47 105
48 49
49 80
49 104
49 102
50 51
50 110
50 54
51 82
52 53
52 77
52 101
52 115
53 84
53 99
53 111
54 55
54 116
55 81
55 88
55 94
56 83
56 59
56 116
57 58
58 105
58 78
58 112
59 60
59 66
59 64
60 91
60 101
60 71
61 62
62 99
62 96
63 64
63 73
63 92
64 116
64 95
66 72
67 68
67 94
67 109
68 80
68 95
68 87
70 89
70 106
71 72
71 115
71 84
72 112
73 74
73 97
73 119
74 92
74 101
75 81
76 112
77 91
77 98
78 79
78 88
79 110
79 86
80 107
80 119
81 82
82 86
83 108
84 107
84 108
85 107
86 110
88 103
89 96
89 107
90 104
90 117
91 92
93 111
93 118
94 106
95 98
96 110
97 106
97 118
98 104
99 100
101 118
102 103
103 112
103 114
106 114
115 117
