0 16
0 18
0 24
0 42
0 48
0 52
0 57
0 68
0 81
0 103
1 9
1 12
1 20
1 21
1 33
1 43
1 59
1 67
1 76
1 83
1 84
1 91
1 94
1 114
2 47
2 82
2 90
2 101
2 117
3 4
3 7
3 14
3 49
3 65
3 85
3 89
3 113
3 115
4 14
4 15
4 49
4 65
4 82
4 89
4 113
4 115
4 116
5 9
5 33
5 43
5 59
5 72
5 76
5 84
5 88
5 96
5 114
6 17
6 71
6 79
6 104
6 106
6 107
7 11
7 49
7 85
7 89
8 15
8 19
8 35
8 39
8 40
8 44
8 51
8 53
8 55
8 74
8 77
8 78
8 98
8 100
8 108
8 116
9 20
9 21
9 33
9 72
9 76
9 83
9 84
9 88
9 94
9 96
9 114
10 30
10 67
10 105
11 12
11 20
11 85
11 89
11 94
12 20
12 21
12 54
12 83
12 91
12 94
12 112
13 23
13 25
13 27
13 28
13 29
13 36
13 41
13 46
13 48
13 50
13 62
13 75
13 86
13 111
13 119
14 49
14 65
14 82
14 113
14 115
15 35
15 38
15 51
15 53
15 55
15 74
15 77
15 98
15 108
15 113
15 116
16 18
16 24
16 42
16 48
16 52
16 57
16 68
16 81
16 103
17 25
17 27
17 56
17 58
17 63
17 71
17 79
17 99
17 104
17 106
17 107
17 109
17 110
17 111
18 24
18 29
18 41
18 42
18 48
18 57
18 68
18 81
18 86
18 103
19 40
19 51
19 53
19 60
19 61
19 66
19 73
19 74
19 80
19 95
19 98
19 100
19 108
20 21
20 83
20 85
20 94
20 112
20 114
21 33
21 72
21 76
21 83
21 88
21 94
21 114
22 30
22 69
22 70
22 97
22 102
22 118
23 25
23 27
23 28
23 36
23 46
23 50
23 58
23 62
23 63
23 75
23 99
23 109
23 110
23 111
23 119
24 28
24 42
24 48
24 57
24 68
24 81
24 103
25 27
25 28
25 32
25 46
25 50
25 58
25 75
25 79
25 99
25 109
25 110
25 111
25 119
26 35
26 39
26 44
26 55
26 64
26 74
26 77
26 87
27 28
27 34
27 36
27 50
27 58
27 62
27 63
27 75
27 79
27 99
27 109
27 110
27 111
27 119
28 29
28 41
28 42
28 46
28 48
28 50
28 62
28 75
28 86
28 119
29 41
29 42
29 46
29 48
29 68
29 75
29 86
29 119
30 69
30 70
30 97
30 102
30 105
31 52
32 46
32 58
32 75
32 79
32 111
33 43
33 59
33 72
33 76
33 84
33 88
33 96
33 114
34 36
34 39
34 40
34 44
34 56
34 63
34 66
34 77
34 78
34 99
34 104
34 109
34 110
35 38
35 47
35 55
35 74
35 77
35 82
35 116
36 50
36 62
36 63
36 66
36 78
36 93
36 95
36 99
36 109
36 110
36 119
37 52
37 118
38 47
38 55
38 82
38 113
38 116
39 40
39 44
39 53
39 63
39 74
39 77
39 78
39 98
39 116
40 44
40 51
40 53
40 66
40 73
40 74
40 77
40 78
40 95
40 98
40 100
40 108
40 116
41 42
41 46
41 48
41 50
41 68
41 75
41 86
41 119
42 48
42 57
42 68
42 86
42 103
42 119
43 59
43 67
43 76
43 83
43 84
43 88
43 114
44 56
44 63
44 74
44 77
44 78
44 87
44 98
44 116
45 54
45 60
45 61
45 70
45 80
45 91
45 92
45 102
45 105
45 112
46 50
46 75
46 86
46 111
46 119
47 55
47 82
47 90
47 101
47 117
48 57
48 62
48 81
48 103
48 119
49 65
49 85
49 89
49 113
49 115
50 58
50 62
50 75
50 86
50 109
50 111
50 119
51 53
51 61
51 73
51 74
51 77
51 98
51 100
51 108
51 116
52 57
52 81
52 103
53 61
53 73
53 74
53 77
53 98
53 100
53 108
53 116
54 60
54 61
54 70
54 80
54 91
54 92
54 102
54 105
54 112
55 74
55 77
55 82
55 116
56 63
56 64
56 87
56 99
56 104
56 109
56 110
57 68
57 103
58 75
58 79
58 107
58 109
58 110
58 111
59 67
59 76
59 83
59 84
59 88
59 114
60 61
60 73
60 80
60 92
60 93
60 95
60 100
60 112
61 73
61 80
61 92
61 95
61 100
61 108
61 112
62 66
62 93
62 119
63 66
63 78
63 99
63 104
63 109
63 110
64 87
65 82
65 113
65 115
66 73
66 78
66 93
66 95
67 83
67 91
67 105
68 86
68 103
69 70
69 81
69 97
69 102
70 91
70 92
70 97
70 102
70 105
70 112
71 104
71 106
71 107
72 76
72 84
72 88
72 96
72 114
73 78
73 80
73 93
73 95
73 100
73 108
74 77
74 78
74 98
74 100
74 108
74 116
75 86
75 111
75 119
76 83
76 84
76 88
76 96
76 114
77 78
77 98
77 108
77 116
78 93
78 95
78 99
78 110
79 107
79 109
79 111
80 92
80 93
80 95
80 100
80 112
81 103
82 90
82 113
82 115
82 117
83 91
83 94
83 112
83 114
84 88
84 96
84 114
85 89
85 94
86 119
88 96
88 114
89 113
89 115
90 101
90 117
91 92
91 94
91 105
91 112
92 102
92 105
92 112
93 95
94 112
95 100
96 114
97 102
98 100
98 108
98 116
99 104
99 109
99 110
99 111
100 108
101 117
102 105
104 106
104 109
104 110
105 112
106 107
108 116
109 110
109 111
110 111
111 119
113 115
