0 1
0 2
0 3
0 4
0 5
0 6
0 7
0 8
0 9
0 10
0 11
0 12
0 13
0 16
0 18
0 20
0 23
0 25
0 36
0 37
0 39
0 42
0 46
0 48
0 58
0 65
0 71
0 73
0 74
0 78
0 83
0 93
0 94
0 95
0 99
0 102
0 104
0 108
0 114
0 115
0 119
1 6
1 9
1 10
1 13
1 18
1 24
1 30
1 32
1 36
1 38
1 61
1 73
1 75
1 94
1 115
2 6
2 7
2 8
2 9
2 10
2 11
2 13
2 14
2 15
2 21
2 24
2 25
2 27
2 29
2 30
2 34
2 35
2 36
2 40
2 43
2 49
2 51
2 55
2 60
2 62
2 66
2 68
2 79
2 81
2 85
2 90
2 97
2 99
2 112
3 6
3 7
3 11
3 12
3 35
3 44
3 46
3 50
3 54
3 60
3 67
3 69
3 73
3 78
3 81
3 82
3 83
3 88
3 103
3 108
3 112
4 14
4 17
4 39
4 43
4 82
4 104
4 110
4 112
5 6
5 7
5 8
5 11
5 13
5 19
5 20
5 22
5 25
5 29
5 35
5 36
5 37
5 44
5 45
5 49
5 59
5 62
5 71
5 72
5 80
5 94
5 102
5 117
5 118
6 7
6 8
6 9
6 10
6 11
6 13
6 14
6 15
6 17
6 19
6 24
6 26
6 27
6 28
6 30
6 32
6 39
6 40
6 41
6 42
6 45
6 52
6 54
6 59
6 65
6 66
6 69
6 86
6 92
6 111
6 116
7 8
7 15
7 17
7 19
7 28
7 34
7 35
7 41
7 43
7 53
7 54
7 62
7 75
7 81
7 85
7 94
7 110
8 9
8 10
8 15
8 16
8 18
8 22
8 31
8 37
8 42
8 50
8 54
8 58
8 63
8 76
8 77
8 87
8 92
8 96
8 104
8 116
9 12
9 14
9 22
9 23
9 43
9 44
9 45
9 55
9 62
9 70
9 84
9 86
9 105
9 113
10 12
10 15
10 16
10 20
10 26
10 29
10 33
10 34
10 45
10 47
10 52
10 56
10 61
10 62
10 67
10 71
10 74
10 82
10 85
10 91
10 97
10 103
10 114
11 12
11 14
11 25
11 28
11 32
11 33
11 39
11 59
11 68
11 98
11 99
12 16
12 17
12 21
12 38
12 51
13 16
13 17
13 18
13 21
13 34
13 36
13 37
13 46
13 50
13 68
13 78
13 117
14 23
14 32
14 37
14 44
14 48
14 50
14 54
14 57
14 85
14 89
14 98
14 100
15 22
15 27
15 48
15 49
15 52
15 73
15 91
16 18
16 19
16 20
16 21
16 23
16 29
16 30
16 38
16 49
16 53
16 57
16 63
16 77
16 96
16 97
16 99
16 109
16 112
16 114
17 19
17 27
17 28
17 30
17 32
17 43
17 56
17 60
17 63
17 67
17 69
17 70
17 73
17 81
17 83
17 87
17 101
17 114
17 117
18 25
18 31
18 38
18 58
18 64
18 65
18 67
18 82
18 88
18 93
18 96
19 20
19 24
19 28
19 42
19 52
19 55
19 66
19 69
19 80
19 84
19 100
19 106
19 113
20 21
20 22
20 41
20 63
20 77
20 79
20 83
20 84
21 23
21 26
21 33
21 46
21 47
21 50
21 64
21 72
21 84
21 88
21 97
21 100
21 102
21 106
21 107
22 24
22 26
22 31
22 47
22 57
22 58
22 59
22 65
22 70
22 79
22 83
22 114
22 117
22 118
23 26
23 53
23 68
23 106
24 27
24 29
24 31
24 35
24 41
24 51
24 69
24 80
24 88
24 92
24 108
24 117
25 51
25 63
25 70
25 71
25 75
25 116
26 44
26 49
26 87
26 91
27 38
27 39
27 41
27 51
27 56
27 67
27 77
27 80
27 108
27 111
28 31
28 33
28 34
28 60
29 33
29 61
29 64
29 66
29 92
30 55
30 57
30 101
30 115
31 40
31 95
32 48
32 75
32 106
32 110
32 115
33 47
34 65
35 42
35 55
35 78
35 86
35 101
36 48
36 53
36 61
36 72
36 76
36 82
36 86
36 103
36 107
36 116
36 118
37 40
37 58
37 64
37 68
37 74
37 93
37 109
37 113
38 40
38 52
38 64
38 66
38 105
39 45
39 110
40 89
41 75
42 90
43 76
43 80
43 103
44 57
45 46
45 56
45 76
45 91
45 98
45 107
45 111
46 47
46 53
46 76
46 87
46 94
47 85
48 61
48 72
48 78
48 101
48 112
49 88
50 59
50 74
51 95
52 72
53 92
55 56
56 60
56 71
56 77
56 93
56 99
59 102
61 79
61 115
62 81
62 87
63 105
65 70
65 74
65 79
65 90
66 95
66 96
69 93
69 109
70 86
70 98
71 91
72 96
73 119
74 95
74 113
75 90
75 101
75 109
76 107
77 90
77 98
78 89
79 84
79 104
81 89
81 106
81 107
81 110
81 118
83 89
83 97
84 105
86 105
88 113
89 100
90 109
92 119
94 100
94 103
95 102
99 104
101 119
102 116
104 111
104 119
105 108
107 111
111 118
