0 1
0 2
0 3
0 4
0 6
0 7
0 8
0 9
0 11
0 12
0 15
0 21
0 23
0 24
0 29
0 33
0 40
0 58
0 59
0 61
0 71
0 75
0 78
0 90
0 106
0 113
1 15
1 22
1 25
1 40
1 56
1 87
1 90
1 117
2 3
2 4
2 5
2 34
2 35
2 59
2 116
3 7
3 8
3 12
3 21
3 26
3 33
3 41
3 42
3 54
3 70
3 73
3 99
3 114
4 5
4 6
4 14
4 19
4 30
4 32
4 55
4 62
4 74
4 87
4 103
4 107
4 118
5 10
5 13
5 27
5 29
5 31
5 93
5 97
5 101
6 11
6 13
6 14
6 16
6 20
7 9
7 10
7 16
7 17
7 23
7 35
7 42
7 48
7 51
7 60
7 65
7 68
7 75
7 82
7 83
7 85
7 95
7 97
7 98
7 105
7 112
7 119
8 24
8 34
8 45
8 48
8 71
8 72
8 115
9 37
9 38
9 47
9 53
9 55
9 81
9 86
10 44
11 39
11 64
11 66
11 72
12 18
12 19
12 26
12 37
12 38
12 43
13 17
13 27
13 58
13 79
13 96
14 22
14 30
14 36
14 49
14 50
14 52
14 66
14 70
14 78
14 86
15 18
16 74
16 81
16 107
17 20
17 47
18 51
18 85
18 94
19 76
20 25
20 54
20 80
20 91
21 32
21 39
22 28
23 76
24 28
24 52
24 53
24 82
26 31
28 36
28 41
28 45
28 104
30 103
31 67
32 57
33 49
33 56
33 63
33 84
33 109
33 112
34 46
34 67
34 110
35 69
35 100
36 83
38 62
39 68
40 44
40 50
40 77
41 43
41 46
41 57
41 108
44 60
44 61
44 63
44 69
45 80
45 92
45 99
45 115
47 77
47 92
49 79
50 91
51 65
54 96
55 84
55 116
56 73
62 64
62 95
62 109
62 113
63 88
63 94
63 110
66 117
68 105
74 89
75 102
77 88
85 98
86 108
86 111
87 104
88 89
88 100
88 101
88 111
88 119
89 93
91 106
94 102
107 114
110 118
