0 1
0 2
0 3
0 4
0 5
0 6
0 7
0 8
0 9
0 11
0 12
0 14
0 19
0 20
0 23
0 25
0 26
0 27
0 28
0 30
0 31
0 34
0 38
0 39
0 42
0 44
0 47
0 54
0 56
0 57
0 59
0 60
0 64
0 68
0 71
0 75
0 79
0 92
0 99
0 101
0 109
0 113
0 114
0 118
1 6
1 7
1 8
1 9
1 11
1 12
1 13
1 15
1 16
1 18
1 19
1 23
1 24
1 25
1 29
1 32
1 45
1 46
1 54
1 63
1 65
1 68
1 72
1 78
1 81
1 86
1 95
1 100
1 105
1 111
1 114
1 115
2 6
2 10
2 15
2 20
2 33
2 40
2 57
2 67
2 108
2 114
3 6
3 7
3 13
3 19
3 24
3 30
3 35
3 59
3 86
3 91
5 6
5 7
5 8
5 9
5 10
5 22
5 29
5 45
5 50
5 55
5 56
5 66
5 82
5 83
5 87
5 91
5 105
6 7
6 8
6 9
6 10
6 11
6 13
6 15
6 16
6 17
6 18
6 19
6 21
6 26
6 27
6 28
6 31
6 36
6 37
6 44
6 52
6 56
6 57
6 61
6 64
6 67
6 71
6 73
6 74
6 83
6 90
6 91
6 102
6 103
6 104
6 113
6 116
6 117
7 8
7 9
7 13
7 15
7 16
7 18
7 22
7 24
7 25
7 26
7 29
7 31
7 32
7 35
7 37
7 40
7 44
7 48
7 49
7 62
7 73
7 76
7 85
7 88
7 101
8 10
8 11
8 12
8 14
8 15
8 16
8 17
8 18
8 21
8 22
8 23
8 24
8 27
8 28
8 30
8 34
8 35
8 39
8 47
8 48
8 51
8 60
8 70
8 80
8 88
8 91
8 104
8 105
9 10
9 12
9 14
9 20
9 34
9 37
9 39
9 40
9 55
9 111
9 118
10 11
10 13
10 16
10 18
10 25
10 30
10 36
10 40
10 42
10 43
10 52
10 53
10 57
10 58
10 62
10 63
10 95
10 100
10 104
10 108
11 12
11 14
11 23
11 33
11 43
11 53
11 68
11 99
11 100
11 103
11 105
11 119
12 14
12 17
12 21
12 22
12 32
12 47
12 49
12 59
12 63
12 64
12 76
12 86
13 26
13 51
13 63
13 75
13 77
14 17
14 31
14 33
14 65
14 69
14 76
14 89
14 101
14 102
14 106
14 113
15 21
15 34
15 35
15 42
15 49
15 51
15 52
15 85
15 96
15 112
15 113
16 17
16 22
16 27
16 38
16 66
16 87
16 88
16 89
16 95
16 104
16 119
17 20
17 23
17 26
17 31
17 34
17 36
17 38
17 41
17 62
17 69
17 76
17 82
17 99
17 104
17 107
17 116
18 19
18 20
18 32
18 33
18 45
18 49
18 56
18 60
18 77
18 80
18 94
18 97
18 109
18 112
18 119
19 21
19 38
19 41
19 45
19 71
19 75
20 50
20 65
20 108
20 113
21 41
21 46
21 53
21 58
21 87
21 93
21 96
21 98
22 28
22 37
22 43
22 86
23 24
23 25
23 27
23 36
23 48
23 53
23 55
23 78
23 98
23 101
23 112
24 28
24 58
24 65
24 105
25 46
25 47
25 51
25 67
25 94
25 108
25 110
26 42
26 48
26 57
26 66
26 96
27 29
27 41
27 48
27 50
27 69
27 72
27 88
28 29
28 30
28 33
28 42
28 59
28 61
28 73
28 78
29 32
29 37
29 38
29 40
29 44
29 49
29 52
29 81
29 111
29 119
30 45
30 77
30 79
30 96
30 110
32 39
32 54
32 62
32 63
32 78
32 92
33 35
33 46
33 61
33 70
33 90
33 112
34 36
34 58
34 68
34 94
35 39
35 44
35 53
35 61
35 67
35 71
36 66
36 75
36 79
36 94
36 100
36 119
37 50
37 80
37 83
37 85
37 99
38 41
38 43
38 55
38 59
38 76
38 93
38 95
38 97
38 101
38 102
38 112
39 47
39 79
39 80
40 43
40 72
40 103
41 54
41 109
41 115
42 74
42 92
42 97
42 107
43 62
43 68
43 109
44 46
44 52
44 55
44 77
44 83
44 110
45 58
45 60
45 73
45 87
45 90
46 50
46 69
46 81
47 64
47 90
47 99
47 111
48 66
48 69
48 81
48 85
48 106
48 118
49 51
49 72
49 88
49 91
50 73
51 56
51 67
51 102
52 103
53 54
53 70
53 74
53 84
53 98
54 61
54 89
55 71
55 79
55 89
56 64
56 70
57 84
58 60
58 65
58 78
58 89
58 92
58 94
58 98
58 109
59 70
60 72
60 82
61 84
61 110
61 118
62 74
62 81
62 82
62 93
62 97
64 106
65 77
65 103
66 96
66 115
67 93
67 95
68 102
68 107
68 117
69 75
69 117
70 74
71 83
71 93
71 115
72 110
75 80
75 82
76 85
76 100
77 84
77 116
78 92
78 97
79 107
80 84
81 87
81 90
82 86
83 107
83 115
83 116
85 116
87 108
89 98
89 106
93 106
94 118
101 111
101 114
109 114
111 117
113 117
