0 1
0 119
0 2
0 118
0 116
0 101
0 79
1 3
1 119
1 4
1 118
1 106
2 3
2 4
2 119
2 48
3 4
3 5
3 83
4 5
4 6
4 79
4 8
5 6
5 7
5 8
5 11
6 7
6 8
6 9
6 49
6 113
6 118
6 103
7 8
7 9
7 45
7 46
8 10
8 11
8 28
9 32
9 74
9 31
9 89
9 71
9 116
10 12
10 13
10 73
11 12
11 14
11 26
12 13
12 15
12 33
13 14
13 15
13 16
13 25
13 47
14 15
14 16
14 113
15 17
15 18
15 45
15 80
16 17
16 18
16 19
17 20
17 79
17 87
18 19
18 20
18 21
18 100
19 20
19 21
19 22
19 41
20 21
20 22
20 23
21 22
21 23
21 24
21 38
22 23
22 24
22 32
22 115
23 24
23 25
23 67
23 107
24 25
24 26
24 27
25 27
25 28
25 84
25 53
26 28
26 29
26 103
27 28
27 29
27 89
28 29
28 31
28 38
29 30
29 31
29 32
29 57
29 111
30 31
30 32
30 33
30 68
31 32
31 63
32 35
32 77
32 56
32 66
33 34
33 36
33 99
34 35
34 36
34 37
35 36
35 38
35 57
36 38
36 39
36 41
36 45
37 38
37 39
37 40
38 39
38 41
39 40
39 42
39 114
39 105
39 90
40 41
40 42
40 43
40 107
40 70
40 116
41 42
41 43
42 43
42 45
42 104
43 45
43 46
43 50
43 98
44 45
44 46
44 47
45 48
46 47
46 48
46 49
46 115
47 49
47 118
48 49
48 50
48 51
49 82
49 57
50 52
50 53
50 62
50 114
51 52
51 53
51 54
52 53
52 55
52 111
52 77
53 54
53 56
53 92
54 55
54 56
54 84
54 111
55 56
55 57
55 58
56 58
56 87
57 59
57 70
58 59
58 60
58 61
58 90
59 60
59 61
59 62
59 71
60 61
60 62
60 63
61 62
61 81
61 74
62 63
62 64
62 65
63 65
63 66
63 83
64 65
64 67
64 95
65 81
65 72
65 95
66 67
66 68
67 68
67 70
68 70
68 71
69 70
69 71
69 72
70 71
70 73
71 73
72 73
72 74
72 75
73 74
73 75
73 76
73 108
74 75
74 76
74 77
75 76
75 77
75 78
76 77
76 78
76 79
77 78
77 79
78 79
78 80
78 81
79 80
79 82
80 83
80 118
81 82
81 119
81 102
82 83
82 84
82 85
83 84
83 86
83 96
84 86
84 87
85 86
85 87
85 88
86 87
86 88
86 89
87 88
87 89
87 90
87 91
88 89
88 90
88 91
89 90
89 92
89 103
90 91
91 93
91 116
91 113
92 94
92 95
93 94
93 96
93 119
93 115
94 95
94 96
94 97
95 96
95 97
95 98
96 97
96 98
96 99
97 98
97 99
97 100
98 100
98 101
99 100
99 101
99 102
100 101
100 102
100 111
101 102
101 104
102 103
102 104
102 105
103 104
104 106
104 107
104 110
105 106
105 107
105 108
106 107
106 108
106 109
107 109
107 110
108 110
108 111
109 110
109 111
109 112
110 111
110 112
110 113
112 113
112 114
112 115
113 116
113 117
114 116
115 116
117 118
117 119
