0 1
0 24
0 58
0 71
1 33
1 52
1 31
2 3
2 26
2 55
2 112
3 70
3 92
3 114
4 5
4 12
4 13
4 54
5 50
5 109
5 84
6 7
6 19
6 50
6 82
7 51
7 110
7 119
8 9
8 57
8 91
8 108
9 47
9 87
9 45
10 11
10 44
10 26
10 111
11 105
11 83
11 114
12 61
12 85
12 109
13 14
13 107
13 43
14 75
14 46
14 93
15 16
15 69
15 20
15 92
16 45
16 106
16 52
17 18
17 41
17 21
17 49
18 79
18 95
18 73
19 89
19 33
19 30
20 21
20 110
20 117
21 56
21 82
22 23
22 83
22 62
22 44
23 32
23 76
23 38
24 25
24 66
24 113
25 75
25 27
25 119
26 42
26 105
27 28
27 107
27 50
28 88
28 114
28 62
29 30
29 55
29 95
29 45
30 67
30 84
31 32
31 35
31 96
32 58
32 102
33 34
33 72
34 109
34 70
34 78
35 36
35 119
35 117
36 87
36 104
36 94
37 38
37 90
37 112
37 98
38 75
38 118
39 40
39 54
39 64
39 47
40 92
40 75
40 81
41 42
41 85
41 116
42 58
42 113
43 44
43 49
43 104
44 77
45 46
46 110
46 62
47 51
47 52
48 49
48 51
48 60
48 115
49 104
50 98
51 59
52 53
53 93
53 69
53 64
54 55
54 103
55 64
56 101
56 91
56 94
57 62
57 92
57 78
58 118
59 60
59 69
59 112
60 105
60 101
61 96
61 74
61 108
63 64
63 94
63 107
63 86
65 66
65 84
65 74
65 115
66 83
66 96
67 68
67 117
67 115
68 100
68 81
68 114
69 88
70 76
70 104
71 72
71 76
71 85
72 106
72 102
73 74
73 98
73 113
74 82
76 96
77 78
77 103
77 101
78 99
79 86
79 89
79 85
80 81
80 87
80 118
80 100
81 103
82 115
83 86
84 111
86 99
87 113
88 98
88 97
89 90
89 97
90 97
90 99
91 119
91 118
93 94
93 106
95 102
95 108
97 103
99 100
100 105
101 116
102 110
106 117
107 108
109 116
111 112
111 116
