0 74
0 76
0 83
0 84
0 88
0 92
0 96
0 115
0 117
1 64
1 80
1 81
1 88
1 90
1 100
1 102
1 115
1 116
1 118
2 64
2 65
2 73
2 75
2 85
2 91
2 94
2 96
2 99
2 100
2 104
2 107
2 113
3 67
3 78
3 82
3 83
3 84
3 91
3 99
3 108
3 114
4 67
4 73
4 74
4 79
4 82
4 90
4 92
4 97
4 99
4 102
4 103
4 111
4 115
4 117
5 62
5 71
5 92
5 106
5 108
5 112
6 62
6 63
6 64
6 73
6 77
6 79
6 96
6 97
6 99
6 100
6 106
6 110
6 112
7 67
7 70
7 72
7 80
7 84
7 85
7 92
7 94
7 98
7 105
7 107
7 111
7 115
7 118
8 87
8 89
8 90
8 111
9 76
9 82
9 84
9 89
9 104
9 114
9 119
10 63
10 77
10 79
10 83
10 90
10 105
10 108
10 109
10 110
10 112
10 113
11 61
11 65
11 67
11 77
11 100
11 112
11 114
11 117
12 64
12 75
12 76
12 78
12 79
12 80
12 84
12 88
12 96
12 107
12 113
13 62
13 77
13 89
13 90
13 94
13 97
14 60
14 61
14 71
14 72
14 79
14 82
14 83
14 94
14 108
15 63
15 65
15 70
15 79
15 90
15 94
15 96
15 104
15 105
15 106
15 114
16 64
16 79
16 87
16 96
16 99
16 104
16 107
16 109
16 110
17 69
17 77
17 81
17 87
17 88
17 89
17 93
17 96
17 98
17 101
17 102
17 107
17 110
17 113
18 63
18 65
18 67
18 70
18 72
18 77
18 84
18 90
18 91
18 96
18 97
18 101
18 113
18 118
19 76
19 81
19 89
19 92
19 93
19 97
19 107
20 67
20 75
20 82
20 96
21 60
21 67
21 76
21 87
21 90
21 91
21 97
21 107
21 109
21 113
21 115
22 67
22 72
22 73
22 83
22 95
22 98
22 100
22 106
23 60
23 69
23 79
23 89
23 96
23 102
23 103
23 104
23 109
23 111
23 114
24 75
24 84
24 92
24 103
24 105
24 110
24 115
25 75
25 86
25 99
25 109
25 116
25 119
26 71
26 73
26 75
26 86
26 87
26 89
26 90
26 91
26 93
26 102
26 104
26 112
26 113
26 119
27 62
27 63
27 65
27 70
27 75
27 79
27 92
27 93
27 106
27 110
27 118
28 64
28 65
28 66
28 75
28 77
28 84
28 89
28 91
28 92
28 94
28 113
29 63
29 67
29 71
29 77
29 87
29 89
29 90
29 99
29 100
29 104
29 118
30 64
30 65
30 68
30 72
30 75
30 77
30 78
30 81
30 85
30 86
30 87
30 95
30 96
30 100
30 114
30 115
30 117
30 118
30 119
31 60
31 62
31 68
31 72
31 73
31 80
31 81
31 83
31 86
31 89
31 98
31 99
31 104
31 105
31 108
31 111
31 114
32 60
32 65
32 71
32 77
32 79
32 87
32 92
32 97
33 71
33 79
33 81
33 82
33 83
33 91
33 93
33 111
33 113
33 117
33 118
34 62
34 69
34 73
34 78
34 94
34 95
34 103
34 107
34 117
35 72
35 76
35 83
35 84
35 95
35 96
35 102
35 117
36 65
36 75
36 84
36 93
36 95
36 102
36 106
36 118
37 65
37 67
37 69
37 72
37 93
37 97
37 100
37 107
38 65
38 69
38 70
38 79
38 82
38 88
38 90
38 93
38 94
38 98
38 101
38 107
38 117
38 119
39 60
39 79
39 80
39 86
39 98
39 101
39 114
40 60
40 65
40 68
40 70
40 79
40 88
40 91
40 93
40 94
40 97
40 100
40 101
40 108
40 111
41 62
41 73
41 84
41 88
41 89
41 97
41 99
41 100
41 104
41 111
41 116
42 63
42 80
42 90
42 115
42 116
42 118
43 60
43 61
43 69
43 70
43 73
43 84
43 93
43 95
43 96
43 112
43 113
44 60
44 72
44 87
44 93
44 103
44 116
44 119
45 61
45 83
45 93
45 104
45 111
45 116
45 118
46 64
46 65
46 68
46 70
46 72
46 83
46 88
46 91
46 102
46 103
46 116
47 62
47 70
47 76
47 87
47 88
47 89
47 98
47 100
47 103
47 109
47 110
48 64
48 69
48 78
48 79
48 89
48 90
48 94
48 100
48 105
48 111
48 118
49 79
49 83
49 98
49 106
50 61
50 65
50 78
50 82
50 84
50 90
50 98
50 100
50 102
51 74
51 80
51 88
51 92
51 96
51 108
51 109
51 110
51 116
52 62
52 64
52 65
52 66
52 71
52 79
52 80
52 89
52 91
52 96
52 97
52 98
53 65
53 72
53 78
53 87
53 92
53 103
53 110
53 111
53 114
53 115
54 63
54 66
54 67
54 71
54 78
54 80
54 85
54 96
54 100
54 110
54 112
54 119
55 72
55 73
55 77
55 90
55 96
55 97
55 99
55 101
55 109
55 116
56 76
56 77
56 80
56 82
56 88
56 91
56 101
56 106
56 107
56 109
57 81
57 84
57 87
57 91
57 95
57 107
58 65
58 66
58 67
58 86
58 91
58 101
58 119
59 66
59 67
59 69
59 70
59 74
59 106
59 107
