0 1
0 30
0 49
0 114
1 76
1 110
1 52
2 3
2 56
2 98
2 61
3 14
3 76
3 80
4 5
4 49
4 54
4 66
5 86
5 103
5 63
6 7
6 92
6 22
6 96
7 53
7 86
7 48
8 9
8 53
8 92
8 49
9 100
9 40
9 58
10 11
10 82
10 46
10 47
11 16
11 98
11 21
12 13
12 51
12 85
12 23
13 73
13 95
13 50
14 17
14 57
14 88
15 16
15 97
15 27
15 20
16 89
16 68
17 27
17 24
17 96
18 19
18 119
18 113
18 76
19 41
19 44
19 29
20 21
20 58
20 70
21 102
21 109
22 23
22 36
22 86
23 87
23 119
24 25
24 76
24 69
25 53
25 107
25 117
26 27
26 88
26 90
26 109
27 40
28 29
28 47
28 33
28 37
29 71
29 112
30 39
30 93
30 38
31 32
31 56
31 83
31 110
32 65
32 64
32 34
33 34
33 116
33 101
34 82
34 95
35 36
35 114
35 119
35 93
36 84
36 55
37 38
37 52
37 82
38 74
38 75
39 107
39 112
39 65
40 87
40 86
41 42
41 111
41 103
42 90
42 117
42 110
43 44
43 55
43 73
43 64
44 91
44 68
45 46
45 73
45 69
45 67
46 94
46 56
47 48
47 77
48 100
48 54
49 108
50 51
50 70
50 80
51 72
51 91
52 60
52 110
53 65
54 93
54 89
55 111
55 78
56 57
57 59
57 92
58 59
58 85
59 62
59 113
60 83
60 106
60 101
61 62
61 78
61 64
62 84
62 116
63 64
63 94
63 102
65 66
66 67
66 71
67 108
67 71
68 69
68 72
69 81
70 71
70 74
72 73
72 118
74 75
74 119
75 101
75 97
77 78
77 99
77 116
78 85
79 80
79 95
79 107
79 89
80 104
81 113
81 108
81 97
82 92
83 91
83 96
84 115
84 91
85 118
87 116
87 96
88 99
88 109
89 106
90 100
90 105
93 115
94 105
94 114
95 104
97 98
98 104
99 100
99 117
101 114
102 106
102 103
103 105
104 105
106 115
107 118
108 109
111 112
111 113
112 115
117 118
