0 1
0 2
0 3
0 4
0 5
0 6
0 7
0 8
0 11
0 12
0 13
0 15
0 16
0 19
0 21
0 22
0 23
0 24
0 27
0 28
0 29
0 32
0 33
0 36
0 38
0 39
0 42
0 45
0 49
0 53
0 54
0 58
0 61
0 63
0 66
0 67
0 69
0 73
0 76
0 77
0 79
0 81
0 82
0 101
0 102
0 110
1 6
1 10
1 11
1 12
1 14
1 16
1 18
1 25
1 29
1 37
1 42
1 46
1 47
1 49
1 51
1 55
1 56
1 58
1 64
1 69
1 76
1 81
1 87
1 92
1 96
1 97
1 98
1 102
1 105
1 108
1 112
1 116
1 118
1 119
2 6
2 7
2 9
2 10
2 13
2 19
2 43
2 47
2 61
2 76
2 82
3 6
3 8
3 10
3 14
3 18
3 24
3 25
3 26
3 27
3 30
3 39
3 46
3 52
3 55
3 56
3 57
3 75
3 88
3 92
3 94
3 111
3 115
4 7
4 8
4 9
4 10
4 14
4 17
4 18
4 19
4 21
4 23
4 30
4 33
4 35
4 41
4 42
4 43
4 45
4 57
4 62
4 67
4 81
4 84
4 90
4 95
4 105
5 6
5 7
5 11
5 20
5 30
5 31
5 32
5 34
5 36
5 39
5 46
5 65
5 103
6 7
6 8
6 9
6 11
6 24
6 32
6 35
6 37
6 41
6 42
6 52
6 53
6 54
6 56
6 93
6 104
6 105
6 112
6 114
6 115
7 8
7 9
7 10
7 11
7 12
7 14
7 15
7 17
7 18
7 22
7 25
7 33
7 34
7 38
7 43
7 48
7 49
7 50
7 52
7 55
7 60
7 72
7 79
7 86
7 91
7 94
7 97
7 107
7 113
8 9
8 13
8 15
8 16
8 17
8 18
8 20
8 22
8 25
8 44
8 48
8 50
8 57
8 62
8 79
8 99
8 113
9 15
9 26
9 28
9 30
9 40
9 46
9 47
9 51
9 59
9 63
9 66
9 82
9 88
9 89
9 91
9 100
9 103
9 114
10 12
10 13
10 29
10 33
10 48
10 57
10 67
10 68
10 71
10 89
10 93
10 111
11 12
11 16
11 17
11 20
11 25
11 28
11 31
11 35
11 38
11 47
11 54
11 61
11 83
11 86
11 90
11 94
11 113
12 13
12 14
12 17
12 21
12 28
12 45
12 76
12 112
13 15
13 19
13 20
13 21
13 26
13 32
13 34
13 35
13 57
13 100
13 103
13 104
13 106
14 26
14 34
14 36
14 43
14 56
14 58
14 75
14 84
14 118
15 16
15 23
15 32
15 41
15 61
15 72
15 81
15 98
15 103
16 20
16 21
16 28
16 31
16 36
16 44
16 51
16 56
16 62
16 68
16 77
16 101
17 19
17 23
17 37
17 44
17 48
17 62
17 92
17 96
18 24
18 53
18 69
18 89
18 104
19 65
19 67
19 77
19 86
19 110
19 111
20 22
20 31
20 45
20 109
21 22
21 24
21 29
21 39
21 45
21 48
21 54
21 68
21 71
21 72
21 86
21 91
21 97
21 110
21 112
21 116
22 23
22 27
22 79
22 80
22 85
22 93
22 100
22 118
23 31
23 40
23 41
23 62
23 68
23 75
24 27
24 60
24 61
24 78
24 87
24 101
25 26
25 27
25 30
25 39
25 51
25 58
25 60
25 69
25 73
25 80
25 91
25 92
25 100
25 106
25 112
25 116
26 38
26 41
26 44
26 59
26 74
26 82
26 83
27 42
27 52
27 55
27 73
28 29
28 40
28 44
28 58
28 74
28 105
28 113
29 46
29 63
29 84
30 33
31 36
31 37
31 40
31 49
31 80
31 82
31 85
33 34
33 35
33 37
33 79
33 91
34 52
34 55
34 66
34 77
35 50
35 71
35 78
35 95
35 115
36 51
36 64
36 65
36 66
36 89
36 107
37 38
37 88
37 96
38 60
38 70
38 72
38 75
38 83
38 90
39 40
39 59
39 69
39 80
39 83
39 89
40 54
40 63
40 74
41 64
41 70
41 76
41 78
41 88
41 109
42 43
42 66
42 70
42 84
42 87
42 95
42 103
42 107
43 83
43 87
43 102
43 108
44 50
44 95
45 47
45 50
45 75
45 101
46 107
47 49
47 71
47 116
47 119
48 59
48 88
48 101
48 106
49 64
50 53
50 63
50 104
51 53
51 72
51 84
51 111
51 116
52 59
52 70
52 74
52 96
52 99
52 106
52 107
52 109
52 117
53 70
53 73
53 98
55 73
55 98
56 68
57 60
57 64
57 65
58 85
58 93
58 97
59 87
59 90
60 108
61 77
61 81
61 110
62 71
62 114
63 102
64 65
64 67
64 78
64 92
64 98
64 99
64 105
66 113
67 94
68 74
68 85
68 106
69 78
69 97
69 108
69 119
71 99
72 85
72 94
74 117
75 114
77 86
77 96
78 80
78 109
78 111
81 95
81 104
81 109
81 119
85 90
85 93
85 99
85 117
87 114
90 118
92 118
94 119
96 100
100 102
100 117
101 115
106 108
107 110
109 115
110 117
