0 1
0 119
0 118
0 3
0 98
0 31
0 52
1 3
1 119
1 82
1 8
1 25
2 3
2 4
2 5
2 119
3 4
3 5
3 115
3 113
4 5
4 6
4 117
4 39
5 6
5 8
5 15
5 11
6 7
6 39
6 111
6 23
7 8
7 52
7 94
7 11
7 48
7 107
8 9
8 10
8 11
9 11
9 12
9 60
10 11
10 12
10 13
10 97
11 12
11 13
12 13
12 14
12 15
12 44
13 14
13 15
13 16
14 15
14 17
14 55
15 16
15 17
15 18
15 36
16 17
16 19
16 38
16 34
17 18
17 19
17 20
17 38
17 87
18 19
18 20
18 21
19 22
19 37
19 48
20 21
20 22
20 23
21 22
21 23
21 24
21 99
22 23
22 24
22 25
22 82
23 24
23 92
23 77
24 25
24 26
24 27
24 76
25 27
25 40
25 45
25 43
25 66
26 28
26 29
26 87
27 28
27 29
27 30
28 29
28 30
28 31
29 31
29 32
29 79
29 45
30 31
30 33
30 58
30 42
31 32
31 57
32 33
32 34
32 35
33 34
33 35
33 117
34 35
34 36
34 108
35 36
35 83
35 46
35 118
36 38
36 58
37 39
37 40
37 47
38 40
38 41
38 100
38 98
39 40
39 41
39 42
39 72
40 41
40 42
40 43
40 95
40 103
41 42
41 43
41 44
42 43
42 44
43 46
43 59
44 47
44 79
45 47
46 47
46 48
46 118
47 48
47 50
47 118
47 67
47 117
48 49
48 50
49 50
49 72
49 106
49 97
49 62
50 51
50 52
50 101
50 71
50 90
51 52
51 53
51 54
52 104
52 90
52 99
53 54
53 55
53 56
54 55
54 56
54 57
54 118
55 56
55 57
55 58
56 57
56 58
56 59
57 59
57 60
57 119
57 95
58 59
58 61
58 118
58 108
58 70
58 86
59 60
59 61
59 62
60 61
60 63
60 65
61 62
61 63
61 64
62 63
62 64
62 106
63 64
63 65
63 66
63 103
63 68
64 66
64 67
64 119
64 90
65 66
65 109
65 100
65 117
66 67
66 68
66 73
67 68
67 69
68 69
68 70
69 70
69 72
69 119
70 71
70 73
70 84
71 72
71 73
71 74
72 75
73 75
73 85
73 100
74 75
74 77
74 84
75 76
75 77
75 78
76 77
76 79
77 80
77 115
77 104
78 79
78 80
78 81
78 87
79 81
79 88
79 101
79 86
80 81
80 82
80 83
81 82
81 83
81 84
82 84
82 85
82 116
83 85
83 86
84 86
84 87
84 102
85 86
85 88
86 87
86 89
87 90
88 89
88 90
88 91
89 90
89 91
89 92
91 92
91 93
91 103
92 94
92 95
93 94
93 95
93 96
94 95
94 96
94 97
95 97
96 97
96 98
96 99
97 99
97 104
98 99
98 100
99 102
100 101
100 103
101 104
102 104
102 105
103 104
104 105
104 106
104 107
105 106
105 108
105 111
106 107
106 109
107 108
107 109
108 109
108 111
109 111
109 112
110 111
110 112
110 113
111 112
111 113
111 114
112 113
112 114
112 115
113 114
113 115
114 115
114 116
114 117
115 116
115 117
115 118
116 118
116 119
117 118
