0 1
0 2
0 3
0 4
0 8
0 9
0 11
0 14
0 15
0 19
0 20
0 22
0 24
0 41
0 42
0 43
0 47
0 56
0 58
0 59
0 66
0 74
0 75
0 80
0 90
0 104
1 48
1 61
2 3
2 5
2 6
2 9
2 10
2 12
2 14
2 20
2 29
2 56
2 95
2 106
3 4
3 6
3 7
3 12
3 13
3 18
3 26
3 28
3 29
3 30
3 31
3 32
3 33
3 34
3 35
3 36
3 39
3 51
3 54
3 57
3 72
3 87
3 89
3 91
3 105
4 5
4 8
4 16
4 17
4 31
4 32
4 38
4 43
4 46
4 47
4 49
4 50
4 80
4 83
4 90
4 93
5 7
5 10
5 15
5 19
5 21
5 27
5 34
5 44
5 45
5 52
5 53
5 59
5 64
5 86
5 106
5 114
5 115
6 24
6 48
6 51
6 54
6 62
6 82
6 101
6 117
7 75
8 16
8 25
8 65
8 73
9 17
9 36
9 37
9 98
10 11
10 13
10 25
10 109
11 81
11 92
13 35
13 41
13 73
13 86
13 115
14 18
14 85
15 22
15 52
15 67
15 99
15 100
15 118
16 21
16 46
16 63
16 67
16 81
16 111
16 114
16 119
17 23
17 38
17 40
17 50
17 55
17 69
18 33
18 42
18 44
18 53
18 76
18 107
18 108
18 112
19 23
20 26
20 30
20 84
20 102
21 68
21 92
22 77
22 93
24 94
24 95
24 116
25 27
25 28
25 55
25 57
25 70
25 85
26 107
27 37
27 63
27 74
27 102
28 39
28 40
28 69
28 88
30 105
33 89
33 98
35 61
35 66
35 71
35 77
35 117
36 58
36 68
37 108
37 110
41 49
43 60
44 45
44 62
44 65
44 76
44 96
44 97
44 101
44 116
45 70
46 103
46 110
47 88
48 87
50 100
53 60
54 94
54 96
56 79
57 119
58 78
58 118
60 103
61 64
64 72
66 71
70 113
71 82
72 78
72 84
72 111
73 79
73 91
76 83
87 97
88 112
91 99
100 109
103 104
109 113
