0 1
0 68
0 89
0 106
1 21
1 82
1 119
2 3
2 8
2 57
2 112
3 71
3 50
3 94
4 5
4 110
4 90
4 104
5 54
5 18
5 36
6 7
6 90
6 29
6 24
7 89
7 33
7 65
8 39
8 12
8 82
9 10
9 19
9 11
9 113
10 88
10 117
10 107
11 12
11 41
11 115
12 56
12 47
13 14
13 48
13 65
13 31
14 44
14 33
14 76
15 16
15 53
15 86
15 100
16 43
16 34
16 77
17 18
17 78
17 103
17 32
18 45
18 92
19 69
19 47
19 79
20 21
20 57
20 67
20 55
21 37
21 98
22 23
22 111
22 106
22 98
23 38
23 35
23 83
24 25
24 85
24 110
25 62
25 112
25 91
26 27
26 58
26 75
26 72
27 51
27 110
27 119
28 29
28 32
28 81
28 31
29 48
29 102
30 31
30 92
30 56
30 118
31 109
32 33
32 113
33 105
34 35
34 59
34 97
35 71
35 67
36 37
36 103
36 87
37 42
37 118
38 83
38 50
38 68
39 42
39 40
39 60
40 41
40 100
40 68
41 62
41 102
42 46
42 113
43 44
43 99
43 72
44 59
44 99
45 67
45 65
45 96
46 47
46 83
46 95
47 115
48 63
48 49
49 50
49 116
49 51
50 64
51 97
51 87
52 53
52 69
52 71
52 106
53 75
53 70
54 72
54 108
54 111
55 56
55 114
55 91
56 98
57 58
57 104
58 66
58 84
59 76
59 63
60 61
60 109
60 119
61 73
61 116
61 88
62 85
62 93
63 64
63 79
64 93
64 80
65 66
66 101
66 67
68 86
69 70
69 102
70 96
70 116
71 84
72 73
73 107
73 117
74 75
74 114
74 82
74 111
75 107
76 83
76 77
77 78
77 80
78 96
78 101
79 80
79 84
80 85
81 82
81 114
81 109
84 108
85 90
86 87
86 95
87 117
88 95
88 108
89 106
89 98
90 94
91 92
91 99
92 104
93 94
93 105
94 107
95 113
96 105
97 108
97 115
99 117
100 101
100 114
101 111
102 103
103 118
104 112
105 116
109 119
110 112
115 118
