0 1
0 2
0 3
0 6
0 7
0 8
0 9
0 10
0 13
0 47
0 67
0 82
0 84
0 95
0 116
1 5
1 14
1 47
1 53
1 62
1 66
1 83
2 3
2 4
2 5
2 6
2 7
2 8
2 13
2 15
2 16
2 18
2 19
2 20
2 21
2 22
2 25
2 26
2 27
2 38
2 45
2 52
2 57
2 62
2 65
2 68
2 78
2 81
2 87
2 88
2 92
2 94
2 98
2 100
2 103
2 118
3 4
3 9
3 33
3 119
4 10
4 12
4 14
4 16
4 18
4 21
4 23
4 34
4 40
4 50
4 54
4 78
4 93
4 97
4 104
5 11
5 34
5 38
5 46
5 59
6 12
6 17
6 19
6 28
6 30
6 43
6 60
6 85
7 11
7 28
7 58
7 64
7 71
7 74
7 84
7 119
8 24
8 39
8 42
8 72
8 109
9 30
9 35
9 44
10 15
10 37
11 17
11 29
11 32
11 77
12 20
12 22
12 24
12 26
12 39
12 43
12 61
12 81
12 112
12 118
14 32
15 60
15 67
15 87
16 33
16 116
17 27
17 46
17 50
17 58
19 85
19 89
19 115
20 48
20 73
20 80
20 90
20 114
21 25
21 56
22 23
22 29
22 51
22 75
22 91
22 117
23 31
23 37
23 59
23 110
24 61
25 41
26 48
26 52
26 72
26 76
26 107
26 115
27 31
27 40
27 63
27 108
27 110
28 35
28 49
30 45
30 79
31 36
31 44
31 55
31 99
31 100
32 36
33 54
33 56
33 57
33 63
33 68
34 41
34 49
34 55
34 99
34 101
34 113
35 69
35 105
37 42
37 77
38 51
38 66
38 74
38 97
42 91
43 65
43 90
43 102
43 106
44 86
48 69
48 70
48 80
48 95
48 111
49 79
49 82
50 53
50 71
50 83
50 114
53 70
55 64
59 76
62 86
62 98
62 104
64 96
66 75
66 94
66 108
66 112
67 89
72 73
75 107
76 101
76 106
76 109
77 93
79 88
80 92
82 103
82 111
85 105
91 117
92 96
94 102
109 113
