0 77
0 88
0 93
0 95
0 97
0 107
1 61
1 69
1 79
1 90
1 91
1 95
1 114
1 117
1 118
2 60
2 65
2 69
2 78
2 85
2 108
2 109
2 111
2 115
2 117
3 65
3 78
3 79
3 97
3 99
3 103
3 108
3 110
3 112
3 114
4 67
4 68
4 74
4 82
4 84
4 89
4 106
4 110
4 118
5 66
5 69
5 96
5 100
5 109
6 63
6 69
6 75
6 78
6 94
6 95
6 99
6 106
6 110
7 65
7 79
7 82
7 86
7 94
8 64
8 68
8 71
8 78
8 84
8 94
8 103
8 105
8 107
8 108
8 119
9 76
9 77
9 78
9 88
9 90
9 91
9 92
9 97
9 100
9 104
9 111
9 117
10 63
10 69
10 78
10 82
10 88
10 102
10 114
11 62
11 70
11 72
11 77
11 83
11 92
11 112
11 118
12 64
12 65
12 68
12 73
12 78
12 80
12 88
12 92
12 100
12 103
12 107
13 60
13 67
13 71
13 84
13 88
13 89
13 91
13 92
13 105
13 111
13 113
14 60
14 72
14 79
14 96
14 113
15 63
15 64
15 71
15 79
15 82
15 85
15 87
15 105
15 112
15 114
15 119
16 77
16 92
16 93
16 100
16 102
16 110
16 112
16 115
17 60
17 68
17 71
17 76
17 81
17 83
17 84
17 105
17 108
18 68
18 87
18 112
19 61
19 62
19 68
19 72
19 82
19 84
19 87
19 88
19 91
19 99
19 100
19 105
19 115
20 62
20 67
20 73
20 92
20 100
20 104
20 108
20 109
21 96
21 104
21 111
22 67
22 78
22 81
22 93
22 98
22 100
22 103
22 105
22 119
23 60
23 67
23 69
23 82
23 90
23 98
23 111
23 113
23 118
24 71
24 80
24 86
24 91
24 93
24 97
24 101
24 114
25 60
25 74
25 81
25 87
25 96
25 109
25 111
25 115
26 62
26 63
26 66
26 75
26 80
26 83
26 88
26 89
26 91
26 98
26 113
27 64
27 72
27 74
27 79
27 87
27 96
27 99
28 60
28 64
28 95
28 101
28 105
28 112
28 113
28 114
28 119
29 62
29 69
29 75
29 94
29 98
29 103
29 108
29 113
29 115
29 117
29 118
30 65
30 66
30 67
30 68
30 69
30 76
30 79
30 87
30 98
30 106
30 108
30 116
31 62
31 64
31 69
31 78
31 84
31 87
31 89
31 90
31 93
32 69
32 75
32 76
32 77
32 78
32 79
32 81
32 83
32 88
32 94
32 96
32 101
32 112
33 62
33 64
33 67
33 68
33 69
33 81
33 87
33 90
33 91
33 95
33 97
33 102
33 112
33 117
34 60
34 61
34 76
34 84
34 85
34 86
34 90
34 97
34 100
34 103
34 115
34 119
35 65
35 68
35 69
35 72
35 84
35 85
35 87
35 88
35 93
36 61
36 70
36 75
36 76
36 81
36 82
36 91
36 93
36 102
36 103
36 106
36 109
36 112
36 118
37 64
37 72
37 77
37 85
37 91
37 99
37 108
37 112
38 76
38 82
38 95
38 97
38 98
38 102
38 104
38 106
38 117
39 64
39 69
39 73
39 75
39 85
39 87
39 88
39 91
39 99
39 102
39 103
39 108
39 109
39 116
39 119
40 63
40 66
40 85
40 87
40 92
40 101
40 106
40 111
41 69
41 70
41 85
41 87
41 105
41 106
42 68
42 70
42 73
42 78
42 94
42 102
42 105
42 113
42 118
43 61
43 67
43 68
43 72
43 73
43 76
43 83
43 91
43 97
43 107
44 60
44 82
44 97
44 99
44 103
44 114
45 65
45 70
45 73
45 75
45 76
45 89
45 91
45 100
45 111
46 62
46 69
46 71
46 93
46 99
46 118
47 62
47 66
47 74
47 76
47 84
47 96
47 102
47 105
47 116
48 65
48 75
48 80
48 84
48 85
48 108
48 114
49 70
49 79
49 82
49 88
49 93
49 99
49 100
49 101
49 106
49 116
49 119
50 62
50 77
50 84
50 99
50 119
51 86
51 87
51 88
51 96
51 105
51 106
51 115
51 116
52 70
52 74
52 82
52 91
52 97
52 102
52 118
53 68
53 70
53 78
53 88
53 110
54 60
54 64
54 65
54 66
54 67
54 73
54 74
54 78
54 87
54 90
54 102
54 118
54 119
55 65
55 69
55 72
55 75
55 84
55 93
55 103
55 105
55 115
55 119
56 61
56 66
56 70
56 76
56 79
56 83
56 108
56 112
57 77
57 79
57 87
57 89
57 91
57 104
57 107
57 118
57 119
58 64
58 77
58 86
58 90
58 111
58 116
58 118
59 60
59 67
59 73
59 85
59 93
59 94
59 102
59 103
59 106
59 118
