0 1
0 2
0 3
0 5
0 14
0 21
0 29
0 36
0 47
0 54
0 59
0 67
0 100
1 4
1 7
1 8
1 9
1 10
1 13
1 16
1 17
1 19
1 31
1 33
1 38
1 39
1 41
1 43
1 44
1 46
1 89
1 95
1 108
2 3
2 4
2 13
2 15
2 18
2 25
2 27
2 39
2 41
2 45
2 49
2 51
2 53
2 79
2 83
2 85
2 91
2 103
2 107
2 115
2 117
3 9
3 20
3 22
3 35
3 52
3 68
3 87
3 102
3 108
4 5
4 6
4 7
4 10
4 12
4 14
4 17
4 42
4 61
4 70
4 75
4 80
4 89
4 95
4 102
5 6
5 26
5 48
5 66
6 8
6 15
6 16
6 19
6 23
6 30
6 38
6 44
6 55
6 73
6 78
6 86
7 12
7 18
7 30
7 34
7 37
7 75
7 81
7 84
7 92
7 104
8 11
8 54
8 60
8 90
8 93
8 98
9 11
9 20
9 28
9 35
9 40
9 58
9 59
9 66
9 71
9 81
9 94
9 97
10 23
13 22
13 24
13 26
13 28
13 48
13 74
13 113
14 25
14 82
15 37
15 50
15 109
16 21
16 24
16 51
16 98
17 29
18 34
18 65
18 116
19 32
19 47
19 62
19 64
19 69
19 84
19 90
19 99
19 105
19 110
20 32
20 42
20 107
21 46
22 63
23 27
23 53
23 62
23 78
23 80
23 93
23 111
24 106
25 56
26 36
26 94
27 99
28 33
28 110
29 31
29 49
30 85
31 50
32 61
32 67
34 40
34 43
34 55
34 57
34 64
34 77
37 57
39 71
39 79
39 88
40 45
40 58
41 52
42 63
42 69
42 119
43 65
44 83
44 105
45 60
45 74
45 100
47 76
47 92
49 87
50 96
51 73
53 68
53 72
53 118
54 97
55 56
55 72
55 86
56 118
56 119
57 117
59 109
60 101
62 76
64 113
65 70
66 77
69 96
73 82
74 101
74 111
75 112
76 88
76 91
80 116
82 106
93 103
99 112
99 114
101 104
101 115
102 114
