0 119
0 118
0 3
0 117
0 31
0 46
0 20
0 82
1 2
1 3
1 4
2 5
2 119
2 22
2 109
2 71
3 4
3 6
3 73
3 26
3 20
4 7
4 21
4 29
4 118
5 6
5 7
5 8
6 103
6 53
6 31
7 9
7 10
7 97
8 9
8 46
8 88
8 24
9 10
9 11
9 12
10 11
10 12
10 13
10 98
11 12
11 13
11 14
12 15
12 23
12 49
13 14
13 15
13 16
13 18
14 15
14 104
14 118
14 93
15 16
15 90
15 61
16 17
16 18
16 106
16 73
17 18
17 20
17 94
17 54
18 20
18 30
18 85
19 20
19 21
19 22
19 49
20 22
20 111
21 22
21 24
21 59
21 93
22 23
22 25
22 104
22 53
23 24
23 25
23 85
24 25
24 26
24 27
24 95
25 26
25 27
25 28
26 27
26 29
26 71
27 28
27 29
27 30
27 97
28 29
28 30
28 107
29 30
29 31
29 32
29 72
30 31
30 108
31 33
31 34
31 82
32 33
32 34
32 102
33 36
33 109
33 106
33 43
33 111
33 83
34 35
34 36
34 37
34 75
34 83
35 37
35 86
35 56
36 38
36 39
36 45
37 38
37 39
37 40
38 39
38 40
38 41
39 41
39 42
39 93
40 41
40 42
40 43
40 45
40 108
40 90
41 42
41 43
41 44
42 43
42 44
42 45
43 44
43 65
43 69
44 45
44 46
44 112
45 47
45 48
46 48
46 49
46 54
47 48
47 50
47 64
48 49
48 50
48 51
49 50
49 52
49 87
50 51
50 52
50 53
51 52
51 54
51 63
52 53
52 55
52 59
52 108
52 113
52 110
53 54
53 55
54 57
54 93
54 106
55 56
55 57
55 110
56 57
56 58
56 81
56 99
57 58
57 59
57 60
57 111
58 59
58 61
58 108
59 62
59 88
60 61
60 62
60 98
60 96
61 62
61 63
61 64
62 64
62 65
62 113
63 64
63 65
63 66
64 65
64 66
64 111
64 92
65 66
65 67
65 68
65 116
66 67
66 68
66 69
67 68
67 69
67 70
68 69
68 70
68 71
69 72
69 93
69 109
70 71
70 72
70 73
71 73
72 74
72 75
73 74
73 77
73 114
73 108
74 75
74 76
74 77
75 76
75 78
76 77
76 78
76 79
77 78
77 79
77 80
77 99
78 79
78 80
78 81
79 80
79 81
79 82
80 81
80 82
80 83
80 102
81 83
81 84
81 97
82 83
82 85
82 87
83 84
83 89
84 85
84 86
84 87
85 87
85 88
85 94
86 87
86 88
86 89
87 90
87 114
88 89
88 91
89 91
89 92
90 91
90 92
91 93
91 94
91 118
91 104
92 93
92 94
93 94
94 96
94 97
95 97
95 98
96 97
96 98
96 99
97 100
98 101
99 100
99 102
100 101
100 102
100 103
101 102
101 103
101 104
102 103
102 105
103 104
103 105
103 106
104 105
104 107
105 106
105 107
105 108
107 108
107 109
107 110
109 110
109 111
109 112
110 111
110 112
111 112
112 113
112 114
112 115
112 119
113 114
113 115
113 116
114 115
114 116
115 116
115 117
115 118
116 117
116 118
117 118
117 119
118 119
