0 1
0 10
0 44
0 47
1 2
1 29
1 112
2 39
2 110
2 20
3 4
3 56
3 64
3 16
4 5
4 90
4 119
5 6
5 60
5 119
6 51
6 55
6 65
7 8
7 87
7 100
7 43
8 24
8 31
8 90
9 10
9 76
9 62
9 115
10 35
10 96
11 12
11 32
11 52
11 94
12 68
12 118
12 117
13 14
13 70
13 108
13 51
14 74
14 27
14 102
15 16
15 37
15 24
15 26
16 36
16 65
17 18
17 76
17 116
17 80
18 65
18 51
18 57
19 20
19 48
19 102
19 64
20 23
20 107
21 22
21 41
21 91
21 105
22 50
22 36
22 38
23 92
23 112
23 60
24 45
24 42
25 26
25 33
25 100
25 79
26 107
26 41
27 28
27 101
27 87
28 90
28 54
28 102
29 30
29 33
29 78
30 83
30 35
30 39
31 32
31 80
31 106
32 58
32 106
33 88
33 117
34 35
34 86
34 103
34 110
35 62
36 98
36 103
37 38
37 40
37 56
38 47
38 41
39 47
39 85
40 41
40 70
40 91
42 43
42 81
42 88
43 84
43 86
44 45
44 68
44 63
45 78
45 101
46 47
46 116
46 115
46 92
48 71
48 89
48 64
49 50
49 96
49 67
49 52
50 95
50 71
51 74
52 53
52 83
53 61
53 57
53 77
54 55
54 75
54 59
55 114
55 109
56 57
56 109
57 86
58 111
58 103
58 82
59 60
59 114
59 107
60 111
61 69
61 78
61 90
62 82
62 92
63 64
63 105
63 66
65 97
66 67
66 77
66 91
67 113
67 87
68 77
68 94
69 93
69 104
69 98
70 87
70 116
71 72
71 112
72 80
72 83
72 119
73 74
73 82
73 79
73 100
74 105
75 93
75 96
75 114
76 118
76 113
77 85
78 79
79 97
80 109
81 82
81 86
81 99
83 113
84 115
84 113
84 104
85 105
85 110
88 89
88 101
89 96
89 99
91 104
92 106
93 118
93 101
94 95
94 110
95 108
95 98
97 98
97 103
99 100
99 108
102 111
104 109
106 111
107 119
108 116
112 117
114 118
115 117
