0 1
0 2
0 3
0 4
0 5
0 6
0 8
0 9
0 10
0 13
0 14
0 15
0 25
0 27
0 28
0 31
0 38
0 39
0 43
0 45
0 52
0 61
0 62
0 64
0 72
0 77
0 82
0 85
0 86
1 11
1 15
1 85
1 88
2 6
2 7
2 8
2 9
2 11
2 13
2 16
2 24
2 29
2 37
2 42
2 86
2 93
2 97
2 103
2 112
3 6
3 7
3 9
3 10
3 12
3 16
3 17
3 18
3 19
3 20
3 25
3 27
3 34
3 38
3 39
3 42
3 46
3 47
3 51
3 64
3 66
3 69
3 72
3 74
3 82
3 84
3 90
3 94
3 107
3 109
3 116
3 118
4 6
4 7
4 10
4 12
4 41
4 57
4 62
4 70
4 99
4 108
5 6
5 7
5 8
5 12
5 14
5 21
5 27
5 31
5 32
5 33
5 35
5 37
5 39
5 40
5 44
5 58
5 60
5 64
5 70
5 71
5 73
5 74
5 76
5 92
5 96
6 7
6 8
6 9
6 10
6 11
6 12
6 14
6 16
6 17
6 19
6 20
6 22
6 23
6 27
6 36
6 44
6 46
6 52
6 56
6 58
6 63
6 74
6 75
6 81
6 83
6 85
6 94
6 105
6 110
6 115
7 8
7 10
7 13
7 14
7 17
7 18
7 19
7 26
7 29
7 32
7 34
7 38
7 39
7 41
7 46
7 48
7 50
7 52
7 53
7 54
7 55
7 58
7 60
7 62
7 63
7 71
7 79
7 80
7 86
7 90
7 100
7 101
7 112
7 114
7 116
8 9
8 11
8 12
8 17
8 32
8 50
8 76
8 85
8 101
8 103
8 112
9 15
9 16
9 21
9 25
9 27
9 28
9 31
9 41
9 44
9 61
9 65
9 84
9 87
9 93
9 114
10 11
10 13
10 21
10 25
10 34
10 41
10 42
10 48
10 49
10 61
10 68
10 71
10 72
10 80
10 81
10 100
10 111
10 113
10 115
10 119
11 13
11 14
11 20
11 22
11 26
11 29
11 33
11 37
11 38
11 40
11 57
11 62
11 63
11 65
11 73
11 77
11 100
11 102
11 110
11 115
12 15
12 16
12 18
12 20
12 23
12 24
12 28
12 32
12 34
12 36
12 37
12 48
12 64
12 84
12 97
13 15
13 17
13 18
13 22
13 23
13 33
13 46
13 54
13 66
13 68
13 71
13 77
13 81
13 107
13 113
13 116
14 35
14 47
14 85
14 106
14 114
15 23
15 25
15 47
15 60
15 64
15 90
15 108
16 26
16 29
16 49
16 51
16 56
16 66
16 72
16 77
16 92
16 93
16 102
16 105
16 112
17 18
17 19
17 24
17 28
17 35
17 43
17 50
17 54
17 57
17 106
18 19
18 22
18 24
18 30
18 33
18 37
18 59
18 63
18 67
18 78
18 82
18 89
18 90
18 91
18 92
18 99
18 100
18 109
18 114
18 117
19 20
19 21
19 22
19 28
19 30
19 32
19 33
19 48
19 70
19 73
19 79
19 93
19 98
19 108
20 21
20 26
20 30
20 35
20 51
20 52
20 55
20 59
20 60
20 61
20 92
20 98
20 109
21 23
21 24
21 29
21 44
21 78
21 97
21 101
21 107
21 111
22 67
23 31
23 40
23 50
23 51
23 53
23 56
23 63
23 69
23 75
23 101
23 115
24 26
24 45
24 54
24 55
24 76
24 91
24 104
24 109
24 119
25 30
25 34
25 40
25 47
25 76
25 106
26 36
26 46
26 49
26 59
26 83
26 111
27 47
27 68
27 69
27 75
27 88
28 30
28 31
28 35
28 43
28 45
28 58
28 80
28 89
28 98
28 100
28 113
29 36
29 39
29 110
29 111
29 117
30 42
30 65
30 88
31 42
31 43
31 61
31 67
31 71
31 73
31 79
31 90
31 93
31 94
31 95
31 101
31 107
31 118
32 49
32 95
33 36
33 52
33 68
33 78
33 83
33 94
33 95
34 43
34 45
34 50
34 79
34 99
35 40
35 44
35 56
35 58
35 88
35 89
36 117
37 38
37 55
37 66
37 87
38 41
38 53
38 68
38 82
39 49
39 77
39 91
40 48
40 55
40 106
41 51
41 80
41 95
41 103
41 108
42 45
42 53
42 57
42 60
42 69
42 70
42 73
42 80
42 84
42 86
42 89
43 69
44 57
45 53
45 83
45 98
45 119
46 56
46 59
46 79
47 78
47 116
48 72
48 99
48 109
48 111
49 59
49 74
49 78
49 97
49 102
51 54
51 81
51 104
52 91
52 102
53 67
54 104
55 75
55 76
55 83
55 103
56 62
56 88
56 91
56 104
57 65
57 96
57 97
58 74
60 108
61 98
62 114
63 65
64 81
65 66
65 67
65 86
67 70
67 96
68 118
71 113
73 75
73 87
73 89
75 82
77 84
77 87
77 92
77 104
78 105
78 119
81 87
81 94
81 107
81 110
81 117
82 96
84 117
85 110
86 99
86 115
86 116
89 96
91 105
93 105
93 106
93 118
94 95
96 102
97 112
97 113
99 103
105 118
109 119
