0 119
0 1
0 118
0 2
0 115
0 5
1 2
1 119
1 3
1 116
1 6
2 3
2 4
2 117
2 7
3 4
3 5
3 118
3 8
4 5
4 6
4 119
4 9
5 6
5 7
5 10
6 7
6 8
6 11
7 8
7 9
7 12
8 9
8 10
8 13
9 10
9 11
9 14
10 11
10 12
10 15
11 12
11 13
11 16
12 13
12 14
12 17
13 14
13 15
13 18
14 15
14 16
14 19
15 16
15 17
15 20
16 17
16 18
16 21
17 18
17 19
17 22
18 19
18 20
18 23
19 20
19 21
19 24
20 21
20 22
20 25
21 22
21 23
21 26
22 23
22 24
22 27
23 24
23 25
23 28
24 25
24 26
24 29
25 26
25 27
25 30
26 27
26 28
26 31
27 28
27 29
27 32
28 29
28 30
28 33
29 30
29 31
29 34
30 31
30 32
30 35
31 32
31 33
31 36
32 33
32 34
32 37
33 34
33 35
33 38
34 35
34 36
34 39
35 36
35 37
35 40
36 37
36 38
36 41
37 38
37 39
37 42
38 39
38 40
38 43
39 40
39 41
39 44
40 41
40 42
40 45
41 42
41 43
41 46
42 43
42 44
42 47
43 44
43 45
43 48
44 45
44 46
44 49
45 46
45 47
45 50
46 47
46 48
46 51
47 48
47 49
47 52
48 49
48 50
48 53
49 50
49 51
49 54
50 51
50 52
50 55
51 52
51 53
51 56
52 53
52 54
52 57
53 54
53 55
53 58
54 55
54 56
54 59
55 56
55 57
55 60
56 57
56 58
56 61
57 58
57 59
57 62
58 59
58 60
58 63
59 60
59 61
59 64
60 61
60 62
60 65
61 62
61 63
61 66
62 63
62 64
62 67
63 64
63 65
63 68
64 65
64 66
64 69
65 66
65 67
65 70
66 67
66 68
66 71
67 68
67 69
67 72
68 69
68 70
68 73
69 70
69 71
69 74
70 71
70 72
70 75
71 72
71 73
71 76
72 73
72 74
72 77
73 74
73 75
73 78
74 75
74 76
74 79
75 76
75 77
75 80
76 77
76 78
76 81
77 78
77 79
77 82
78 79
78 80
78 83
79 80
79 81
79 84
80 81
80 82
80 85
81 82
81 83
81 86
82 83
82 84
82 87
83 84
83 85
83 88
84 85
84 86
84 89
85 86
85 87
85 90
86 87
86 88
86 91
87 88
87 89
87 92
88 89
88 90
88 93
89 90
89 91
89 94
90 91
90 92
90 95
91 92
91 93
91 96
92 93
92 94
92 97
93 94
93 95
93 98
94 95
94 96
94 99
95 96
95 97
95 100
96 97
96 98
96 101
97 98
97 99
97 102
98 99
98 100
98 103
99 100
99 101
99 104
100 101
100 102
100 105
101 102
101 103
101 106
102 103
102 104
102 107
103 104
103 105
103 108
104 105
104 106
104 109
105 106
105 107
105 110
106 107
106 108
106 111
107 108
107 109
107 112
108 109
108 110
108 113
109 110
109 111
109 114
110 111
110 112
110 115
111 112
111 113
111 116
112 113
112 114
112 117
113 114
113 115
113 118
114 115
114 116
114 119
115 116
115 117
116 117
116 118
117 118
117 119
118 119
