0 1
0 2
0 3
0 5
0 6
0 17
0 21
0 26
0 39
0 71
0 73
0 78
1 4
1 5
1 6
1 12
1 15
1 19
1 29
1 41
1 45
1 46
1 52
1 75
1 79
1 94
2 3
2 4
2 7
2 9
2 14
2 16
2 18
2 20
2 22
2 25
2 30
2 34
2 36
2 41
2 47
2 48
2 54
2 62
2 85
2 90
2 93
2 96
2 113
3 10
3 12
3 28
3 50
3 55
3 69
3 77
3 90
3 96
4 18
4 26
4 67
5 9
5 10
5 19
5 37
5 46
5 47
5 52
5 57
5 62
5 67
5 111
5 115
6 7
6 8
6 11
6 33
6 85
6 101
6 116
7 8
7 11
7 21
7 23
7 29
7 30
7 35
7 44
7 55
7 59
7 63
7 81
7 84
7 87
7 110
7 112
8 15
8 27
8 31
8 35
8 42
8 44
8 45
8 65
8 97
8 105
9 13
9 27
9 49
9 58
10 13
10 20
10 23
10 33
10 49
10 68
10 102
11 14
11 17
11 51
11 59
11 73
11 83
11 92
11 108
12 28
12 31
12 40
12 72
13 16
13 56
13 106
14 87
14 88
14 97
14 107
14 109
15 24
17 25
17 32
17 42
17 50
17 64
17 65
17 84
17 100
17 103
17 119
18 22
18 36
18 70
18 98
20 24
20 32
20 61
20 66
20 86
20 116
21 53
21 92
22 37
22 53
22 54
22 68
22 91
27 34
27 38
28 63
31 40
31 57
31 80
31 111
32 64
32 79
33 43
33 58
33 60
33 88
34 38
34 61
34 71
34 101
35 93
36 39
38 104
39 114
40 51
40 66
40 80
41 43
41 78
42 82
42 99
42 100
43 112
44 75
45 69
45 89
46 48
47 60
47 77
47 89
47 114
47 118
49 115
50 83
50 98
50 108
52 95
54 81
54 102
54 117
55 56
57 106
58 109
62 82
63 74
63 118
64 72
66 70
69 117
70 74
71 76
72 76
77 86
81 94
82 103
82 119
85 91
89 104
90 95
90 110
93 99
93 107
97 105
103 113
