0 34
0 49
0 58
0 64
0 93
0 99
0 101
0 110
1 3
1 14
1 21
1 29
1 53
1 72
1 80
1 86
1 90
1 106
1 119
2 13
2 50
2 52
2 59
2 81
2 84
2 105
2 114
2 115
3 14
3 21
3 27
3 29
3 53
3 72
3 80
3 86
3 90
3 106
3 117
3 119
4 15
4 16
4 18
4 23
4 39
4 62
4 87
4 103
5 6
5 30
5 36
5 40
5 45
5 48
5 50
5 77
5 84
5 91
5 96
5 108
5 112
5 115
6 24
6 30
6 36
6 45
6 48
6 50
6 84
6 91
6 108
6 112
6 115
7 10
7 31
7 44
7 51
7 64
7 69
7 75
7 85
7 93
7 99
7 109
8 17
8 20
8 41
8 56
8 57
8 65
8 67
8 68
8 74
8 78
8 94
8 102
9 33
9 60
9 77
9 88
9 92
9 118
10 31
10 39
10 51
10 62
10 69
10 75
10 83
10 85
11 22
11 28
11 37
11 52
11 55
11 70
11 81
11 82
11 107
11 114
12 18
12 19
12 24
12 30
12 32
12 45
12 47
12 76
12 87
12 98
12 111
13 50
13 59
13 81
13 84
13 94
13 105
13 114
13 115
14 27
14 35
14 53
14 86
14 90
14 117
14 119
15 16
15 23
15 25
15 31
15 39
15 44
15 64
15 66
15 97
15 103
16 18
16 23
16 25
16 39
16 44
16 66
16 97
16 103
17 20
17 57
17 65
17 68
17 74
17 78
17 102
18 23
18 24
18 45
18 76
18 87
18 98
18 103
18 112
19 24
19 32
19 47
19 71
19 76
19 98
19 111
20 41
20 46
20 56
20 57
20 63
20 65
20 67
20 74
20 102
20 104
20 113
21 22
21 27
21 29
21 53
21 55
21 72
21 80
21 90
21 106
21 119
22 28
22 29
22 55
22 70
22 72
22 80
22 106
22 107
23 31
23 39
23 62
23 87
23 103
24 30
24 36
24 45
24 47
24 54
24 76
24 98
24 112
25 44
25 66
25 97
26 104
27 34
27 35
27 49
27 53
27 86
27 101
27 117
28 37
28 52
28 58
28 70
28 81
28 107
29 53
29 55
29 72
29 80
29 90
29 106
29 119
30 36
30 45
30 47
30 54
30 76
30 84
30 91
30 108
30 112
31 39
31 44
31 62
31 64
31 69
31 75
31 83
31 97
32 47
32 71
32 76
32 98
32 111
33 36
33 40
33 48
33 54
33 60
33 77
33 88
33 92
33 96
33 108
33 118
34 35
34 49
34 53
34 58
34 86
34 101
34 110
34 117
35 49
35 53
35 86
35 101
35 117
36 40
36 45
36 48
36 54
36 60
36 77
36 84
36 91
36 96
36 108
36 112
36 115
37 52
37 58
37 70
37 81
37 107
38 41
38 61
38 67
38 89
38 94
38 116
39 62
39 69
39 83
39 103
40 48
40 54
40 60
40 77
40 84
40 91
40 92
40 96
40 108
40 115
40 118
41 56
41 57
41 61
41 65
41 67
41 74
41 94
41 116
42 55
42 68
42 78
42 82
43 73
43 89
43 92
44 64
44 66
44 69
44 97
44 99
45 47
45 54
45 76
45 84
45 91
45 108
45 112
46 56
46 57
46 63
46 65
46 74
46 102
46 104
46 113
47 54
47 60
47 71
47 76
47 79
47 98
47 100
47 111
48 50
48 77
48 84
48 91
48 92
48 96
48 108
48 115
49 53
49 58
49 86
49 101
49 110
49 117
50 59
50 84
50 91
50 105
50 108
50 114
50 115
51 69
51 75
51 85
51 109
52 58
52 70
52 81
52 107
52 114
53 86
53 90
53 101
53 106
53 117
54 60
54 71
54 76
54 77
54 88
54 100
54 108
54 111
54 118
55 72
55 80
55 106
55 107
56 57
56 63
56 65
56 67
56 74
56 102
56 104
56 113
57 63
57 65
57 74
57 78
57 102
57 104
57 113
58 99
58 101
58 110
59 81
59 84
59 105
59 114
59 115
60 77
60 79
60 88
60 92
60 100
60 118
61 67
61 89
61 94
61 116
62 69
62 83
63 65
63 74
63 102
63 104
63 113
64 69
64 75
64 93
64 97
64 99
64 109
65 67
65 74
65 102
65 104
65 113
66 97
66 103
67 94
67 116
68 78
68 82
68 94
69 75
69 83
69 85
69 97
69 109
70 81
70 107
70 114
71 79
71 95
71 100
71 111
72 80
72 90
72 106
72 119
73 89
73 92
73 96
73 116
74 102
74 104
74 113
75 83
75 85
75 93
75 99
75 109
76 98
76 111
76 112
77 91
77 92
77 96
77 108
77 115
77 118
79 88
79 95
79 100
79 111
80 90
80 106
80 119
81 82
81 94
81 105
81 107
81 114
82 94
82 105
82 107
82 114
84 91
84 96
84 108
84 112
84 115
85 109
86 90
86 101
86 117
87 98
88 100
88 118
89 92
89 96
89 116
90 106
90 119
91 96
91 108
91 112
91 115
92 96
92 118
93 99
93 109
93 110
94 105
94 114
95 100
96 108
96 115
97 99
98 111
99 109
99 110
100 111
101 110
101 117
102 104
102 113
103 112
104 113
105 114
105 115
106 119
107 114
108 112
108 115
