0 1
0 2
0 4
0 6
0 7
0 13
0 17
0 19
0 23
0 45
0 90
0 92
0 104
0 113
1 3
1 11
1 18
1 37
1 44
1 59
1 67
1 76
1 118
2 3
2 5
2 10
2 15
2 49
2 74
2 82
2 96
3 4
3 5
3 6
3 7
3 8
3 9
3 12
3 14
3 19
3 20
3 21
3 27
3 33
3 34
3 38
3 57
3 71
3 76
3 95
3 97
3 99
3 104
3 106
3 107
3 108
4 38
4 80
4 116
5 89
5 114
6 15
6 16
6 20
6 36
6 40
7 8
7 9
7 10
7 21
7 26
7 35
7 72
7 101
8 11
8 17
8 24
8 25
8 30
8 31
8 35
8 40
8 46
8 48
8 51
8 54
8 56
8 57
8 61
8 73
8 75
8 83
8 86
8 87
8 100
8 109
9 50
9 55
9 58
9 75
9 77
9 78
10 51
10 111
11 12
11 22
11 24
11 60
11 68
11 103
12 13
12 16
12 28
12 29
12 46
12 47
12 78
12 83
12 98
12 102
13 14
13 42
14 18
14 22
14 30
14 37
14 54
14 55
14 93
15 25
15 100
16 28
16 119
17 39
17 44
17 50
17 63
17 64
17 66
17 82
17 89
18 63
19 23
19 34
19 65
19 71
19 109
19 115
20 26
21 36
21 73
21 117
22 27
22 31
22 32
22 39
22 62
22 107
23 29
23 58
23 67
23 74
25 33
26 42
27 43
27 115
28 41
28 56
30 32
30 59
30 60
30 62
30 69
30 110
31 48
31 52
31 72
31 95
32 66
32 117
33 43
33 114
35 53
36 69
36 88
37 49
37 53
37 105
38 41
38 68
42 65
42 70
43 45
43 102
43 103
44 52
44 70
44 94
46 47
46 110
49 61
50 81
50 101
50 105
51 79
51 84
51 86
51 90
53 92
55 64
55 79
55 84
55 87
55 98
55 106
56 99
57 88
61 77
61 93
62 118
70 85
70 111
71 85
71 112
75 81
76 80
77 96
81 94
81 116
86 97
87 91
87 119
88 91
97 108
98 113
101 112
