0 1
0 2
0 7
0 11
0 22
0 27
0 34
0 48
0 93
1 3
1 4
1 7
1 13
1 17
1 25
1 26
1 31
1 60
1 68
1 70
1 82
1 95
1 100
1 105
2 3
2 5
2 33
2 42
2 86
2 91
3 4
3 8
3 10
3 18
3 19
3 29
3 38
3 39
3 60
3 64
3 67
3 77
4 5
4 6
4 8
4 9
4 11
4 21
4 33
4 45
4 47
4 78
5 6
5 9
5 12
5 16
5 27
5 43
5 54
5 55
5 65
5 71
5 74
5 85
5 116
6 32
6 51
6 67
7 14
7 15
7 56
7 59
8 23
8 40
8 46
8 68
9 10
9 19
9 72
9 94
9 104
10 12
10 13
10 20
10 24
10 26
10 35
10 40
10 48
10 49
10 59
10 62
10 88
10 102
10 117
10 118
11 21
11 22
11 97
11 119
12 14
12 16
12 29
12 83
13 15
14 17
14 18
14 24
14 30
14 35
14 36
14 37
14 38
14 41
14 49
14 52
14 58
14 61
14 65
14 66
14 70
14 80
14 87
14 92
14 95
14 98
14 103
15 37
15 69
15 116
16 44
16 57
16 89
17 23
17 42
19 20
19 25
19 28
19 30
19 34
19 50
19 53
19 54
19 84
19 103
21 105
22 53
22 75
22 83
22 91
23 28
23 45
25 66
25 77
25 84
26 31
26 74
26 79
26 119
27 32
27 46
27 88
27 94
28 61
29 112
32 36
32 51
32 55
32 58
32 87
32 89
32 107
32 111
32 113
33 86
33 113
34 76
35 43
36 73
37 39
38 57
39 41
39 78
39 96
39 101
39 114
40 90
41 99
42 44
42 75
43 50
43 52
43 56
43 82
44 69
44 71
45 47
49 107
53 80
53 97
55 62
55 64
55 109
56 81
60 63
60 76
60 85
60 104
61 63
61 73
61 96
66 72
66 108
67 81
69 117
70 110
74 79
76 90
76 100
79 106
80 102
83 101
85 92
85 99
85 118
89 98
90 93
91 108
97 106
98 109
98 114
99 112
102 115
104 110
107 111
113 115
