0 1
0 2
0 3
0 5
0 20
0 22
0 26
0 36
0 57
0 72
0 80
0 81
0 89
0 95
0 103
0 116
0 117
1 11
1 30
1 67
1 74
1 80
1 81
1 87
1 111
2 3
2 4
2 8
2 9
2 10
2 12
2 14
2 15
2 17
2 18
2 30
2 44
2 68
3 4
3 5
3 6
3 7
3 12
3 16
3 21
3 23
3 24
3 29
3 32
3 33
3 39
3 61
3 62
3 66
3 75
3 96
4 6
4 10
4 17
4 21
4 27
4 28
4 35
4 48
4 87
4 93
5 7
5 8
5 13
5 14
5 22
5 24
5 31
5 40
5 50
5 67
5 70
5 78
5 83
5 107
5 112
6 11
6 16
6 19
6 65
6 84
6 97
6 102
7 13
7 34
7 50
7 113
8 9
8 23
8 34
8 63
8 73
8 85
8 88
8 106
9 19
9 35
9 93
10 52
10 58
10 61
10 118
11 44
11 89
12 15
12 37
12 49
13 25
13 42
13 55
13 65
13 82
13 85
14 18
14 25
14 53
14 56
14 71
14 82
14 100
14 115
15 41
15 45
15 46
15 113
16 20
17 46
17 55
18 91
19 42
19 43
19 51
19 53
19 54
20 28
20 29
20 40
20 47
20 79
20 94
22 27
22 32
22 38
22 64
22 76
22 105
23 26
23 39
23 58
24 41
24 59
24 76
24 92
24 95
24 98
24 116
26 51
26 64
27 33
27 90
28 52
29 37
30 31
30 43
30 47
30 75
30 92
30 102
30 110
30 118
31 36
31 70
31 73
31 86
32 49
32 60
32 72
33 38
33 48
33 63
33 71
35 54
36 56
36 60
36 62
36 69
37 68
39 115
40 101
41 45
41 83
41 101
42 66
42 77
42 94
42 100
42 106
42 112
45 91
47 59
47 69
47 77
47 88
47 96
47 110
47 111
48 97
49 98
51 74
52 57
52 99
57 104
64 84
73 108
74 79
74 86
77 78
80 90
80 109
80 114
83 105
86 99
90 108
91 117
92 107
95 103
95 104
95 114
100 119
102 109
110 119
