0 6
0 45
0 85
0 90
0 105
1 26
1 29
1 34
1 35
1 48
1 52
1 59
1 62
1 71
1 74
1 77
1 79
1 88
1 89
1 92
1 108
2 5
2 17
2 29
2 40
2 52
2 54
2 75
2 82
2 100
2 107
2 112
3 15
3 20
3 39
3 42
3 55
3 58
3 67
3 106
4 5
4 6
4 39
4 54
4 83
4 87
4 103
4 106
5 11
5 35
5 37
5 39
5 74
5 76
5 77
5 78
5 84
5 88
5 90
5 109
5 114
5 116
6 35
6 44
6 45
6 60
6 62
6 67
6 83
6 106
6 112
6 119
7 15
7 19
7 50
7 80
7 99
7 112
7 117
8 51
8 53
8 57
8 58
8 65
8 72
8 83
8 94
8 116
9 27
9 36
9 42
9 65
9 67
9 89
9 104
10 32
10 34
10 41
10 46
10 62
10 73
10 84
10 96
11 12
11 18
11 35
11 48
11 54
11 55
11 62
11 64
11 65
11 78
11 86
11 97
11 106
12 18
12 20
12 22
12 33
12 43
12 47
12 48
12 58
13 16
13 40
13 49
13 64
13 69
13 79
13 81
13 96
13 104
14 49
14 69
14 104
14 109
15 26
15 29
15 36
15 37
15 41
15 76
15 81
15 110
16 18
16 19
16 22
16 25
16 69
16 79
16 83
16 84
17 39
17 90
17 118
18 26
18 35
18 41
18 45
18 48
18 69
18 80
18 96
18 97
18 101
18 104
18 107
18 108
19 57
19 91
19 113
19 114
20 24
20 38
20 42
20 70
20 89
20 101
21 24
21 32
21 37
21 39
21 41
21 53
21 55
21 97
21 102
22 33
22 41
22 51
22 63
22 65
22 67
22 118
23 27
23 31
23 41
23 44
23 47
23 63
23 75
23 106
24 66
24 77
24 88
24 93
24 99
24 106
24 107
24 109
25 29
25 41
25 50
25 54
25 60
25 74
25 93
25 113
26 57
26 63
26 77
26 86
26 94
26 107
26 119
27 43
27 51
27 65
27 90
27 96
27 102
27 104
27 116
28 46
28 57
28 58
28 76
28 85
28 101
28 108
28 113
29 32
29 38
29 49
29 78
29 87
30 65
30 66
30 71
30 89
30 93
30 94
30 96
31 34
31 38
31 61
31 74
31 94
31 97
32 34
32 39
32 68
32 69
32 72
32 74
32 97
32 106
32 114
33 42
33 49
33 52
33 61
33 69
33 74
33 79
33 83
33 92
33 99
33 113
34 46
34 48
34 54
34 66
34 87
34 106
34 115
35 63
35 74
35 91
35 95
36 48
36 49
37 55
37 65
37 69
37 93
37 99
37 112
37 119
38 56
38 76
39 72
39 93
39 114
40 44
40 62
40 64
40 70
40 75
41 52
41 55
41 60
41 84
41 100
41 110
42 59
42 78
42 88
42 108
42 112
43 51
43 54
43 58
43 59
43 63
43 69
43 80
43 95
43 102
43 113
43 114
43 116
44 55
44 57
44 62
44 68
44 83
44 90
44 100
44 110
45 47
45 48
45 67
45 74
45 87
45 95
45 99
45 102
46 69
46 75
46 84
46 109
46 116
47 70
47 80
47 81
47 95
47 103
47 109
47 111
47 117
48 51
48 59
48 70
48 75
48 80
48 89
48 112
48 118
49 57
49 76
49 78
49 91
49 105
50 70
50 72
50 82
50 90
50 113
51 56
51 100
52 72
52 82
52 83
52 86
52 90
52 105
52 106
52 112
53 66
53 114
54 64
54 75
54 114
54 117
55 72
55 77
55 93
55 95
55 96
55 105
56 58
56 59
56 77
56 87
56 94
56 107
56 117
57 68
57 75
57 77
57 106
57 107
58 62
58 64
58 98
58 115
58 119
59 63
59 64
59 65
59 66
59 68
59 69
59 77
59 78
59 86
59 101
59 103
60 63
60 78
60 90
60 93
61 82
61 88
61 95
61 101
61 110
61 116
62 75
62 82
62 87
62 96
62 102
63 69
63 78
63 80
63 88
63 91
63 98
63 99
63 108
63 115
64 68
64 70
64 102
64 109
64 118
65 66
65 72
65 86
65 90
65 104
66 83
66 85
66 88
66 98
66 101
66 112
67 69
67 74
67 78
67 103
67 111
68 76
68 86
68 100
68 109
68 115
68 119
69 73
69 84
69 92
70 88
70 92
70 95
70 106
71 90
71 92
71 103
71 113
72 90
72 109
73 92
73 100
73 112
74 90
74 93
74 96
74 118
75 86
75 114
76 88
76 94
76 99
77 79
77 88
78 89
78 98
78 103
78 110
79 84
79 100
79 107
79 112
80 86
80 101
80 115
80 118
81 101
81 107
81 115
81 119
82 88
82 95
82 100
82 106
82 114
83 94
83 101
84 103
84 108
84 113
84 119
85 86
85 89
85 94
85 113
87 96
87 108
87 116
88 92
88 119
89 90
90 95
90 103
90 114
90 119
91 94
91 102
91 104
91 116
91 117
92 97
92 114
93 105
93 114
94 116
96 111
96 112
97 114
97 115
98 117
99 110
99 114
99 118
100 108
100 111
100 113
101 102
101 106
103 116
107 112
113 118
117 118
