0 1
0 2
0 4
0 10
0 14
0 25
0 27
0 56
1 3
1 7
1 8
1 9
1 10
1 12
1 13
1 17
1 23
1 24
1 27
1 34
1 65
1 81
1 102
1 108
2 3
2 6
2 31
2 64
2 72
2 81
2 86
3 4
3 5
3 16
3 17
3 22
3 29
3 32
3 46
3 49
3 52
3 61
3 69
3 75
3 76
3 85
3 94
3 97
3 108
4 5
4 8
4 28
4 36
4 69
4 78
4 82
4 101
4 116
5 6
5 7
5 11
5 59
5 93
6 9
6 13
6 14
6 19
6 26
6 44
6 53
6 63
6 104
6 107
7 61
7 79
8 15
8 18
8 20
8 38
8 42
8 68
8 77
8 95
8 117
9 34
9 39
9 84
9 99
10 11
10 57
10 59
10 92
11 12
11 15
11 22
11 40
11 70
11 89
11 95
11 113
12 20
12 37
12 67
12 113
12 115
13 25
13 30
13 52
13 56
13 71
13 111
14 16
14 19
14 21
14 41
14 45
14 47
14 51
14 78
14 91
14 110
15 18
15 23
15 24
15 28
15 35
15 40
15 42
15 55
15 63
15 73
15 87
15 105
16 21
16 75
16 100
16 114
18 88
19 32
19 44
19 50
19 58
19 83
20 33
20 119
21 37
21 54
21 68
23 26
23 55
23 65
23 99
23 102
23 112
24 35
24 38
24 57
24 76
24 87
25 29
25 30
25 36
25 43
25 48
25 79
25 83
25 114
26 116
27 31
27 58
27 89
28 64
28 77
28 107
29 74
32 33
32 41
32 106
34 84
35 62
36 70
36 73
37 43
37 46
37 49
37 51
37 60
37 66
38 39
38 45
38 48
38 104
40 50
40 82
41 47
41 66
41 90
41 103
41 109
42 60
43 67
43 85
43 101
44 111
46 53
46 117
49 62
50 54
50 88
52 80
52 92
52 109
53 97
53 100
53 110
56 96
57 93
57 105
57 106
57 119
58 71
58 72
60 94
60 103
65 86
67 74
69 115
73 90
75 96
78 80
83 98
84 118
87 91
92 98
101 112
106 118
