0 2
0 12
0 13
0 28
0 34
0 36
0 37
0 39
0 40
0 59
0 75
0 82
0 93
0 97
0 109
0 111
1 5
1 8
1 22
1 24
1 27
1 32
1 51
1 63
1 69
1 76
1 96
1 102
1 109
1 110
2 6
2 9
2 32
2 39
2 44
2 55
2 58
2 71
2 80
2 88
3 17
3 22
3 29
3 34
3 46
3 51
3 69
3 90
3 109
4 78
4 81
4 82
4 93
4 98
4 112
4 119
5 38
5 53
5 86
5 93
5 98
5 103
5 118
6 53
6 56
6 69
6 82
6 106
6 107
7 10
7 11
7 22
7 57
7 63
7 64
7 69
7 85
7 88
7 91
7 99
7 119
8 24
8 27
8 44
8 76
8 94
9 17
9 21
9 26
9 28
9 38
9 44
9 64
9 66
9 67
9 72
9 87
9 91
9 112
9 115
10 31
10 54
10 64
10 68
10 79
10 88
10 89
10 90
11 47
11 52
11 64
11 72
11 87
11 95
11 104
11 119
12 51
13 33
13 34
13 44
13 57
13 80
13 89
13 96
14 18
14 29
14 39
14 47
14 57
14 60
14 65
14 76
14 95
15 27
15 41
15 44
15 51
15 75
15 98
15 99
15 114
15 119
16 17
16 38
16 49
16 52
16 64
16 81
16 101
16 105
16 106
17 25
17 26
17 27
17 39
17 44
17 66
17 74
17 75
17 82
17 87
17 94
17 97
17 99
18 76
18 88
18 95
18 102
18 117
19 24
19 57
19 60
19 66
19 82
19 86
20 32
20 37
20 44
20 57
20 64
20 67
20 69
20 72
20 82
20 90
20 97
20 102
21 64
21 70
21 84
21 96
21 100
21 101
21 112
21 115
21 117
22 43
22 64
22 72
22 85
22 99
22 106
23 47
23 56
23 64
23 71
23 75
23 78
23 80
23 82
23 89
23 91
23 96
23 98
23 102
23 109
24 31
24 41
24 84
24 100
24 114
24 119
25 41
25 42
25 48
25 68
25 79
25 80
25 94
25 100
25 101
26 40
26 51
26 56
26 63
26 80
26 114
27 31
27 34
27 40
27 61
27 69
27 78
27 82
27 88
27 104
27 117
28 40
28 41
28 48
28 50
28 54
28 58
28 69
28 109
29 46
29 74
29 81
29 87
29 98
30 38
30 42
30 50
30 107
30 109
30 119
31 45
31 49
31 70
31 78
31 82
31 83
31 96
31 99
32 35
32 93
32 104
32 115
33 43
33 56
33 74
33 80
33 101
33 119
34 44
34 46
34 66
34 73
34 77
34 79
34 106
34 107
35 85
35 93
35 101
35 115
36 55
36 92
36 116
36 118
37 43
37 46
37 47
37 50
37 55
37 67
37 91
37 98
37 101
37 116
38 50
38 55
38 59
38 74
38 102
38 117
39 42
39 83
39 85
39 111
40 46
40 49
40 69
40 82
40 93
40 106
40 110
40 111
40 114
40 115
41 44
41 46
41 48
41 67
41 73
41 75
41 88
42 54
42 91
42 97
42 98
42 102
42 117
43 44
43 49
43 73
43 90
43 103
44 46
44 74
44 76
44 81
44 95
45 51
45 80
45 88
45 92
45 104
45 105
45 106
45 107
45 113
46 48
46 60
46 72
46 98
46 117
46 119
47 53
47 58
47 94
47 113
47 119
48 68
48 69
48 71
48 82
48 115
49 100
49 104
49 112
50 72
50 74
50 85
50 90
50 92
50 95
50 111
51 59
51 108
51 113
51 116
51 117
52 69
52 99
52 100
52 104
53 77
53 84
53 95
53 100
53 109
53 116
54 58
54 79
54 85
54 87
55 95
56 62
56 66
56 100
56 107
56 110
56 119
57 83
57 100
57 110
57 111
57 119
58 78
58 83
58 86
58 94
58 97
59 66
59 77
59 88
59 94
59 98
60 65
60 90
60 94
60 104
61 67
61 77
61 80
61 88
61 90
61 99
61 103
61 119
62 65
62 81
62 99
62 102
63 69
63 80
63 84
63 101
63 114
64 67
64 74
64 93
64 114
65 77
65 86
65 101
65 102
65 107
66 85
66 89
66 104
66 112
67 78
67 84
67 104
67 113
67 118
68 69
68 73
68 81
68 89
68 116
69 72
69 77
69 88
69 90
69 93
69 102
69 107
69 114
70 73
70 88
70 94
70 104
70 109
71 77
71 83
71 97
71 110
72 80
72 97
72 106
73 80
73 82
73 84
73 91
73 100
74 105
75 81
75 83
75 85
75 95
75 110
75 118
76 77
77 81
77 83
77 88
79 87
79 91
79 111
80 89
80 91
80 94
80 101
80 108
80 119
81 86
81 87
81 102
82 95
83 100
83 104
83 119
84 87
84 104
85 88
85 93
85 98
85 101
85 103
85 117
86 88
86 91
86 98
86 103
86 113
87 108
87 113
88 94
88 111
88 119
89 115
89 118
90 102
90 118
91 92
91 104
91 105
91 118
92 99
92 116
93 115
95 97
95 102
95 104
97 100
99 100
99 107
100 102
102 104
103 116
104 118
105 107
108 114
108 115
108 116
108 119
109 117
110 112
110 114
111 116
111 119
