0 119
0 2
0 3
0 117
0 40
0 115
1 2
1 3
1 119
1 4
1 118
1 48
2 4
2 5
2 119
2 84
3 4
3 5
3 6
3 47
3 26
4 5
4 6
4 7
4 17
4 98
5 6
5 7
5 8
5 38
6 9
6 18
6 55
6 58
6 42
7 10
7 20
7 102
7 69
8 9
8 11
8 92
8 103
8 98
8 112
9 10
9 11
9 12
9 24
10 11
10 13
10 51
11 12
11 14
11 63
11 116
11 59
12 13
12 14
12 88
12 54
13 15
13 16
13 59
13 53
14 15
14 16
14 63
15 17
15 18
15 90
15 94
15 97
16 18
16 19
16 32
16 29
16 104
17 19
17 20
18 19
18 20
18 21
18 117
19 21
19 94
19 48
20 22
20 23
20 34
20 66
21 22
21 24
21 46
21 101
21 84
22 23
22 24
22 25
23 25
23 26
23 114
24 25
24 27
24 41
25 26
25 27
25 99
26 27
26 82
26 85
27 29
27 30
27 61
28 29
28 30
28 73
28 53
28 95
29 31
29 69
30 32
30 33
30 42
30 64
31 32
31 34
31 94
32 33
32 35
32 102
32 37
33 34
33 36
33 62
34 35
34 36
34 37
35 36
35 37
35 92
35 86
36 37
36 39
36 76
37 38
37 40
37 108
37 39
37 46
38 39
38 41
38 60
39 40
39 42
40 42
40 48
40 105
41 43
41 44
41 80
42 43
42 44
43 45
43 46
43 83
43 105
44 45
44 46
44 83
44 114
44 87
45 46
45 47
45 48
45 62
45 118
46 56
46 78
46 97
47 49
47 50
48 51
48 79
49 51
49 52
49 116
50 51
50 52
50 93
50 60
51 52
51 53
51 54
52 53
52 54
52 55
52 113
52 63
53 54
53 55
54 55
54 56
54 57
54 110
55 56
55 57
55 58
56 58
56 98
56 108
57 58
57 60
57 78
58 61
58 66
58 69
58 85
59 69
59 85
59 104
60 61
60 62
61 62
61 64
61 100
62 64
62 65
63 65
63 116
64 65
64 108
65 66
65 67
65 68
66 67
66 68
67 68
67 69
67 70
68 69
68 70
68 71
69 70
70 72
70 73
70 113
71 72
71 73
71 74
72 73
72 75
72 89
72 84
73 74
73 76
74 76
74 77
74 109
75 76
75 77
75 78
75 114
76 78
76 79
76 109
76 116
77 78
77 79
77 80
78 80
78 81
79 80
79 81
79 82
80 81
80 82
80 108
81 83
81 84
81 87
82 85
82 117
83 85
83 86
83 96
84 85
84 87
85 86
85 87
86 87
86 88
87 88
87 89
88 90
88 91
89 90
89 91
89 110
90 91
90 92
90 93
91 93
91 94
91 99
92 94
92 95
93 95
93 96
94 95
94 97
95 96
95 97
96 97
96 99
97 98
97 99
98 118
99 100
99 101
99 102
99 106
100 101
100 102
100 103
101 103
101 104
102 104
102 105
103 105
103 106
104 105
104 106
105 106
105 107
106 107
106 109
107 108
107 109
107 110
108 109
108 110
109 110
109 111
109 112
110 112
110 113
111 112
111 113
111 114
112 113
112 115
113 114
113 116
114 116
114 117
115 116
115 118
117 119
118 119
