0 1
0 4
0 39
0 47
1 111
1 115
1 91
2 3
2 71
2 94
2 75
3 8
3 47
3 29
4 20
4 93
4 14
5 6
5 40
5 83
5 68
6 102
6 22
6 117
7 8
7 75
7 50
7 28
8 95
8 118
9 10
9 13
9 38
9 113
10 69
10 73
10 59
11 12
11 34
11 101
11 58
12 56
12 20
12 93
13 65
13 85
13 44
14 15
14 34
14 116
15 33
15 38
15 100
16 17
16 97
16 81
16 22
17 73
17 53
17 67
18 19
18 60
18 92
18 110
19 20
19 25
19 111
20 27
21 22
21 88
21 89
21 86
22 72
23 24
23 37
23 46
23 86
24 26
24 46
24 61
25 38
25 63
25 35
26 76
26 28
26 64
27 28
27 66
27 51
28 56
29 30
29 74
29 98
30 74
30 57
30 119
31 32
31 57
31 65
31 62
32 67
32 82
32 94
33 38
33 100
33 73
34 35
34 75
35 45
35 74
36 37
36 39
36 47
36 83
37 52
37 63
39 105
39 113
40 48
40 90
40 108
41 42
41 55
41 70
41 45
42 53
42 103
42 67
43 44
43 69
43 98
43 110
44 65
44 81
45 87
45 62
46 47
46 54
48 76
48 71
48 49
49 50
49 56
49 53
50 79
50 51
51 52
51 95
52 108
52 59
53 66
54 55
54 86
54 78
55 92
55 107
56 85
57 97
57 68
58 59
58 111
58 92
59 73
60 61
60 80
60 83
61 64
61 102
62 63
62 118
63 91
64 65
64 86
66 68
66 89
67 112
68 96
69 70
69 90
70 108
70 94
71 106
71 111
72 96
72 84
72 80
74 113
75 114
76 107
76 80
77 78
77 100
77 103
77 91
78 79
78 102
79 80
79 101
81 82
81 105
82 88
82 98
83 92
84 85
84 95
84 119
85 95
87 98
87 117
87 93
88 89
88 118
89 94
90 99
90 101
91 107
93 104
96 116
96 105
97 103
97 108
99 119
99 117
99 102
100 116
101 106
103 112
104 105
104 115
104 112
106 113
106 117
107 116
109 110
109 114
109 112
109 115
110 118
114 119
114 115
