0 3
0 4
0 11
0 14
0 15
0 17
0 19
0 21
0 23
0 72
0 100
0 117
1 4
1 5
1 6
1 8
1 10
1 11
1 15
1 16
1 17
1 18
1 64
1 81
1 92
2 3
2 5
2 8
2 11
2 13
2 17
2 18
2 20
2 21
2 22
2 33
2 41
2 50
2 55
2 105
2 109
2 111
3 11
3 12
3 13
3 14
3 17
3 18
3 20
3 23
3 28
3 38
3 65
3 82
3 88
3 100
3 111
3 117
4 6
4 7
4 8
4 10
4 11
4 13
4 16
4 18
4 24
4 33
4 82
4 101
5 6
5 7
5 10
5 11
5 12
5 13
5 15
5 17
5 21
5 22
5 23
5 58
5 75
5 96
5 115
6 7
6 8
6 12
6 13
6 15
6 16
6 17
6 18
6 21
6 33
6 36
6 49
6 66
6 104
7 9
7 12
7 13
7 15
7 17
7 19
7 21
7 23
7 36
7 89
8 11
8 16
8 17
8 20
8 21
8 23
8 30
8 47
8 54
8 59
8 67
8 74
8 93
9 11
9 14
9 17
9 18
9 23
9 26
9 39
9 44
9 49
9 89
10 11
10 13
10 14
10 15
10 16
10 18
10 19
10 23
10 46
10 57
10 79
10 102
10 103
10 114
11 17
11 18
11 19
11 32
11 45
11 47
11 63
11 92
12 17
12 22
12 23
12 66
12 77
12 89
12 107
13 14
13 15
13 16
13 18
13 19
13 22
13 23
13 27
13 46
13 82
14 15
14 18
14 21
14 23
14 50
14 79
14 90
15 16
15 17
15 18
15 20
15 22
15 23
15 24
15 37
15 44
15 93
15 105
15 113
15 115
16 17
16 29
16 35
16 52
16 110
16 119
17 18
17 19
17 20
17 21
17 22
17 61
17 66
17 118
18 22
18 23
18 68
18 85
18 86
18 96
18 103
19 23
19 48
19 72
19 80
19 82
19 109
19 110
19 116
20 21
20 22
20 23
20 81
20 108
21 25
21 27
21 96
22 24
22 26
22 29
22 39
22 82
22 99
23 52
23 59
23 63
23 114
24 25
24 26
24 31
24 33
24 35
24 36
24 39
24 55
24 60
24 104
25 27
25 29
25 30
25 31
25 34
25 41
25 42
25 45
25 47
25 81
25 109
26 29
26 32
26 33
26 41
26 43
26 45
26 56
26 66
26 69
26 72
26 91
26 114
26 116
27 28
27 29
27 31
27 32
27 33
27 34
27 36
27 37
27 40
27 41
27 42
27 46
27 47
28 35
28 40
28 46
28 50
28 54
28 55
28 57
28 59
28 70
28 73
28 76
28 77
29 34
29 39
29 40
29 44
29 46
29 47
29 50
29 86
30 31
30 32
30 34
30 35
30 37
30 39
30 43
30 44
30 47
30 59
30 69
30 73
30 76
30 81
30 87
30 105
30 113
31 32
31 43
31 45
31 68
31 93
32 34
32 35
32 36
32 38
32 39
32 46
32 57
32 60
32 66
32 99
33 40
33 41
33 45
33 49
33 52
33 55
33 68
33 105
33 113
34 35
34 37
34 45
34 46
34 94
34 104
34 117
34 119
35 36
35 37
35 38
35 42
36 44
36 45
36 99
36 102
36 115
37 40
37 42
37 44
37 47
37 71
38 40
38 41
38 42
38 47
38 83
38 89
38 107
38 108
38 109
39 42
39 43
39 44
39 46
39 47
39 57
39 66
39 88
39 94
39 101
39 106
40 42
40 44
40 47
40 114
41 43
41 46
41 47
41 99
41 102
41 117
42 46
42 53
42 82
42 95
42 102
42 104
43 46
43 47
43 67
43 80
43 106
43 111
44 46
44 47
44 52
44 62
44 77
44 92
44 109
44 116
44 117
45 46
46 79
46 81
47 48
47 55
47 56
47 74
47 81
48 49
48 50
48 52
48 59
48 67
48 69
48 71
48 75
48 90
48 91
48 113
49 53
49 56
49 59
49 61
49 62
49 63
49 66
49 67
49 70
49 71
49 85
49 86
50 53
50 54
50 65
50 66
50 67
50 69
50 70
50 76
50 105
50 117
51 53
51 54
51 56
51 64
51 65
51 66
51 68
51 113
52 53
52 55
52 59
52 61
52 63
52 65
52 69
52 70
52 71
52 79
52 95
52 105
53 58
53 59
53 60
53 61
53 63
53 66
53 73
53 94
53 108
54 57
54 59
54 62
54 63
54 67
54 68
54 69
54 103
55 58
55 60
55 62
55 64
55 65
55 66
55 68
55 74
55 79
55 87
55 106
56 62
56 63
56 64
56 66
56 67
56 91
56 104
57 61
57 62
57 63
57 70
57 79
57 81
57 87
58 65
58 67
58 69
58 79
58 109
59 63
59 65
59 66
59 68
59 74
59 84
59 118
60 62
60 63
60 67
60 68
60 71
60 111
60 113
61 63
61 64
61 65
61 66
61 70
61 90
62 68
62 69
62 70
62 82
62 111
63 64
63 71
63 90
63 101
63 104
63 117
64 67
64 68
64 70
64 71
64 106
64 119
65 66
65 71
66 70
66 80
66 93
66 95
66 102
67 69
67 93
67 100
67 105
68 70
68 71
68 85
68 87
68 109
69 72
69 89
69 90
69 107
70 71
70 80
71 72
72 78
72 81
72 83
72 85
72 92
72 98
72 103
73 77
73 81
73 84
73 85
73 89
73 93
73 95
73 118
74 76
74 79
74 81
74 84
74 88
74 89
74 93
74 94
74 95
74 98
75 76
75 80
75 86
75 87
75 88
75 89
75 90
75 91
75 93
75 94
75 95
75 96
75 111
76 79
76 80
76 82
76 84
76 86
76 90
76 91
76 92
76 99
77 79
77 81
77 83
77 84
77 85
77 89
77 98
77 111
78 79
78 81
78 85
78 86
78 89
78 90
78 91
79 83
79 87
79 88
79 91
79 93
79 94
80 84
80 87
80 89
80 90
80 102
81 84
81 85
81 93
81 94
81 110
82 86
82 89
82 91
82 93
82 95
82 100
82 104
83 86
83 87
83 90
83 91
83 92
83 93
83 95
83 96
83 110
84 88
84 91
84 94
84 113
85 86
85 87
85 89
86 87
86 88
86 89
86 92
86 94
86 96
86 105
87 88
87 90
87 91
87 94
87 95
87 104
87 114
87 117
88 92
88 94
88 101
88 105
89 90
89 92
89 104
89 112
89 115
90 95
90 99
90 110
90 111
91 92
91 107
92 94
92 97
92 99
92 102
93 94
93 108
93 110
93 113
93 117
94 95
95 96
95 103
96 98
96 101
96 107
96 110
96 114
96 116
97 100
97 104
97 106
97 107
97 110
97 117
97 118
97 119
98 99
98 101
98 103
98 107
98 109
98 112
98 115
98 116
99 101
99 109
99 110
99 112
99 114
99 117
99 118
100 102
100 105
100 108
100 109
100 114
100 118
101 103
101 104
101 107
101 111
101 113
102 105
102 107
102 108
102 109
102 110
102 112
102 118
102 119
103 115
103 117
103 118
104 106
104 108
104 109
104 113
104 115
105 106
105 108
105 113
105 117
105 119
106 112
106 113
106 114
106 118
106 119
107 114
107 116
107 117
108 109
108 112
108 118
108 119
109 110
109 111
109 112
109 114
109 118
109 119
110 111
110 115
110 116
111 113
111 114
111 116
112 115
112 116
112 117
113 115
113 116
113 117
114 115
114 118
115 117
116 118
117 119
