0 61
0 64
0 82
0 108
0 115
1 60
1 72
1 73
1 80
1 85
1 94
1 111
2 63
2 74
2 84
2 90
2 91
2 96
2 111
2 116
3 62
3 88
3 96
3 97
3 100
3 101
3 115
4 60
4 63
4 65
4 70
4 72
4 81
4 96
4 97
4 105
5 71
5 76
5 84
5 87
5 106
5 110
5 111
6 63
6 64
6 65
6 68
6 74
6 76
6 77
6 81
6 84
6 85
6 94
6 106
6 107
6 113
7 61
7 63
7 72
7 90
7 92
7 114
7 118
7 119
8 61
8 63
8 71
8 76
8 87
8 111
8 113
9 60
9 62
9 69
9 78
9 82
9 102
9 113
9 118
9 119
10 69
10 73
10 74
10 76
10 83
10 87
10 88
10 89
10 107
10 109
10 112
10 117
10 119
11 87
11 94
11 99
12 61
12 71
12 87
12 94
12 100
12 111
12 114
12 118
13 83
13 86
13 90
13 98
13 99
13 101
13 103
13 117
13 119
14 63
14 69
14 70
14 72
14 80
14 82
14 92
14 96
14 100
14 104
14 111
14 113
14 118
15 62
15 86
15 88
15 94
15 101
15 107
15 108
15 111
15 113
15 115
16 63
16 66
16 67
16 81
16 82
16 83
16 86
16 88
16 102
17 65
17 72
17 81
17 86
17 87
17 91
17 93
17 94
17 101
17 112
18 68
18 71
18 72
18 78
18 88
18 90
18 93
18 94
18 119
19 62
19 66
19 68
19 72
19 81
19 86
19 104
19 108
19 114
20 66
20 87
20 89
20 90
20 95
20 107
20 111
20 116
20 118
21 65
21 71
21 80
21 84
21 86
21 95
21 96
21 97
21 99
21 102
21 105
22 82
22 95
22 102
22 105
22 108
23 65
23 72
23 75
23 78
23 87
23 91
23 101
23 111
23 115
23 117
24 60
24 73
24 87
24 101
24 103
24 106
24 109
24 110
24 113
25 63
25 65
25 76
25 87
25 89
25 90
25 93
25 96
26 60
26 61
26 70
26 81
26 86
26 90
26 93
26 99
26 101
26 103
26 119
27 62
27 73
27 77
27 88
27 92
27 97
27 104
28 70
28 72
28 85
28 96
28 100
28 105
28 117
29 80
29 88
29 90
29 94
29 97
29 101
29 104
29 108
30 60
30 64
30 66
30 71
30 82
30 83
30 90
30 93
30 113
31 71
31 80
31 107
31 112
32 67
32 70
32 77
32 82
32 89
32 91
32 97
32 100
32 111
32 114
33 82
33 91
33 95
33 98
33 104
33 110
34 60
34 66
34 68
34 72
34 75
34 76
34 82
34 103
34 104
34 108
34 113
34 114
35 60
35 63
35 67
35 90
35 94
35 98
35 104
35 108
35 117
36 60
36 61
36 64
36 73
36 74
36 78
36 88
36 93
36 94
36 96
36 101
36 106
37 70
37 91
37 93
37 95
37 115
37 116
38 61
38 75
38 81
38 83
38 86
38 101
38 114
38 117
39 61
39 63
39 75
39 79
39 83
39 85
39 101
39 103
40 79
40 81
40 90
40 92
40 104
41 61
41 62
41 65
41 75
41 79
41 81
41 82
41 84
41 90
41 93
41 103
41 107
41 109
41 111
42 63
42 69
42 84
42 102
42 113
42 117
43 64
43 88
43 89
43 92
43 101
43 103
43 111
44 62
44 64
44 65
44 69
44 71
44 75
44 78
44 89
44 91
44 101
44 103
44 109
44 111
44 117
45 61
45 66
45 67
45 69
45 84
45 91
45 92
45 96
45 118
45 119
46 63
46 77
46 83
46 87
47 76
47 77
47 89
47 100
47 102
47 109
48 60
48 69
48 80
48 105
49 65
49 79
49 81
49 86
49 87
49 103
49 109
49 111
49 115
50 66
50 74
50 84
50 89
50 102
50 104
50 108
50 117
50 118
51 64
51 85
51 87
51 116
52 71
52 72
52 75
52 76
52 82
52 98
52 99
52 102
52 103
52 106
53 79
53 86
53 87
53 90
53 92
53 98
53 102
54 68
54 75
54 98
54 101
54 102
54 111
55 63
55 74
55 78
55 87
55 89
55 90
55 101
55 110
55 114
56 63
56 64
56 68
56 69
56 72
56 73
56 81
56 90
56 91
56 93
56 94
56 95
56 97
56 109
56 111
56 118
56 119
57 66
57 69
57 77
57 80
57 96
57 104
57 105
57 119
58 60
58 62
58 67
58 68
58 72
58 73
58 81
58 83
58 84
58 100
58 101
58 104
59 63
59 66
59 84
59 89
59 93
59 97
59 100
59 112
59 115
59 116
59 119
