0 73
0 78
0 84
0 89
0 91
0 96
0 101
0 105
0 108
0 112
1 64
1 67
1 71
1 78
1 95
1 98
1 101
1 102
1 109
2 64
2 68
2 73
2 77
2 83
2 84
2 107
2 108
2 116
3 68
3 74
3 75
4 67
4 77
4 78
4 82
4 87
4 97
4 100
4 108
4 109
4 113
4 114
4 119
5 66
5 71
5 79
5 84
5 87
5 103
5 111
5 113
5 117
6 60
6 62
6 64
6 72
6 82
6 83
6 88
6 99
6 104
6 119
7 63
7 67
7 76
7 77
7 82
7 87
7 92
7 95
7 99
7 109
7 111
8 68
8 83
8 84
8 87
8 92
8 109
8 110
8 112
8 113
8 115
9 84
9 89
9 96
9 106
9 118
10 60
10 68
10 72
10 78
10 79
10 82
10 112
11 65
11 66
11 78
11 79
11 82
11 88
11 97
11 105
12 60
12 61
12 62
12 64
12 65
12 67
12 70
12 81
12 95
12 102
12 109
12 110
13 72
13 78
13 94
13 98
13 106
13 109
13 119
14 67
14 75
14 81
14 82
14 83
14 86
14 97
14 100
14 106
14 118
15 61
15 74
15 78
15 80
15 83
15 87
15 107
15 109
16 80
16 90
16 96
16 104
16 110
16 112
16 114
16 115
16 117
17 63
17 72
17 80
17 88
17 105
17 106
17 112
17 113
18 64
18 71
18 72
18 94
18 98
18 107
18 114
19 61
19 79
19 81
19 91
19 94
19 111
19 114
20 70
20 89
20 92
20 103
20 108
20 110
21 70
21 79
21 95
21 116
22 72
22 83
22 89
22 98
22 103
22 109
22 111
23 61
23 65
23 81
23 95
23 104
23 110
23 111
23 114
23 116
24 62
24 90
24 96
24 102
24 107
24 110
24 113
24 114
25 76
25 84
25 88
25 90
25 93
25 100
25 102
25 109
25 110
25 114
25 115
26 78
26 89
26 92
26 96
26 101
26 110
26 111
26 112
27 64
27 71
27 75
27 80
27 85
27 87
27 107
28 66
28 72
28 80
28 83
28 92
28 102
28 106
28 109
28 112
28 115
29 70
29 73
29 77
29 81
29 92
29 97
29 115
30 66
30 70
30 84
30 87
30 91
30 95
30 96
30 98
30 102
30 111
30 113
30 119
31 60
31 61
31 66
31 67
31 79
31 82
31 84
31 85
31 91
31 93
31 98
31 105
31 109
31 119
32 63
32 72
32 81
32 91
32 92
32 97
32 102
33 85
33 92
33 98
33 108
33 112
33 113
33 117
34 74
34 77
34 79
34 86
34 88
34 99
34 104
34 108
35 79
35 82
35 83
35 101
35 113
35 114
35 118
36 76
36 91
36 101
36 103
36 106
36 111
36 114
37 70
37 95
37 100
37 104
37 107
37 114
38 63
38 65
38 68
38 70
38 82
38 90
38 98
38 107
38 108
38 118
39 67
39 68
39 86
39 90
39 99
39 101
39 111
40 61
40 63
40 77
40 79
40 93
40 95
40 103
40 109
40 114
40 118
41 88
41 89
41 104
41 106
41 108
41 110
41 111
41 112
41 113
41 117
41 119
42 60
42 71
42 87
42 92
42 113
42 114
43 61
43 69
43 78
43 80
43 81
43 82
43 92
43 106
43 113
43 118
44 65
44 78
44 83
44 91
44 97
44 98
44 100
44 116
45 61
45 68
45 75
45 81
45 83
45 94
45 115
46 63
46 67
46 100
46 108
46 113
46 116
47 65
47 69
47 80
47 85
47 95
47 100
47 104
47 111
47 113
48 65
48 84
48 85
48 93
48 109
49 87
49 92
49 93
49 100
49 101
49 109
49 114
49 118
49 119
50 66
50 70
50 71
50 90
50 115
50 119
51 66
51 70
51 77
51 84
51 85
51 90
51 94
51 102
52 61
52 67
52 68
52 83
52 96
52 102
52 104
52 109
52 111
53 62
53 68
53 78
53 90
53 92
53 108
54 73
54 74
54 82
54 84
54 97
54 100
54 117
55 73
55 83
55 87
55 92
55 97
55 103
56 73
56 77
56 88
56 89
56 95
56 102
56 105
56 113
56 115
56 117
57 63
57 64
57 66
57 68
57 76
57 80
57 104
57 117
58 60
58 64
58 75
58 79
58 88
58 92
58 97
58 100
58 101
58 102
58 106
58 109
59 60
59 64
59 76
59 81
59 90
59 94
59 97
59 101
59 105
59 106
59 109
59 114
59 115
