0 1
0 2
0 3
0 4
0 5
0 6
0 7
0 8
0 9
0 10
0 11
0 12
0 13
0 14
0 17
0 20
0 25
0 27
0 37
0 38
0 39
0 40
0 41
0 42
0 43
0 47
0 50
0 55
0 56
0 57
0 59
0 63
0 70
0 71
0 72
0 76
0 77
0 84
0 87
0 89
0 90
0 91
0 93
0 109
0 110
0 117
0 118
1 6
1 8
1 16
1 18
1 22
1 39
1 54
1 55
1 62
1 64
1 66
1 76
1 95
1 100
2 6
2 7
2 8
2 10
2 11
2 12
2 14
2 15
2 18
2 20
2 22
2 23
2 25
2 28
2 30
2 37
2 45
2 47
2 54
2 55
2 59
2 60
2 63
2 65
2 68
2 77
2 79
2 81
2 82
2 97
3 8
3 10
3 26
3 34
3 45
3 78
3 79
3 114
4 6
4 7
4 9
4 11
4 13
4 14
4 15
4 16
4 17
4 18
4 21
4 26
4 31
4 35
4 39
4 61
4 65
4 71
4 75
4 96
4 102
4 108
4 119
5 6
5 7
5 24
5 36
5 57
5 73
6 7
6 8
6 9
6 10
6 11
6 12
6 13
6 14
6 16
6 19
6 23
6 27
6 29
6 32
6 38
6 43
6 44
6 47
6 54
6 58
6 63
6 69
6 71
6 74
6 80
6 101
6 106
6 107
6 116
7 9
7 10
7 11
7 14
7 15
7 18
7 19
7 22
7 27
7 29
7 32
7 35
7 36
7 37
7 39
7 40
7 42
7 43
7 44
7 45
7 48
7 51
7 60
7 67
7 69
7 74
7 75
7 76
7 77
7 89
7 91
7 92
7 94
7 96
7 100
7 103
8 9
8 12
8 20
8 21
8 33
8 53
8 56
8 66
8 112
8 113
9 13
9 16
9 29
9 50
9 55
9 58
9 69
9 89
9 111
10 12
10 15
10 16
10 21
10 24
10 28
10 33
10 35
10 37
10 43
10 44
10 88
10 99
10 118
11 17
11 18
11 19
11 23
11 24
11 25
11 26
11 32
11 33
11 45
11 53
11 68
11 74
11 84
11 110
11 119
12 13
12 19
12 25
12 31
12 34
12 38
12 40
12 52
12 93
12 98
13 15
13 17
13 24
13 29
13 35
13 36
13 48
13 49
13 53
13 58
13 65
13 68
13 79
13 86
13 87
13 92
13 99
13 106
13 112
13 118
13 119
14 19
14 28
14 31
14 33
14 36
14 41
14 49
14 53
14 59
14 62
14 76
14 80
14 81
14 89
14 100
14 109
15 21
15 38
15 48
15 82
15 93
15 96
15 100
16 17
16 20
16 28
16 29
16 46
16 51
16 54
16 58
16 60
16 63
16 72
16 102
17 23
17 27
17 44
17 70
17 75
17 82
17 96
18 22
18 30
18 36
18 37
18 40
18 45
18 48
18 56
18 85
18 88
18 105
18 108
18 116
19 20
19 21
19 22
19 49
19 50
19 57
19 64
19 70
19 79
19 84
19 104
19 115
20 31
20 34
20 52
20 60
20 78
20 97
20 106
21 23
21 26
21 73
22 27
22 49
22 67
22 80
22 83
23 24
23 26
23 30
23 32
23 40
23 42
23 47
23 88
23 113
24 25
24 32
24 33
24 41
24 65
24 69
24 85
24 86
24 91
24 109
24 116
25 28
25 30
25 41
25 46
25 48
25 57
25 81
25 94
25 104
25 108
26 30
26 34
26 41
26 55
26 81
26 117
27 39
27 64
27 94
27 105
28 34
28 35
28 42
28 44
28 61
28 87
28 116
29 94
29 109
29 111
29 118
30 31
30 38
30 51
30 52
30 61
30 74
30 77
30 81
30 85
31 42
31 83
32 63
32 79
32 99
33 75
33 90
34 58
34 62
34 71
34 72
34 73
34 74
34 80
34 98
34 101
34 103
34 113
35 50
35 56
35 62
35 83
35 86
35 92
35 93
35 107
35 117
36 46
36 51
36 54
36 66
36 68
36 83
36 98
36 107
36 114
36 115
37 49
37 76
38 67
38 101
38 119
39 43
39 53
39 114
40 46
40 51
40 60
40 67
40 71
40 78
40 108
41 46
41 64
41 65
41 90
41 97
42 47
42 50
42 52
42 112
42 114
43 66
44 82
45 82
46 110
47 68
47 86
48 52
48 87
48 91
48 92
49 84
49 88
51 61
51 70
52 72
52 91
53 57
53 103
53 115
54 56
54 61
54 62
54 73
54 78
54 103
55 64
55 69
55 87
55 105
55 107
55 109
55 115
56 59
56 90
57 104
58 59
58 67
58 72
58 89
60 66
60 88
60 95
60 111
61 86
62 83
62 95
62 101
62 104
62 108
64 80
64 102
64 110
65 75
65 100
65 117
67 70
67 93
68 73
68 78
68 95
70 106
71 99
72 77
73 97
74 84
74 85
74 111
75 101
76 104
76 105
76 112
77 90
77 117
78 107
80 102
80 103
80 105
83 85
83 92
84 119
85 94
87 97
87 112
89 99
90 98
91 96
93 102
93 113
94 95
94 98
94 113
95 111
96 106
98 118
102 115
105 116
108 110
109 114
