0 29
0 33
0 47
0 49
0 66
0 70
0 72
0 91
0 101
0 106
0 108
1 5
1 21
1 28
1 30
1 32
1 50
1 91
1 92
1 94
1 95
1 119
2 12
2 23
2 49
2 58
2 73
2 102
2 110
2 113
3 24
3 29
3 30
3 38
3 53
3 72
3 82
3 87
3 93
3 108
3 112
4 33
4 51
4 64
4 68
4 72
4 75
4 94
4 101
5 10
5 12
5 18
5 21
5 25
5 31
5 32
5 55
5 105
5 110
6 13
6 40
6 42
6 44
6 46
6 51
6 58
6 63
6 73
6 77
6 117
7 26
7 28
7 29
7 50
7 57
7 69
7 77
7 84
7 88
7 91
7 118
8 27
8 36
8 51
8 75
8 85
8 107
8 109
8 116
9 50
9 61
9 75
9 79
9 98
9 101
9 102
9 118
10 17
10 27
10 39
10 40
10 41
10 45
10 81
10 105
10 110
10 114
10 119
11 36
11 41
11 53
11 55
11 57
11 62
11 89
11 111
12 15
12 37
12 48
12 53
12 63
12 75
12 79
13 46
13 50
13 66
13 79
13 94
14 19
14 76
14 79
14 85
14 96
14 101
14 112
14 114
15 27
15 29
15 34
15 43
15 52
15 55
15 69
15 72
15 78
15 91
15 100
15 105
15 108
15 113
15 115
15 116
15 118
16 22
16 30
16 49
16 57
16 71
17 19
17 24
17 26
17 43
17 44
17 84
17 108
18 34
18 72
18 87
18 97
18 99
18 104
18 106
19 73
19 87
19 119
20 21
20 32
20 44
20 55
20 56
20 59
20 62
20 75
20 81
20 83
20 84
20 90
20 94
20 99
21 40
21 51
21 58
21 72
21 91
21 110
22 40
22 67
22 84
22 100
22 106
23 25
23 36
23 49
23 58
23 60
23 74
23 97
23 98
23 100
23 104
23 106
24 31
24 55
24 56
24 64
24 70
24 84
24 107
25 29
25 42
25 43
25 70
25 76
25 87
25 98
26 33
26 74
26 84
26 88
26 91
26 96
26 116
27 56
27 66
27 83
27 105
27 116
28 48
28 51
28 72
28 80
28 93
29 61
29 64
29 79
29 88
29 90
29 91
29 108
29 114
30 36
30 38
30 40
30 75
30 79
30 88
30 94
30 100
30 105
30 114
30 118
31 38
31 48
31 50
31 59
31 81
31 96
32 41
32 52
32 53
32 72
32 73
32 90
32 103
32 105
33 47
33 60
33 89
34 40
34 43
34 54
34 56
34 62
34 73
34 85
34 86
34 91
34 113
34 116
34 119
35 61
35 64
35 66
35 67
35 78
35 94
35 97
35 98
35 108
35 112
36 83
36 88
36 95
37 67
37 69
37 81
37 96
37 100
37 113
37 116
38 51
38 75
38 80
38 89
38 110
38 111
38 112
39 48
39 59
39 88
39 110
39 119
40 76
40 105
40 117
41 56
41 116
41 119
42 59
42 76
42 96
42 104
42 108
43 44
43 49
43 55
43 56
43 65
43 75
43 90
43 91
43 94
43 118
44 51
44 60
44 62
44 65
44 77
44 79
44 112
45 58
45 64
45 77
45 78
45 94
45 96
45 97
45 102
45 113
45 114
46 50
46 93
46 102
46 103
46 106
46 117
47 64
47 97
47 103
47 107
47 109
47 114
47 119
48 52
48 57
48 63
48 86
48 88
48 104
48 108
49 63
49 68
49 69
49 77
49 86
49 87
49 119
50 60
50 79
50 80
50 89
50 90
50 112
51 56
51 69
51 85
51 91
52 58
52 66
52 73
52 86
52 90
52 106
52 107
53 70
53 83
53 90
53 92
53 102
53 105
53 106
53 109
54 58
54 65
54 75
54 87
54 98
54 112
55 58
55 65
55 80
55 93
55 103
55 108
55 112
55 116
55 117
56 58
56 107
56 115
57 81
57 82
57 90
57 96
57 99
57 104
57 109
58 67
58 89
58 93
58 94
58 114
59 75
60 76
60 87
60 105
61 65
61 83
61 85
61 92
61 96
61 99
61 104
62 104
62 117
63 70
63 73
63 84
64 97
64 111
64 114
64 116
65 77
65 96
65 109
66 76
66 80
66 87
66 91
66 101
66 117
67 68
67 71
67 77
67 115
68 104
68 113
68 117
68 118
69 72
69 86
69 93
69 94
69 111
70 74
70 83
70 86
70 101
71 87
71 88
71 89
71 92
71 119
72 75
72 89
72 93
72 96
72 103
72 110
72 112
73 77
73 82
73 103
73 113
73 114
74 102
74 112
75 76
75 86
75 87
76 94
76 116
77 87
77 90
77 98
77 116
78 82
78 101
78 112
79 84
79 114
81 85
81 92
81 96
81 99
81 101
81 117
82 100
83 96
83 100
83 112
84 91
84 97
84 101
84 118
84 119
85 88
85 96
85 105
85 111
85 118
86 88
86 92
86 104
86 113
86 119
87 88
88 101
89 103
89 112
90 93
90 99
90 105
90 110
90 113
90 116
91 102
92 104
92 116
93 107
94 99
94 115
95 109
96 97
96 102
96 106
96 108
99 108
99 112
100 105
101 103
102 104
102 115
104 119
105 108
105 111
106 113
107 108
109 115
110 116
113 116
