0 1
0 2
0 3
0 4
0 5
0 6
0 7
0 8
0 9
0 10
0 12
0 13
0 14
0 15
0 24
0 25
0 26
0 29
0 32
0 39
0 46
0 47
0 48
0 51
0 55
0 57
0 60
0 61
0 65
0 82
0 83
0 91
0 93
0 96
0 111
0 112
0 117
1 31
2 6
2 7
2 9
2 11
2 12
2 13
2 18
2 19
2 20
2 30
2 32
2 36
2 55
2 70
2 74
2 76
2 77
2 102
2 114
3 6
3 8
3 12
3 34
3 38
3 41
3 52
3 76
3 77
3 93
3 108
4 6
4 7
4 11
4 16
4 17
4 18
4 21
4 26
4 30
4 31
4 35
4 38
4 40
4 41
4 48
4 54
4 56
4 78
4 83
4 103
4 106
4 112
4 115
5 6
5 7
5 8
5 10
5 11
5 14
5 15
5 16
5 24
5 29
5 35
5 40
5 41
5 42
5 45
5 48
5 49
5 52
5 66
5 76
5 81
5 83
5 103
5 105
5 115
6 7
6 8
6 9
6 12
6 13
6 14
6 15
6 16
6 20
6 21
6 22
6 24
6 26
6 31
6 33
6 34
6 35
6 38
6 39
6 40
6 42
6 44
6 46
6 49
6 51
6 53
6 62
6 64
6 65
6 69
6 72
6 74
6 75
6 76
6 79
6 86
6 89
6 92
6 96
6 99
6 106
6 110
6 111
6 113
6 116
7 8
7 9
7 10
7 11
7 21
7 28
7 32
7 34
7 44
7 53
7 60
7 62
7 83
7 92
7 109
7 112
7 113
8 9
8 10
8 12
8 13
8 14
8 15
8 17
8 19
8 20
8 22
8 23
8 24
8 32
8 35
8 37
8 38
8 40
8 44
8 50
8 54
8 55
8 56
8 57
8 59
8 61
8 62
8 63
8 64
8 80
8 81
8 87
8 88
8 89
8 91
8 92
8 94
8 95
8 96
8 98
8 104
8 117
8 119
9 10
9 11
9 14
9 16
9 17
9 18
9 34
9 36
9 39
9 41
9 43
9 44
9 54
9 57
9 60
9 65
9 68
9 71
9 72
9 85
9 86
9 90
9 104
9 113
9 116
9 119
10 17
10 23
10 36
10 42
10 62
10 70
10 72
10 89
10 99
10 108
10 111
11 18
11 21
11 23
11 26
11 27
11 28
11 35
11 42
11 66
11 67
11 86
11 88
11 100
11 107
11 112
11 114
11 118
12 13
12 15
12 16
12 17
12 18
12 22
12 25
12 29
12 30
12 31
12 41
12 45
12 47
12 48
12 73
12 97
12 98
12 118
13 19
13 21
13 27
13 59
13 100
14 20
14 23
14 25
14 31
14 34
14 47
14 52
14 66
14 76
14 84
15 19
15 58
15 59
15 67
15 84
15 91
16 22
16 25
16 29
16 50
16 68
16 87
16 93
16 95
17 19
17 33
17 36
17 43
17 44
17 48
17 64
17 66
17 72
17 78
17 118
18 22
18 23
18 24
18 25
18 26
18 39
18 46
18 55
18 59
18 67
18 71
18 74
18 81
18 89
18 95
18 97
18 101
18 102
18 104
19 20
19 28
19 33
19 37
19 56
19 78
19 99
20 27
20 53
21 27
21 28
21 37
21 47
21 49
21 73
21 96
21 119
22 33
22 66
22 71
22 80
22 86
22 105
22 108
22 116
23 30
23 54
23 115
24 29
24 30
24 38
24 39
24 45
24 46
24 49
24 51
24 57
24 60
24 80
24 83
24 87
24 90
24 91
24 101
24 109
25 28
25 49
25 53
25 57
25 69
25 102
26 27
26 37
26 54
26 63
26 71
26 85
26 92
27 33
27 40
27 43
27 45
27 68
27 97
27 98
27 105
28 37
28 56
28 64
28 95
29 52
29 65
29 74
30 90
31 32
31 52
32 42
32 50
32 79
32 84
32 102
33 36
33 103
35 58
35 82
35 110
36 61
37 43
37 46
37 69
37 70
39 53
39 62
39 65
39 69
39 82
39 98
39 108
39 116
40 47
40 79
40 82
41 43
41 58
41 100
41 102
41 117
42 73
42 117
43 56
43 75
44 45
44 50
44 51
44 58
44 60
44 61
44 100
46 50
46 51
46 63
46 103
47 72
47 77
47 82
47 94
47 105
47 108
48 55
48 69
49 59
49 73
49 90
49 99
49 114
50 94
50 110
51 63
51 67
51 100
51 101
51 104
51 111
51 115
52 85
52 104
53 78
53 81
53 88
53 114
53 115
54 58
54 75
54 92
54 99
55 68
55 84
55 88
55 110
56 85
57 93
58 63
58 79
59 61
59 64
59 94
60 70
60 107
61 73
63 70
64 74
64 98
65 67
65 68
65 71
65 77
65 89
65 94
65 97
65 114
65 119
66 106
67 75
67 80
67 81
67 107
69 75
69 87
69 101
70 79
71 77
72 86
73 88
75 78
75 80
75 103
78 93
78 101
80 91
80 97
80 117
81 95
82 84
82 90
82 105
83 85
83 118
84 96
85 106
85 112
86 87
90 111
92 109
93 110
95 106
95 113
97 107
97 113
99 109
99 116
99 119
101 109
102 107
113 118
