0 1
0 45
0 66
0 74
0 36
0 39
0 55
0 84
1 18
1 2
1 113
1 33
1 117
1 3
1 23
2 3
2 6
2 70
2 93
2 79
2 33
2 66
3 73
3 79
3 95
3 32
3 37
3 45
4 5
4 17
4 46
4 86
4 7
4 49
4 53
4 27
5 22
5 65
5 57
5 60
5 88
5 112
5 106
6 73
6 66
6 106
6 32
6 91
6 114
6 37
7 8
7 79
7 21
7 10
7 34
7 30
7 50
8 57
8 68
8 10
8 87
8 93
8 36
8 80
9 10
9 17
9 83
9 92
9 64
9 28
9 61
9 85
10 27
10 14
10 98
10 89
10 48
11 12
11 24
11 68
11 16
11 35
11 54
11 69
11 108
12 43
12 114
12 81
12 84
12 21
12 115
12 92
13 14
13 38
13 44
13 50
13 119
13 88
13 106
13 46
14 56
14 103
14 53
14 90
14 84
14 66
15 16
15 33
15 17
15 67
15 94
15 86
15 103
15 119
16 51
16 60
16 37
16 46
16 27
16 56
17 48
17 81
17 53
17 30
17 44
18 19
18 53
18 52
18 77
18 114
18 97
18 86
19 46
19 82
19 59
19 101
19 64
19 78
19 70
20 21
20 67
20 54
20 60
20 114
20 118
20 43
20 27
21 63
21 73
21 104
21 103
21 45
22 55
22 65
22 78
22 57
22 24
22 97
22 102
23 24
23 40
23 52
23 45
23 117
23 106
23 100
24 59
24 104
24 71
24 65
24 109
25 26
25 61
25 51
25 43
25 45
25 92
25 30
25 59
26 113
26 99
26 47
26 43
26 75
26 57
26 81
27 82
27 44
27 43
27 110
28 29
28 69
28 38
28 106
28 119
28 104
28 40
29 86
29 114
29 36
29 64
29 31
29 39
29 44
30 31
30 96
30 88
30 89
30 97
31 54
31 49
31 81
31 92
31 94
31 84
32 33
32 75
32 108
32 48
32 84
32 42
33 107
33 98
33 34
33 64
34 35
34 75
34 96
34 58
34 43
34 114
35 65
35 66
35 52
35 72
35 82
35 61
36 37
36 84
36 63
36 101
36 117
37 74
37 79
37 71
37 77
38 39
38 112
38 40
38 67
38 96
38 52
39 52
39 83
39 111
39 74
39 46
40 64
40 118
40 61
40 85
40 100
41 42
41 47
41 113
41 99
41 69
41 111
41 60
41 72
42 55
42 85
42 46
42 68
42 56
42 82
43 44
43 100
44 80
44 118
44 107
45 73
45 61
45 106
46 113
46 115
47 109
47 70
47 68
47 116
47 76
47 102
48 96
48 83
48 51
48 101
48 63
49 50
49 72
49 105
49 83
49 75
49 62
50 69
50 113
50 110
50 88
50 82
51 66
51 77
51 95
51 96
51 82
52 64
52 93
52 86
53 62
53 69
53 90
53 87
54 113
54 77
54 111
54 80
54 79
55 68
55 70
55 78
55 76
55 73
56 57
56 69
56 62
56 93
56 104
57 93
57 109
57 100
58 59
58 95
58 85
58 75
58 108
58 119
58 109
59 70
59 110
59 102
59 94
60 75
60 110
60 76
60 113
61 114
61 85
61 91
62 63
62 92
62 117
62 109
62 119
63 91
63 94
63 115
63 72
64 83
64 108
65 108
65 102
65 95
65 84
66 115
66 118
67 85
67 103
67 112
67 95
67 80
68 83
68 96
68 102
69 115
69 116
70 95
70 109
70 90
71 72
71 98
71 104
71 103
71 87
71 101
72 79
72 110
72 92
73 116
73 99
73 94
74 76
74 93
74 85
74 109
74 103
75 97
75 80
76 105
76 118
76 117
76 108
77 101
77 86
77 90
77 99
78 97
78 112
78 110
78 115
78 79
79 117
80 81
80 117
80 98
81 94
81 87
81 102
82 87
82 111
83 118
83 91
84 89
85 111
86 104
86 90
87 88
87 99
87 107
88 92
88 91
88 114
89 90
89 97
89 112
89 95
89 116
90 115
90 108
91 95
91 111
91 94
92 107
93 98
93 103
94 108
96 104
96 118
97 100
97 105
98 99
98 111
98 119
99 118
99 105
100 102
100 107
100 115
101 116
101 109
101 112
102 105
103 110
104 116
105 106
105 113
105 119
106 107
107 111
107 119
110 116
112 116
112 117
