0 18
0 35
0 77
0 82
0 92
0 97
0 101
1 20
1 22
1 36
1 42
1 43
1 44
1 64
1 68
1 69
1 75
1 89
1 96
2 5
2 17
2 27
2 28
2 41
2 50
2 52
2 55
2 83
2 113
3 10
3 13
3 15
3 16
3 50
3 59
3 61
3 65
3 95
3 102
3 103
3 115
4 12
4 21
4 39
4 43
4 59
4 60
4 86
4 98
4 107
4 117
5 15
5 29
5 37
5 55
5 66
5 68
5 119
6 18
6 20
6 27
6 52
6 69
6 72
6 75
6 77
6 83
6 87
6 97
6 103
6 110
7 10
7 18
7 36
7 37
7 50
7 51
7 57
7 91
8 12
8 18
8 20
8 22
8 33
8 45
8 47
8 55
8 64
8 87
8 92
8 99
8 101
8 103
8 105
9 11
9 12
9 30
9 35
9 47
9 48
9 51
9 61
9 62
9 65
9 78
9 90
9 95
9 107
10 45
10 50
10 62
10 104
10 106
11 38
11 41
11 43
11 65
11 86
11 93
11 97
11 111
12 34
12 35
12 86
12 94
12 96
12 108
13 15
13 22
13 82
13 86
13 88
13 92
13 110
13 112
13 118
14 62
14 63
14 64
14 74
14 79
14 86
14 102
15 30
15 39
15 44
15 45
15 46
15 50
15 63
15 67
15 80
15 103
15 109
16 31
16 36
16 71
16 72
16 77
16 79
16 107
16 110
16 111
17 25
17 38
17 40
17 51
17 54
17 58
17 68
17 70
17 81
17 90
17 97
17 103
17 105
17 111
17 115
18 26
18 27
18 34
18 35
18 38
18 55
18 87
18 94
18 103
18 105
18 119
19 27
19 30
19 34
19 65
19 68
19 74
19 77
19 83
19 98
19 113
20 24
20 41
20 50
20 59
20 62
20 67
20 75
20 90
20 109
20 118
21 26
21 27
21 41
21 43
21 44
21 65
21 72
21 76
21 91
21 92
21 93
21 94
21 107
22 33
22 35
22 56
22 87
22 97
22 102
22 109
22 116
23 42
23 70
23 77
23 115
24 59
24 66
24 67
24 96
24 114
24 116
24 118
25 33
25 42
25 43
25 56
25 69
25 78
25 102
25 109
25 113
26 28
26 51
26 67
26 92
26 106
26 107
26 114
27 37
27 82
27 89
27 93
27 101
27 117
27 118
28 46
28 48
28 64
28 72
28 84
28 87
28 90
28 103
29 30
29 46
29 55
29 64
29 65
29 68
29 71
29 82
29 85
29 110
29 114
29 115
30 40
30 43
30 93
30 105
30 112
30 113
30 117
31 32
31 33
31 36
31 43
31 51
31 56
31 64
31 65
31 67
31 70
32 56
32 66
32 67
32 68
32 71
32 87
32 100
33 34
33 49
33 62
33 65
33 94
34 38
34 53
34 57
34 66
34 83
34 115
35 54
35 82
35 90
35 98
35 111
35 115
36 43
36 89
36 90
36 106
36 117
37 40
37 55
37 104
38 40
38 65
38 72
38 91
38 93
38 96
38 97
38 98
38 100
38 106
38 114
39 40
39 43
39 53
39 54
39 57
39 70
39 73
39 86
39 97
39 104
40 52
40 60
40 70
40 77
40 111
41 46
41 57
41 60
41 74
41 90
41 102
41 105
42 58
42 84
42 93
42 97
42 101
42 117
43 46
43 76
43 77
43 90
43 106
43 112
44 55
44 57
44 58
44 84
44 85
44 91
44 105
44 111
44 117
45 59
45 60
45 70
45 89
45 91
45 108
46 54
46 57
46 60
46 86
46 96
46 104
47 67
47 71
47 75
47 86
47 89
47 113
48 74
48 76
48 102
48 106
48 108
49 54
49 56
49 70
49 100
49 109
49 110
49 113
50 53
50 54
50 61
50 77
50 94
50 103
51 54
51 56
51 83
51 85
51 101
51 114
52 58
52 67
52 86
53 62
53 63
53 75
53 105
53 111
53 118
54 73
54 86
54 107
54 116
55 58
55 69
55 75
55 92
56 86
56 106
57 76
57 78
57 90
58 63
58 77
58 80
58 92
58 94
59 75
59 87
59 95
59 100
59 107
60 62
60 66
60 95
60 106
60 108
61 63
61 80
61 88
61 89
61 102
62 74
62 86
62 94
62 96
62 99
62 105
62 110
62 111
62 114
63 75
63 82
64 75
64 79
64 85
64 88
64 96
64 99
64 108
65 70
65 72
65 86
65 99
65 119
66 73
66 74
66 112
66 118
67 79
67 85
67 108
67 114
67 118
68 71
68 114
68 118
68 119
69 70
69 86
69 90
69 111
70 75
70 85
70 95
70 105
70 116
71 74
71 82
71 89
71 105
71 113
72 77
72 81
72 92
72 98
72 116
73 79
73 80
73 114
74 80
74 111
75 77
75 97
75 98
75 108
77 84
77 91
77 113
78 92
78 103
78 111
78 114
78 115
79 85
79 117
80 81
80 101
80 103
81 84
81 88
81 98
81 106
81 114
82 84
82 93
82 101
82 115
83 102
83 103
83 112
84 88
84 108
85 92
86 119
87 91
87 100
88 89
89 104
89 108
89 117
89 119
90 91
91 93
91 96
92 95
92 100
93 94
93 96
93 97
93 100
93 105
94 97
94 105
94 109
94 114
95 98
95 109
96 106
97 109
97 114
97 117
97 118
97 119
98 100
98 104
98 110
99 109
99 115
100 103
100 110
102 103
103 117
104 110
106 111
108 113
110 111
118 119
