0 1
0 2
0 118
0 117
0 65
0 60
1 2
1 3
1 82
2 3
2 4
2 36
2 25
2 26
3 5
3 81
3 28
3 15
4 7
4 75
4 69
5 6
5 8
5 118
5 22
5 52
6 7
6 8
6 9
7 8
7 10
7 91
8 9
8 10
8 11
8 94
9 10
9 11
9 102
9 97
10 11
10 12
10 97
11 92
11 42
11 48
11 61
12 13
12 15
12 57
12 116
13 15
13 16
13 39
13 50
14 17
14 34
14 97
14 96
15 16
15 17
15 18
15 75
15 117
15 119
16 17
16 18
16 19
16 93
17 18
17 48
17 53
17 118
18 19
18 21
18 111
18 115
19 20
19 22
19 51
20 22
20 49
20 60
20 115
20 40
20 74
20 97
21 22
21 23
21 24
22 23
22 24
22 73
22 112
22 36
22 38
23 24
23 25
23 53
24 25
24 26
24 27
24 41
24 69
25 27
25 56
25 63
26 27
26 28
27 28
27 30
27 79
28 29
28 31
28 78
29 30
29 31
29 32
30 32
30 33
30 39
30 61
30 97
31 32
31 33
31 34
32 33
32 59
32 67
32 53
33 35
33 36
33 69
34 36
34 37
34 91
35 36
35 37
35 38
35 57
35 53
36 37
36 38
36 86
37 38
37 39
37 40
38 40
38 111
39 40
39 41
39 42
40 41
40 42
41 42
41 44
41 68
42 43
42 44
42 59
43 44
43 45
43 46
43 78
43 89
43 99
44 45
44 46
44 50
45 46
45 47
45 48
45 68
46 47
46 48
46 49
46 72
47 48
47 50
47 85
48 49
48 119
48 83
49 50
49 51
49 115
50 52
50 53
51 52
51 53
51 80
51 57
51 62
52 53
52 55
52 73
52 112
53 54
54 55
54 56
54 57
54 99
55 56
55 57
55 58
56 59
56 112
56 62
57 59
57 60
58 60
58 61
58 118
58 84
59 61
59 62
59 70
60 62
60 63
60 71
60 108
60 119
61 64
61 117
61 82
62 63
62 83
62 77
63 64
63 66
64 65
64 66
64 67
65 66
65 68
66 67
66 68
66 69
67 68
67 69
67 70
68 71
69 70
69 71
70 71
70 72
70 73
71 74
71 117
71 91
72 73
72 75
73 81
73 84
73 82
74 75
74 76
75 77
75 106
76 77
76 78
76 115
77 107
77 91
78 102
78 106
79 80
79 81
79 82
80 83
80 92
81 82
81 84
82 83
82 84
82 112
83 84
83 85
83 87
84 87
84 93
84 97
85 86
85 87
85 88
86 89
86 92
87 88
87 90
87 117
88 89
88 90
88 91
89 91
89 92
90 91
90 92
90 93
91 92
91 109
92 93
92 94
92 95
93 95
94 96
94 97
95 96
95 97
95 98
96 97
96 99
98 99
98 100
98 101
99 101
100 101
100 103
100 110
101 102
101 103
101 104
102 105
103 104
103 105
103 106
104 105
104 106
104 107
105 106
105 107
105 108
106 107
106 108
106 109
107 108
107 109
107 110
108 109
108 111
109 110
109 111
109 112
110 111
110 112
110 113
111 112
111 114
111 118
112 114
112 115
113 114
113 115
113 116
114 115
114 116
114 117
115 116
115 118
116 117
116 119
