0 9
0 33
0 35
0 64
0 66
0 79
0 96
0 118
1 13
1 16
1 17
1 21
1 29
1 73
1 88
1 91
1 93
1 106
1 112
1 114
2 25
2 30
2 40
2 60
2 69
2 70
2 89
2 90
2 97
2 98
2 102
3 26
3 29
3 48
3 62
3 68
3 71
3 72
3 101
4 5
4 7
4 32
4 34
4 46
4 57
4 66
4 94
4 107
4 108
4 111
4 118
5 7
5 13
5 17
5 21
5 32
5 34
5 66
5 88
5 94
5 108
6 20
6 50
6 74
6 77
6 100
6 110
6 113
7 13
7 17
7 21
7 32
7 64
7 66
7 73
7 88
7 94
7 108
7 118
8 38
8 42
8 47
8 55
8 67
9 24
9 27
9 33
9 35
9 37
9 78
9 92
9 96
9 115
10 15
10 19
10 43
10 44
10 45
10 104
11 23
11 30
11 39
11 51
11 54
11 58
11 84
11 100
11 109
12 22
12 27
12 31
12 59
12 61
12 63
12 75
12 81
12 85
12 87
12 92
12 99
12 116
13 16
13 17
13 21
13 32
13 34
13 88
13 93
13 94
13 112
13 114
14 24
14 27
14 33
14 37
14 48
14 71
14 78
14 82
14 92
14 99
14 103
14 116
14 119
15 19
15 43
15 44
15 45
15 76
15 87
15 104
16 17
16 21
16 88
16 93
16 112
16 114
17 21
17 36
17 64
17 73
17 88
17 91
17 93
17 112
17 114
18 38
18 42
18 47
18 52
18 53
18 56
18 67
18 80
18 86
18 89
18 105
18 117
19 43
19 44
19 45
19 104
20 30
20 49
20 50
20 70
20 74
20 77
20 110
20 113
21 32
21 36
21 64
21 66
21 73
21 88
21 93
21 94
21 112
21 114
22 31
22 61
22 63
22 75
22 85
22 87
23 30
23 39
23 51
23 52
23 53
23 54
23 58
23 84
23 100
23 109
24 27
24 33
24 37
24 48
24 59
24 78
24 82
24 92
24 99
24 103
24 116
24 119
25 40
25 46
25 56
25 60
25 69
25 89
25 90
25 97
25 98
25 102
25 107
26 29
26 62
26 68
26 72
26 91
26 101
26 106
27 33
27 37
27 59
27 61
27 78
27 92
27 99
27 116
27 119
28 55
29 62
29 68
29 73
29 91
29 101
29 106
29 114
30 39
30 49
30 51
30 58
30 69
30 70
30 84
30 90
30 102
30 109
31 41
31 61
31 63
31 75
31 81
31 83
31 85
31 87
32 34
32 46
32 57
32 64
32 66
32 88
32 94
32 107
32 108
32 118
33 35
33 37
33 78
33 82
33 92
33 103
33 119
34 57
34 94
34 95
34 111
35 36
35 48
35 64
35 78
35 79
35 118
36 48
36 62
36 64
36 73
36 79
36 91
37 48
37 59
37 78
37 82
37 92
37 99
37 103
37 116
37 119
38 42
38 47
38 67
38 80
38 105
38 117
39 54
39 58
39 100
39 109
40 46
40 56
40 60
40 69
40 70
40 89
40 90
40 97
40 98
40 102
41 83
42 47
42 67
42 80
42 86
42 105
42 117
43 44
43 45
43 104
44 45
44 104
45 49
45 50
45 104
45 110
45 113
46 56
46 60
46 66
46 89
46 98
46 107
46 108
46 118
47 52
47 67
47 80
47 86
48 62
48 71
48 72
48 78
48 79
48 82
48 101
48 103
49 50
49 69
49 70
49 74
49 90
49 110
49 113
50 74
50 110
50 113
51 52
51 53
51 54
51 58
51 70
51 84
51 86
51 102
52 53
52 54
52 80
52 84
52 86
53 54
53 80
53 84
53 86
53 89
53 102
54 58
54 84
54 109
56 60
56 89
56 102
56 107
56 108
56 117
57 94
57 95
57 105
57 108
57 111
57 117
58 70
58 84
58 100
58 109
59 61
59 63
59 75
59 81
59 85
59 92
59 99
59 116
59 119
60 89
60 97
60 98
60 102
60 107
60 108
61 63
61 75
61 81
61 85
61 92
61 99
61 116
62 68
62 71
62 72
62 101
62 103
63 75
63 81
63 83
63 85
63 99
64 66
64 73
64 79
64 118
65 76
65 87
65 97
65 98
65 115
66 94
66 107
66 108
66 118
67 80
67 86
67 105
67 117
68 72
68 91
68 101
68 106
69 70
69 90
69 102
70 84
70 90
70 102
70 109
71 72
71 82
71 101
71 103
72 82
72 101
72 103
73 79
73 88
73 91
73 93
73 106
73 114
74 77
74 100
74 110
74 113
75 81
75 85
75 87
75 99
76 87
76 97
76 98
76 115
77 100
77 110
78 79
78 82
78 92
78 103
78 116
78 119
80 86
81 85
81 92
81 99
81 116
82 103
82 116
82 119
84 86
84 89
84 102
85 99
87 104
87 115
88 93
88 94
88 112
88 114
89 102
89 107
89 117
90 97
90 102
91 93
91 106
91 112
91 114
92 99
92 116
92 119
93 106
93 112
93 114
94 108
94 111
95 105
95 111
96 97
96 98
96 115
96 118
97 98
97 115
98 115
99 116
99 119
100 109
103 119
105 111
105 117
106 112
106 114
107 108
107 118
108 111
108 118
110 113
111 117
112 114
116 119
