0 4
0 6
0 11
0 13
0 20
0 21
0 38
0 39
0 56
0 59
0 95
0 107
0 112
1 2
1 6
1 8
1 11
1 12
1 13
1 14
1 15
1 16
1 17
1 18
1 20
1 22
1 72
1 80
1 92
1 106
2 3
2 4
2 7
2 10
2 12
2 13
2 16
2 17
2 24
2 35
2 91
2 97
2 106
2 117
2 119
3 7
3 12
3 14
3 16
3 19
3 20
3 22
3 27
3 30
3 46
3 78
3 92
3 97
3 111
3 115
4 8
4 10
4 11
4 12
4 15
4 21
4 23
4 43
4 47
4 71
4 77
4 101
4 113
4 117
5 6
5 7
5 16
5 17
5 18
5 22
5 56
5 76
5 81
5 102
5 115
6 7
6 10
6 12
6 13
6 14
6 16
6 17
6 20
6 29
6 59
6 85
6 95
6 96
6 105
6 119
7 15
7 16
7 18
7 54
7 81
7 86
7 93
7 104
7 115
8 9
8 11
8 13
8 14
8 16
8 18
8 23
8 56
8 76
8 99
8 106
8 112
8 119
9 10
9 13
9 14
9 17
9 18
9 21
9 54
9 55
9 77
9 80
9 109
10 16
10 17
10 19
10 23
10 25
10 47
10 54
10 74
10 76
10 97
10 110
11 14
11 17
11 18
11 22
11 24
11 48
11 88
11 118
12 15
12 16
12 20
12 21
12 32
12 42
12 55
12 93
12 113
12 116
13 16
13 19
13 24
13 36
13 39
13 75
13 89
13 112
14 15
14 16
14 17
14 19
14 22
14 59
14 73
15 16
15 18
15 20
15 28
15 57
15 58
15 80
15 84
15 92
15 93
15 109
16 17
16 21
16 22
16 31
16 42
16 80
16 87
16 96
16 115
17 21
17 22
17 45
17 47
17 57
17 73
17 80
17 103
17 114
18 20
18 22
18 44
18 54
18 76
18 99
19 21
19 22
19 23
19 41
19 60
19 81
19 101
19 107
19 116
20 21
20 97
21 23
21 31
21 38
21 47
21 59
21 68
21 97
21 102
22 49
22 59
22 62
22 92
22 96
23 38
23 56
23 66
23 70
23 74
23 104
23 107
23 111
24 25
24 27
24 29
24 30
24 32
24 33
24 34
24 36
24 39
24 40
24 42
24 69
24 84
24 89
25 27
25 28
25 35
25 36
25 38
25 40
25 43
25 45
25 46
25 52
25 62
25 72
25 87
25 105
25 113
26 28
26 29
26 32
26 33
26 34
26 40
26 42
26 43
26 44
26 45
26 118
27 29
27 36
27 38
27 42
27 44
28 30
28 34
28 36
28 40
28 41
28 46
28 52
28 57
28 77
28 99
28 103
29 30
29 31
29 33
29 36
29 40
29 41
29 42
29 43
29 44
29 45
29 46
29 65
29 66
29 81
30 31
30 32
30 33
30 40
30 41
30 42
30 43
30 60
30 77
30 84
30 93
30 104
30 116
31 32
31 34
31 35
31 37
31 39
31 43
31 47
31 58
31 107
32 40
32 45
32 47
32 48
32 62
32 98
32 111
33 35
33 39
33 40
33 44
33 59
33 65
33 110
34 35
34 37
34 39
34 40
34 45
34 46
34 47
34 103
34 106
34 109
35 36
35 37
35 38
35 39
35 41
35 42
35 43
35 47
35 50
35 73
35 90
35 104
35 109
36 38
36 41
36 45
36 84
36 92
36 107
36 111
36 115
36 117
37 39
37 41
37 44
37 47
37 77
37 89
38 40
38 45
38 66
38 111
39 41
39 42
39 43
39 44
39 45
39 47
39 88
39 106
39 111
40 41
40 45
40 46
40 83
40 119
41 62
41 86
41 93
41 99
41 104
41 106
41 119
42 45
42 47
42 52
42 63
42 75
42 80
42 93
42 97
43 45
43 47
43 73
43 74
43 87
43 91
44 58
44 69
44 93
44 114
45 87
46 48
46 73
46 75
47 55
47 61
47 66
47 93
48 51
48 52
48 53
48 55
48 59
48 61
48 64
48 65
48 67
48 69
48 71
48 76
49 53
49 55
49 56
49 57
49 58
49 64
49 65
49 67
49 69
49 70
49 99
49 111
49 116
50 51
50 52
50 55
50 57
50 61
50 66
50 70
50 72
50 103
50 110
50 111
50 113
51 57
51 59
51 62
51 63
51 71
51 78
51 95
51 109
51 113
52 54
52 55
52 58
52 61
52 63
52 67
52 68
52 70
52 87
52 105
53 54
53 60
53 64
53 65
53 71
53 75
53 91
53 103
53 105
53 106
53 110
53 114
54 57
54 59
54 63
54 66
54 70
54 71
54 83
54 85
54 95
55 56
55 61
55 62
55 63
55 65
55 66
55 70
55 83
55 88
55 114
56 57
56 58
56 62
56 63
56 64
56 65
56 68
56 69
56 94
56 98
56 119
57 59
57 60
57 66
57 68
57 95
57 106
58 63
58 68
58 70
58 85
58 100
58 118
59 67
59 85
59 114
60 62
60 68
60 69
60 70
60 81
60 100
61 64
61 66
61 67
61 68
61 76
62 63
62 66
62 68
62 69
62 71
62 80
62 94
62 95
63 64
63 65
63 67
63 71
63 80
63 94
63 103
63 105
63 117
64 67
64 68
64 69
64 102
64 110
64 112
65 68
65 69
65 71
65 74
65 84
65 86
65 88
65 91
65 100
65 115
66 67
66 68
66 69
66 70
66 71
66 79
66 94
66 111
67 68
67 70
67 84
67 88
67 90
67 119
68 75
68 84
68 116
69 70
69 71
69 88
69 98
69 99
69 105
69 112
70 73
70 88
70 89
70 100
70 107
70 109
71 82
71 110
71 118
72 75
72 76
72 78
72 81
72 82
72 83
72 88
72 89
72 90
72 97
72 119
73 74
73 76
73 78
73 79
73 82
73 83
73 84
73 85
73 90
73 92
73 95
73 102
73 111
74 75
74 80
74 81
74 82
74 85
74 86
74 90
74 92
74 99
74 118
75 77
75 81
75 82
75 85
75 87
75 89
75 90
75 93
75 94
75 104
75 112
76 78
76 80
76 81
76 82
76 83
76 86
76 88
76 89
76 91
76 92
76 94
76 95
77 78
77 79
77 81
77 82
77 86
77 88
77 89
77 90
77 91
78 80
78 82
78 83
78 87
78 89
78 90
78 91
78 93
78 95
79 81
79 82
79 85
79 89
79 93
79 95
79 116
80 83
80 84
80 88
80 92
80 93
80 94
80 95
81 92
82 84
82 85
82 87
82 90
82 91
82 95
82 112
83 84
83 85
83 86
83 89
83 95
83 113
84 89
84 90
84 91
84 92
84 93
85 87
85 88
85 91
85 93
85 94
85 97
85 111
86 90
86 91
86 92
86 118
87 88
87 89
87 91
88 89
88 90
88 91
88 95
89 91
89 114
90 91
90 92
90 93
90 94
90 97
91 92
91 93
91 95
91 97
91 113
92 95
92 105
93 102
93 103
94 95
94 110
94 116
95 100
95 108
95 110
96 103
96 105
96 106
96 107
96 109
96 114
96 119
97 104
97 105
97 106
97 107
97 108
97 110
97 115
97 117
98 100
98 101
98 107
98 109
98 111
98 112
98 114
98 116
99 101
99 103
99 105
99 113
99 114
99 117
99 118
99 119
100 102
100 103
100 105
100 106
100 108
100 109
100 111
100 118
101 104
101 109
101 113
101 114
101 116
101 119
102 105
102 110
102 113
102 114
102 115
102 117
102 118
103 107
103 110
103 112
103 117
103 118
104 107
104 114
104 116
104 117
104 118
105 106
105 111
105 113
105 115
105 116
105 118
106 108
106 109
106 111
106 112
106 114
106 115
106 116
106 117
106 119
107 108
107 110
107 118
108 113
108 119
109 112
109 114
109 118
110 111
110 112
110 113
110 119
111 119
112 113
112 116
112 117
112 118
112 119
113 117
113 118
114 115
114 116
115 116
115 119
116 118
117 118
