0 6
0 7
0 9
0 10
0 13
0 17
0 18
0 20
0 23
0 25
0 26
0 33
0 34
0 38
0 44
0 49
0 51
0 54
0 57
0 58
0 60
0 61
0 62
0 64
0 67
0 68
0 76
0 78
0 83
0 85
0 90
0 91
0 92
0 93
0 95
0 96
0 97
0 100
0 101
0 103
0 109
0 110
0 111
0 112
0 116
0 117
1 2
1 7
1 9
1 13
1 14
1 16
1 17
1 19
1 23
1 29
1 31
1 38
1 42
1 43
1 45
1 48
1 49
1 52
1 53
1 59
1 61
1 62
1 64
1 67
1 70
1 71
1 81
1 84
1 89
1 90
1 92
1 94
1 95
1 96
1 101
1 102
1 104
1 110
1 111
1 113
1 117
1 118
2 4
2 7
2 11
2 12
2 13
2 15
2 20
2 24
2 30
2 32
2 34
2 36
2 37
2 39
2 40
2 43
2 46
2 49
2 54
2 57
2 62
2 66
2 67
2 71
2 79
2 81
2 88
2 94
2 96
2 97
2 98
2 101
2 103
2 110
2 112
2 116
3 6
3 15
3 19
3 23
3 27
3 28
3 32
3 45
3 49
3 53
3 55
3 56
3 58
3 59
3 64
3 68
3 73
3 74
3 81
3 87
3 88
3 90
3 91
3 93
3 95
3 105
3 107
3 115
3 117
3 119
4 6
4 7
4 8
4 9
4 10
4 11
4 13
4 17
4 28
4 35
4 36
4 42
4 46
4 51
4 53
4 55
4 57
4 61
4 71
4 73
4 76
4 78
4 79
4 83
4 88
4 91
4 95
4 97
4 100
4 106
4 107
4 108
4 111
4 115
4 119
5 8
5 10
5 12
5 13
5 16
5 20
5 29
5 35
5 37
5 45
5 49
5 50
5 51
5 52
5 60
5 69
5 70
5 74
5 76
5 78
5 80
5 81
5 83
5 88
5 90
5 92
5 97
5 98
5 100
5 101
5 103
5 106
5 109
5 110
5 111
5 112
5 115
5 116
5 118
6 10
6 11
6 12
6 13
6 20
6 21
6 22
6 28
6 30
6 32
6 34
6 36
6 45
6 46
6 47
6 62
6 65
6 67
6 69
6 70
6 75
6 77
6 84
6 86
6 90
6 96
6 97
6 98
6 100
6 102
6 103
6 106
6 111
6 114
6 115
6 116
6 119
7 10
7 12
7 23
7 24
7 27
7 28
7 31
7 34
7 35
7 36
7 38
7 40
7 42
7 44
7 52
7 53
7 55
7 58
7 59
7 62
7 65
7 66
7 69
7 71
7 75
7 77
7 81
7 84
7 87
7 91
7 94
7 96
7 97
7 99
7 101
7 104
7 105
7 113
7 118
8 11
8 12
8 16
8 18
8 21
8 22
8 24
8 28
8 30
8 33
8 34
8 35
8 36
8 38
8 40
8 41
8 43
8 45
8 46
8 48
8 50
8 51
8 52
8 53
8 55
8 56
8 57
8 59
8 60
8 77
8 80
8 83
8 86
8 93
8 94
8 97
8 100
8 101
8 104
8 106
8 107
8 109
8 110
8 117
8 119
9 13
9 16
9 17
9 22
9 25
9 28
9 33
9 34
9 43
9 44
9 45
9 46
9 49
9 50
9 52
9 53
9 54
9 55
9 56
9 58
9 62
9 64
9 65
9 68
9 71
9 73
9 79
9 81
9 83
9 86
9 88
9 92
9 97
9 98
9 100
9 107
9 108
9 109
9 110
9 112
9 113
10 13
10 17
10 20
10 22
10 23
10 29
10 32
10 34
10 35
10 36
10 39
10 41
10 42
10 46
10 49
10 51
10 52
10 55
10 60
10 61
10 66
10 69
10 76
10 83
10 86
10 87
10 89
10 90
10 91
10 92
10 98
10 100
10 102
10 104
10 105
10 108
10 109
10 110
10 111
10 112
10 114
10 116
10 119
11 12
11 13
11 15
11 17
11 21
11 23
11 24
11 27
11 28
11 29
11 35
11 36
11 40
11 43
11 45
11 47
11 51
11 52
11 54
11 60
11 65
11 73
11 80
11 82
11 85
11 87
11 89
11 91
11 92
11 93
11 96
11 97
11 98
11 100
11 103
11 104
11 105
11 107
11 108
11 110
11 111
11 112
11 114
11 118
11 119
12 16
12 17
12 19
12 29
12 33
12 35
12 37
12 39
12 40
12 43
12 49
12 50
12 52
12 53
12 54
12 55
12 67
12 69
12 77
12 79
12 82
12 84
12 90
12 100
12 102
12 108
12 113
13 15
13 19
13 24
13 25
13 28
13 29
13 36
13 37
13 38
13 40
13 41
13 46
13 47
13 49
13 50
13 58
13 60
13 62
13 65
13 66
13 67
13 69
13 70
13 71
13 79
13 80
13 82
13 89
13 92
13 94
13 95
13 96
13 97
13 99
13 100
13 101
13 105
13 110
13 111
13 112
13 113
13 114
13 117
14 18
14 19
14 25
14 26
14 29
14 31
14 32
14 34
14 35
14 36
14 42
14 43
14 48
14 49
14 58
14 62
14 63
14 66
14 69
14 79
14 80
14 85
14 86
14 87
14 89
14 90
14 92
14 98
14 101
14 111
14 112
14 115
14 119
15 17
15 19
15 20
15 26
15 27
15 28
15 32
15 35
15 41
15 44
15 45
15 51
15 56
15 60
15 62
15 65
15 72
15 76
15 79
15 82
15 85
15 95
15 99
15 101
15 102
15 104
15 109
15 111
15 113
15 114
15 115
15 117
16 17
16 18
16 21
16 23
16 25
16 28
16 33
16 34
16 36
16 37
16 41
16 42
16 43
16 44
16 46
16 47
16 49
16 57
16 58
16 59
16 62
16 64
16 67
16 72
16 74
16 75
16 78
16 82
16 85
16 86
16 88
16 91
16 99
16 101
16 103
16 104
16 106
16 107
16 110
16 112
16 115
16 116
16 118
16 119
17 20
17 24
17 25
17 26
17 32
17 34
17 37
17 38
17 39
17 41
17 42
17 43
17 44
17 45
17 49
17 50
17 51
17 53
17 59
17 60
17 61
17 63
17 70
17 72
17 73
17 74
17 76
17 78
17 84
17 86
17 89
17 90
17 94
17 97
17 98
17 99
17 101
17 102
17 103
17 107
17 109
17 110
17 112
17 115
17 117
18 20
18 24
18 28
18 29
18 37
18 41
18 42
18 44
18 45
18 47
18 55
18 60
18 62
18 63
18 66
18 69
18 70
18 74
18 75
18 77
18 79
18 81
18 87
18 88
18 89
18 94
18 95
18 100
18 101
18 103
18 104
18 106
18 107
18 108
18 109
18 113
18 117
19 20
19 22
19 24
19 29
19 33
19 34
19 36
19 38
19 39
19 45
19 50
19 54
19 55
19 58
19 67
19 73
19 76
19 79
19 84
19 85
19 87
19 91
19 102
19 104
19 107
19 112
19 113
19 114
19 116
20 23
20 24
20 27
20 28
20 31
20 35
20 38
20 44
20 49
20 51
20 52
20 55
20 61
20 64
20 65
20 70
20 71
20 72
20 73
20 76
20 80
20 83
20 86
20 87
20 92
20 95
20 97
20 99
20 100
20 103
20 105
20 107
20 108
20 112
20 113
20 115
20 117
20 119
21 22
21 23
21 25
21 26
21 28
21 32
21 33
21 34
21 35
21 39
21 41
21 43
21 45
21 48
21 52
21 55
21 58
21 59
21 61
21 64
21 68
21 77
21 79
21 80
21 81
21 86
21 87
21 91
21 94
21 95
21 97
21 104
21 108
21 111
21 112
21 114
21 116
21 117
21 119
22 24
22 26
22 27
22 28
22 29
22 31
22 32
22 33
22 34
22 35
22 37
22 39
22 44
22 46
22 47
22 48
22 49
22 51
22 52
22 56
22 63
22 66
22 67
22 73
22 74
22 76
22 79
22 83
22 85
22 86
22 88
22 92
22 95
22 97
22 102
22 103
22 106
22 107
22 109
22 116
22 119
23 24
23 28
23 32
23 34
23 39
23 41
23 42
23 43
23 44
23 46
23 47
23 50
23 53
23 54
23 57
23 60
23 61
23 62
23 63
23 72
23 75
23 76
23 78
23 80
23 82
23 83
23 87
23 90
23 96
23 107
23 108
23 113
23 115
24 25
24 34
24 35
24 37
24 39
24 41
24 45
24 46
24 49
24 51
24 52
24 53
24 54
24 56
24 63
24 66
24 67
24 72
24 75
24 76
24 77
24 78
24 79
24 81
24 85
24 87
24 91
24 93
24 100
24 104
24 105
24 108
24 109
24 111
24 113
24 115
24 116
24 117
24 119
25 35
25 37
25 38
25 39
25 40
25 42
25 47
25 50
25 52
25 56
25 57
25 59
25 60
25 64
25 68
25 79
25 82
25 93
25 98
25 101
25 102
25 108
25 110
25 113
25 116
26 29
26 34
26 37
26 40
26 43
26 46
26 49
26 50
26 52
26 53
26 54
26 59
26 61
26 64
26 65
26 70
26 71
26 73
26 78
26 81
26 85
26 87
26 88
26 91
26 93
26 96
26 101
26 102
26 103
26 108
26 109
26 111
27 29
27 33
27 36
27 37
27 42
27 50
27 51
27 53
27 60
27 65
27 68
27 70
27 74
27 75
27 77
27 82
27 83
27 86
27 88
27 89
27 90
27 93
27 94
27 100
27 106
27 114
27 115
28 29
28 30
28 31
28 33
28 36
28 40
28 42
28 47
28 50
28 51
28 54
28 56
28 62
28 67
28 68
28 70
28 72
28 75
28 82
28 83
28 85
28 88
28 95
28 103
28 105
28 106
28 110
28 112
29 30
29 35
29 41
29 43
29 44
29 45
29 49
29 50
29 52
29 53
29 58
29 59
29 62
29 64
29 67
29 68
29 72
29 74
29 83
29 92
29 95
29 99
29 100
29 103
29 104
29 106
29 109
29 110
29 111
29 115
29 118
29 119
30 31
30 32
30 36
30 37
30 39
30 55
30 56
30 66
30 68
30 70
30 75
30 79
30 80
30 85
30 88
30 92
30 93
30 94
30 95
30 104
30 105
30 109
30 110
30 116
31 32
31 38
31 44
31 46
31 47
31 48
31 50
31 57
31 64
31 66
31 67
31 71
31 73
31 75
31 76
31 77
31 80
31 81
31 84
31 86
31 91
31 95
31 101
31 103
31 106
31 109
31 111
31 112
31 114
31 116
31 118
32 34
32 35
32 36
32 40
32 46
32 47
32 49
32 53
32 55
32 57
32 59
32 60
32 62
32 63
32 64
32 65
32 66
32 69
32 76
32 79
32 83
32 85
32 89
32 92
32 95
32 99
32 101
32 103
32 104
32 111
32 113
32 115
32 116
32 117
33 34
33 35
33 36
33 37
33 38
33 40
33 41
33 43
33 45
33 48
33 51
33 54
33 60
33 64
33 67
33 69
33 71
33 77
33 79
33 85
33 87
33 92
33 93
33 95
33 96
33 97
33 98
33 101
33 106
33 108
33 109
33 112
33 115
33 116
33 118
34 36
34 39
34 40
34 42
34 46
34 48
34 54
34 55
34 56
34 58
34 59
34 60
34 63
34 64
34 65
34 68
34 69
34 72
34 78
34 79
34 82
34 88
34 90
34 91
34 92
34 101
34 105
34 107
34 108
34 110
34 112
34 114
35 42
35 43
35 48
35 52
35 54
35 55
35 58
35 61
35 62
35 63
35 64
35 67
35 69
35 73
35 78
35 81
35 84
35 86
35 87
35 93
35 94
35 95
35 96
35 98
35 99
35 102
35 104
35 108
35 109
35 111
35 114
35 115
35 116
35 118
36 38
36 39
36 40
36 42
36 44
36 47
36 49
36 54
36 60
36 62
36 65
36 73
36 74
36 75
36 76
36 78
36 79
36 81
36 82
36 83
36 84
36 86
36 89
36 90
36 92
36 94
36 97
36 99
36 101
36 104
36 107
36 108
36 112
36 115
36 116
36 117
36 118
37 38
37 40
37 41
37 42
37 45
37 50
37 51
37 54
37 56
37 62
37 65
37 67
37 70
37 73
37 75
37 78
37 81
37 82
37 83
37 85
37 87
37 90
37 91
37 98
37 103
37 106
37 107
37 108
37 110
37 113
37 116
37 117
37 119
38 40
38 41
38 47
38 49
38 53
38 54
38 55
38 57
38 58
38 61
38 62
38 63
38 69
38 70
38 74
38 76
38 78
38 79
38 81
38 84
38 86
38 88
38 90
38 93
38 94
38 97
38 100
38 102
38 104
38 109
38 112
38 115
38 116
38 117
38 119
39 41
39 43
39 46
39 49
39 50
39 58
39 59
39 61
39 62
39 66
39 68
39 69
39 73
39 75
39 76
39 81
39 82
39 83
39 85
39 92
39 93
39 94
39 100
39 105
39 109
39 111
39 117
40 42
40 43
40 46
40 48
40 51
40 53
40 55
40 58
40 60
40 62
40 64
40 65
40 67
40 69
40 72
40 73
40 74
40 75
40 76
40 79
40 80
40 89
40 90
40 94
40 95
40 96
40 97
40 98
40 105
40 110
40 112
40 116
40 118
41 42
41 49
41 51
41 52
41 56
41 58
41 59
41 65
41 66
41 77
41 82
41 85
41 86
41 87
41 90
41 91
41 93
41 94
41 96
41 102
41 104
41 108
41 109
42 50
42 53
42 54
42 57
42 59
42 64
42 65
42 68
42 71
42 72
42 77
42 78
42 81
42 88
42 94
42 99
42 104
42 107
42 109
42 110
42 112
42 116
42 118
43 44
43 50
43 52
43 56
43 58
43 61
43 63
43 67
43 71
43 73
43 74
43 75
43 77
43 79
43 80
43 84
43 86
43 88
43 89
43 90
43 99
43 101
43 108
43 109
43 114
43 116
43 117
43 119
44 45
44 48
44 49
44 55
44 58
44 60
44 61
44 63
44 74
44 76
44 77
44 83
44 84
44 85
44 89
44 93
44 95
44 99
44 100
44 103
44 112
44 113
44 116
45 55
45 56
45 63
45 67
45 68
45 71
45 72
45 75
45 78
45 79
45 83
45 84
45 86
45 90
45 92
45 93
45 94
45 95
45 105
45 107
45 115
45 116
45 118
45 119
46 49
46 50
46 55
46 56
46 60
46 61
46 62
46 64
46 67
46 70
46 72
46 75
46 76
46 80
46 86
46 87
46 88
46 90
46 93
46 94
46 97
46 99
46 102
46 103
46 104
46 108
46 109
46 111
46 114
46 117
47 50
47 57
47 58
47 59
47 64
47 65
47 66
47 67
47 72
47 73
47 76
47 77
47 78
47 79
47 81
47 82
47 83
47 86
47 87
47 89
47 91
47 94
47 98
47 99
47 100
47 104
47 105
47 109
47 113
47 114
47 115
47 118
47 119
48 54
48 55
48 58
48 59
48 62
48 65
48 69
48 75
48 87
48 94
48 95
48 97
48 98
48 104
48 106
48 107
48 108
48 109
48 110
48 112
48 114
48 119
49 52
49 56
49 62
49 64
49 69
49 82
49 83
49 85
49 86
49 87
49 89
49 90
49 92
49 96
49 98
49 99
49 105
49 106
49 107
49 108
49 109
49 111
49 116
49 117
49 118
50 54
50 56
50 62
50 63
50 64
50 65
50 67
50 68
50 70
50 71
50 73
50 75
50 78
50 79
50 83
50 85
50 87
50 89
50 102
50 103
50 107
50 108
50 109
50 111
50 112
50 114
50 115
50 116
50 118
51 53
51 55
51 56
51 57
51 59
51 61
51 63
51 64
51 67
51 71
51 72
51 75
51 78
51 86
51 96
51 99
51 100
51 101
51 103
51 105
51 113
52 54
52 55
52 63
52 66
52 67
52 72
52 77
52 78
52 80
52 81
52 87
52 90
52 94
52 101
52 103
52 104
52 107
52 108
52 109
52 112
52 114
52 116
52 119
53 54
53 60
53 61
53 62
53 63
53 68
53 69
53 70
53 71
53 72
53 73
53 74
53 75
53 76
53 78
53 85
53 87
53 89
53 94
53 98
53 99
53 100
53 105
53 106
53 107
53 113
53 116
53 118
54 58
54 60
54 61
54 62
54 75
54 78
54 81
54 83
54 86
54 90
54 92
54 95
54 97
54 100
54 103
54 107
54 109
54 111
54 112
54 113
54 116
54 118
55 56
55 58
55 59
55 60
55 63
55 64
55 67
55 74
55 76
55 77
55 78
55 79
55 83
55 85
55 86
55 95
55 96
55 100
55 102
55 103
55 104
55 105
55 106
55 108
55 112
55 115
55 118
56 58
56 63
56 64
56 65
56 66
56 67
56 70
56 76
56 80
56 85
56 92
56 93
56 95
56 96
56 97
56 99
56 105
56 106
56 111
56 115
56 116
56 118
57 59
57 65
57 66
57 68
57 79
57 87
57 88
57 90
57 99
57 101
57 102
57 103
57 112
57 115
57 119
58 60
58 61
58 62
58 65
58 68
58 69
58 77
58 79
58 82
58 86
58 87
58 88
58 92
58 94
58 95
58 97
58 105
58 115
58 118
58 119
59 60
59 61
59 65
59 67
59 80
59 81
59 83
59 84
59 85
59 90
59 98
59 100
59 107
59 109
59 110
59 116
59 117
60 65
60 72
60 73
60 84
60 86
60 87
60 89
60 96
60 102
60 103
60 108
60 109
60 111
60 113
60 118
61 64
61 66
61 70
61 71
61 73
61 77
61 78
61 79
61 83
61 85
61 87
61 98
61 107
61 112
61 114
61 115
62 64
62 65
62 66
62 72
62 75
62 77
62 82
62 83
62 84
62 87
62 92
62 95
62 96
62 100
62 101
62 105
62 110
62 111
62 112
62 114
62 116
62 117
62 118
63 64
63 66
63 68
63 70
63 83
63 90
63 93
63 94
63 96
63 97
63 99
63 102
63 104
63 109
63 112
63 116
63 117
64 66
64 77
64 79
64 80
64 87
64 89
64 92
64 99
64 100
64 101
64 103
64 104
64 107
64 110
64 114
64 115
64 116
64 119
65 71
65 72
65 73
65 77
65 81
65 83
65 84
65 85
65 86
65 88
65 92
65 93
65 94
65 97
65 99
65 101
65 113
65 115
65 116
65 117
66 67
66 74
66 76
66 84
66 85
66 92
66 93
66 96
66 103
66 112
66 116
66 118
67 68
67 73
67 75
67 78
67 80
67 82
67 83
67 84
67 86
67 88
67 90
67 95
67 97
67 100
67 101
67 102
67 103
67 104
67 106
67 107
67 111
67 112
67 113
67 116
67 117
67 118
68 72
68 74
68 76
68 79
68 81
68 82
68 88
68 90
68 99
68 101
68 102
68 104
68 108
68 109
68 112
68 119
69 71
69 72
69 76
69 78
69 81
69 83
69 87
69 91
69 92
69 93
69 96
69 98
69 102
69 104
69 105
69 107
69 109
69 115
69 116
69 118
70 71
70 72
70 76
70 77
70 78
70 81
70 85
70 86
70 88
70 90
70 92
70 96
70 97
70 102
70 103
70 104
70 105
70 106
70 110
70 116
71 72
71 75
71 78
71 84
71 86
71 91
71 95
71 96
71 98
71 102
71 106
71 108
71 111
71 115
71 118
72 79
72 86
72 90
72 93
72 94
72 95
72 99
72 102
72 104
72 105
72 106
72 110
72 111
72 115
73 77
73 81
73 83
73 85
73 86
73 87
73 92
73 96
73 97
73 98
73 100
73 103
73 104
73 105
73 106
74 80
74 83
74 96
74 98
74 99
74 100
74 106
74 107
74 110
74 112
75 80
75 81
75 90
75 91
75 94
75 95
75 103
75 105
75 110
75 111
75 112
75 115
75 119
76 87
76 89
76 94
76 95
76 96
76 97
76 98
76 99
76 101
76 102
76 103
76 108
76 110
76 112
77 82
77 83
77 84
77 85
77 86
77 88
77 89
77 90
77 91
77 92
77 94
77 98
77 101
77 110
77 111
77 112
77 113
78 79
78 80
78 82
78 84
78 86
78 88
78 92
78 96
78 97
78 99
78 100
78 102
78 103
78 110
78 112
78 113
78 118
79 81
79 82
79 84
79 87
79 88
79 89
79 91
79 99
79 102
79 104
79 108
79 110
79 111
79 112
79 116
79 118
80 83
80 86
80 96
80 99
80 102
80 105
80 110
80 111
80 114
80 118
81 82
81 83
81 85
81 89
81 92
81 95
81 97
81 103
81 105
81 107
81 109
81 117
81 119
82 86
82 90
82 93
82 95
82 98
82 99
82 101
82 102
82 103
82 110
82 111
82 114
82 115
82 118
82 119
83 85
83 91
83 93
83 95
83 96
83 98
83 103
83 104
83 105
83 109
83 113
84 86
84 87
84 90
84 97
84 98
84 102
84 104
84 108
84 111
85 86
85 89
85 91
85 92
85 93
85 96
85 106
85 109
85 110
85 111
85 116
86 87
86 89
86 91
86 100
86 102
86 106
86 108
86 110
86 112
86 115
86 117
87 92
87 94
87 95
87 97
87 101
87 103
87 114
88 89
88 91
88 106
88 107
88 108
88 112
88 113
88 115
88 117
88 118
89 91
89 93
89 95
89 97
89 100
89 102
89 104
89 105
89 107
89 108
89 110
89 118
90 91
90 92
90 96
90 98
90 107
90 108
90 109
90 111
90 114
90 118
91 94
91 95
91 96
91 97
91 106
91 108
91 109
91 112
91 116
91 117
92 93
92 94
92 95
92 97
92 98
92 100
92 102
92 104
92 105
92 106
92 110
92 112
92 114
92 119
93 97
93 100
93 114
94 98
94 99
94 108
94 109
94 113
94 115
94 116
95 96
95 97
95 98
95 102
95 108
95 109
95 111
95 113
95 116
95 119
96 101
96 102
96 108
96 111
96 113
96 117
96 118
97 98
97 100
97 102
97 104
97 109
97 114
97 116
98 100
98 101
98 108
98 110
98 116
98 118
98 119
99 102
99 106
99 108
99 110
99 111
99 112
99 113
99 116
100 101
100 102
100 103
100 105
100 112
100 113
100 114
100 117
100 118
100 119
101 104
101 106
101 109
101 110
101 113
101 114
101 117
101 118
102 105
102 106
102 107
102 111
102 114
102 116
102 117
102 119
103 108
103 112
103 115
103 117
104 105
104 106
104 109
104 110
104 111
104 113
104 115
105 107
105 109
105 111
105 113
105 116
105 117
105 119
106 107
106 111
106 112
106 114
106 115
106 116
107 108
107 112
107 115
107 117
107 118
107 119
108 112
109 113
109 115
109 118
110 111
110 112
110 113
110 114
110 118
110 119
111 117
111 119
112 113
112 114
112 118
113 114
114 115
114 119
115 116
115 119
116 117
117 118
