0 1
0 2
0 3
0 4
0 5
0 6
0 7
0 8
0 9
0 10
0 11
0 12
0 13
0 14
0 15
0 16
0 17
0 18
0 20
0 22
0 23
0 25
0 29
0 33
0 34
0 36
0 39
0 42
0 43
0 45
0 51
0 54
0 58
0 60
0 62
0 71
0 75
0 82
0 83
0 85
0 88
0 92
0 93
0 97
0 99
0 101
0 113
0 114
1 11
1 12
1 13
1 14
1 17
1 19
1 20
1 25
1 27
1 28
1 31
1 34
1 42
1 44
1 50
1 56
1 63
1 64
1 65
1 67
1 76
1 77
1 85
1 92
1 104
1 118
2 11
2 12
2 13
2 15
2 17
2 19
2 21
2 23
2 26
2 29
2 32
2 37
2 41
2 54
2 56
2 62
2 68
2 108
2 111
2 112
3 11
3 12
3 13
3 14
3 15
3 16
3 18
3 20
3 23
3 24
3 28
3 30
3 33
3 34
3 35
3 38
3 40
3 41
3 48
3 49
3 55
3 65
3 72
3 84
3 99
3 104
3 111
3 119
4 11
4 12
4 14
4 15
4 16
4 21
4 22
4 24
4 47
4 49
4 53
4 59
4 67
4 76
4 83
4 86
4 99
4 104
4 111
5 11
5 12
5 13
5 17
5 19
5 22
5 25
5 27
5 31
5 32
5 37
5 43
5 56
5 57
5 70
5 75
5 94
5 103
5 105
5 109
6 11
6 13
6 14
6 15
6 16
6 17
6 19
6 23
6 25
6 30
6 32
6 40
6 44
6 45
6 46
6 51
6 54
6 62
6 84
6 85
6 89
6 91
6 115
6 119
7 12
7 22
7 71
8 11
8 12
8 13
8 14
8 15
8 16
8 18
8 20
8 21
8 22
8 25
8 27
8 29
8 32
8 35
8 36
8 37
8 38
8 39
8 40
8 44
8 46
8 49
8 52
8 60
8 69
8 74
8 79
8 82
8 84
8 90
8 96
8 116
8 118
9 11
9 18
9 27
9 31
9 69
9 82
9 102
9 112
10 11
10 12
10 13
10 14
10 16
10 17
10 19
10 20
10 22
10 29
10 33
10 36
10 41
10 46
10 47
10 48
10 50
10 57
10 60
10 69
10 72
10 73
10 75
10 77
10 78
10 94
10 105
10 111
11 12
11 13
11 14
11 15
11 16
11 18
11 20
11 21
11 23
11 24
11 25
11 28
11 29
11 32
11 33
11 38
11 39
11 40
11 42
11 43
11 44
11 45
11 50
11 52
11 62
11 70
11 76
11 82
11 83
11 88
11 95
11 97
11 100
11 109
11 110
11 117
12 13
12 14
12 15
12 16
12 17
12 18
12 20
12 21
12 22
12 25
12 26
12 27
12 28
12 30
12 31
12 32
12 33
12 34
12 35
12 37
12 38
12 40
12 47
12 49
12 50
12 53
12 55
12 56
12 60
12 61
12 63
12 64
12 66
12 71
12 77
12 85
12 86
12 89
12 95
12 97
12 108
12 114
12 116
13 14
13 15
13 16
13 18
13 21
13 23
13 24
13 26
13 27
13 29
13 35
13 40
13 42
13 47
13 49
13 50
13 53
13 61
13 64
13 65
13 78
13 79
13 81
13 107
14 15
14 16
14 17
14 18
14 19
14 24
14 27
14 28
14 29
14 32
14 36
14 46
14 47
14 48
14 51
14 54
14 57
14 60
14 72
14 73
14 90
14 94
14 96
14 97
14 103
14 109
14 112
14 114
15 17
15 18
15 19
15 21
15 22
15 23
15 28
15 30
15 32
15 34
15 35
15 39
15 40
15 43
15 53
15 58
15 60
15 61
15 66
15 68
15 69
15 78
15 85
15 87
15 89
15 93
15 101
15 102
15 110
15 114
16 17
16 18
16 19
16 20
16 23
16 24
16 25
16 27
16 31
16 32
16 33
16 40
16 49
16 51
16 55
16 61
16 66
16 71
16 84
16 86
16 87
16 96
16 98
16 100
16 105
16 111
16 113
16 115
16 116
16 118
17 19
17 20
17 21
17 26
17 30
17 31
17 36
17 37
17 44
17 47
17 59
17 78
17 81
17 92
17 93
17 96
17 97
17 99
17 105
17 115
17 118
17 119
18 19
18 21
18 24
18 26
18 28
18 29
18 36
18 42
18 43
18 52
18 54
18 68
18 84
18 100
18 102
18 117
18 119
19 20
19 22
19 23
19 24
19 26
19 27
19 28
19 31
19 33
19 35
19 36
19 37
19 41
19 43
19 45
19 47
19 50
19 58
19 59
19 65
19 69
19 72
19 76
19 78
19 79
19 80
19 82
19 94
19 95
19 105
19 108
20 21
20 24
20 25
20 30
20 34
20 37
20 52
20 54
20 62
20 74
20 93
20 94
20 95
20 98
20 113
20 114
21 22
21 23
21 27
21 29
21 34
21 35
21 38
21 39
21 40
21 42
21 43
21 44
21 48
21 51
21 56
21 61
21 67
21 74
21 76
21 79
21 80
21 82
21 86
21 87
21 89
21 103
21 115
21 116
21 119
22 24
22 26
22 31
22 39
22 42
22 46
22 47
22 50
22 51
22 69
22 78
22 79
22 80
22 85
22 96
22 99
22 110
22 119
23 26
23 28
23 30
23 31
23 33
23 35
23 41
23 56
23 58
23 63
23 66
23 73
23 76
23 77
23 93
23 95
23 112
23 118
24 25
24 26
24 34
24 52
24 58
24 61
24 62
24 67
24 70
24 75
24 91
24 96
24 101
24 102
25 26
25 30
25 42
25 46
25 47
25 50
25 52
25 54
25 59
25 64
25 74
25 92
25 96
26 30
26 32
26 33
26 34
26 38
26 39
26 41
26 46
26 48
26 51
26 53
26 54
26 59
26 65
26 68
26 70
26 77
26 78
26 87
26 88
26 95
26 98
26 100
26 106
26 108
26 110
26 111
26 112
26 113
26 118
27 28
27 29
27 30
27 46
27 50
27 60
27 69
27 78
27 81
27 88
27 105
28 34
28 44
28 45
28 48
28 66
28 68
28 83
28 101
28 102
29 31
29 33
29 35
29 37
29 38
29 39
29 51
29 52
29 54
29 57
29 58
29 60
29 64
29 70
29 72
29 74
29 77
29 78
29 83
29 86
29 92
29 104
29 105
30 38
30 39
30 43
30 45
30 52
30 53
30 61
30 65
30 70
30 79
30 81
30 83
30 90
30 112
30 114
31 36
31 38
31 43
31 57
31 64
31 71
31 99
31 116
31 118
32 45
32 52
32 67
32 76
32 83
32 106
32 108
33 38
33 41
33 42
33 53
33 70
33 89
34 35
34 36
34 40
34 46
34 48
34 49
34 56
34 59
34 61
34 70
34 73
34 74
34 86
34 97
34 110
34 118
35 36
35 37
35 43
35 44
35 50
35 58
35 70
35 72
35 73
35 78
35 81
35 89
35 113
35 114
35 116
36 37
36 73
36 92
36 99
37 41
37 44
37 47
37 51
37 58
37 60
37 63
37 71
37 75
37 76
37 79
37 81
37 85
37 86
37 87
37 93
37 97
37 104
37 106
37 107
37 108
37 109
37 117
38 39
38 41
38 48
38 53
38 55
38 56
38 70
38 90
38 100
39 41
39 48
39 57
39 61
39 63
39 72
39 90
39 101
39 106
40 42
40 44
40 49
40 55
40 62
40 66
40 73
40 76
40 82
40 94
40 100
40 101
40 103
41 45
41 73
41 75
41 81
41 82
41 84
41 95
41 97
41 98
41 100
41 101
42 45
42 48
42 55
42 56
42 71
42 87
42 107
43 55
43 113
43 117
44 45
44 46
44 55
44 63
44 64
44 66
44 72
44 74
44 80
44 84
44 90
44 98
44 107
44 111
44 118
45 49
45 51
45 59
45 63
45 65
45 75
45 77
45 95
45 115
46 55
46 57
46 62
46 63
46 68
46 75
46 81
46 85
46 87
46 90
46 101
46 105
46 111
47 86
47 115
48 49
48 52
48 53
48 56
48 57
48 65
48 66
48 67
48 71
48 72
48 102
48 107
48 113
49 58
49 61
49 64
49 75
49 83
49 110
50 55
50 57
50 68
50 71
50 76
50 77
50 86
50 89
50 91
50 108
51 66
51 67
51 69
51 74
51 81
51 87
51 88
51 107
51 113
51 119
52 53
52 63
52 65
52 69
52 87
52 110
52 112
53 54
53 59
53 60
53 82
53 89
53 91
53 92
53 99
54 59
54 67
54 68
54 72
54 116
55 58
55 59
55 73
55 77
55 80
55 86
55 88
55 92
55 116
56 57
56 64
56 67
56 79
56 106
57 67
57 68
57 87
57 100
57 102
58 62
58 63
58 66
58 82
58 98
58 107
58 112
59 62
59 80
59 84
59 93
59 114
59 117
60 68
60 80
60 88
60 91
60 95
60 106
60 108
60 117
61 64
61 65
61 73
61 74
61 83
61 91
61 92
61 93
61 98
61 105
61 110
61 119
62 103
62 115
63 80
63 84
63 113
64 89
64 91
64 98
64 109
64 114
65 77
65 90
65 103
65 116
66 69
66 74
66 81
66 91
66 101
66 103
67 71
67 80
67 94
67 96
67 97
68 90
68 96
68 97
68 103
68 107
68 109
69 98
69 102
69 110
70 79
70 92
70 98
71 99
71 100
71 102
71 106
71 111
71 118
71 119
72 109
72 117
73 79
73 94
73 106
73 115
74 75
74 94
74 99
75 91
75 110
76 88
76 103
76 109
77 80
77 84
77 93
77 116
78 95
79 85
79 88
80 91
80 103
81 83
81 112
82 104
82 107
83 89
83 94
83 96
83 111
84 85
84 104
84 113
85 88
85 93
86 105
87 104
88 90
90 100
90 104
90 112
92 109
94 102
97 101
98 106
98 108
98 119
101 106
101 108
101 117
102 107
103 104
103 109
103 115
105 114
107 117
108 117
110 115
