0 1
0 5
1 2
1 6
1 5
2 3
2 7
2 6
3 4
3 8
3 7
4 9
4 8
5 6
5 10
5 11
6 7
6 11
6 12
7 8
7 12
7 13
8 9
8 13
8 14
9 14
10 11
10 15
11 12
11 16
11 15
12 13
12 17
12 16
13 14
13 18
13 17
14 19
14 18
15 16
15 20
15 21
16 17
16 21
16 22
17 18
17 22
17 23
18 19
18 23
18 24
19 24
20 21
20 25
21 22
21 26
21 25
22 23
22 27
22 26
23 24
23 28
23 27
24 29
24 28
25 26
25 30
25 31
26 27
26 31
26 32
27 28
27 32
27 33
28 29
28 33
28 34
29 34
30 31
30 35
31 32
31 36
31 35
32 33
32 37
32 36
33 34
33 38
33 37
34 39
34 38
35 36
35 40
35 41
36 37
36 41
36 42
37 38
37 42
37 43
38 39
38 43
38 44
39 44
40 41
41 42
42 43
43 44
