0 1
0 2
0 3
0 4
0 5
0 6
0 7
0 8
0 10
0 11
0 13
0 15
0 17
0 21
0 22
0 30
0 32
0 38
0 39
0 43
0 53
0 56
0 58
0 60
0 61
0 66
0 71
0 81
0 85
0 91
0 96
0 111
0 117
1 7
1 8
1 9
1 20
1 34
1 36
1 42
1 45
1 68
1 101
1 109
1 110
1 111
2 6
2 11
2 16
2 18
2 61
2 69
2 79
2 97
2 102
2 106
3 6
3 7
3 14
3 15
3 25
3 26
3 28
3 30
3 41
3 67
3 74
3 78
3 82
4 6
4 7
4 8
4 9
4 11
4 12
4 13
4 25
4 33
4 67
4 89
4 94
4 95
4 108
4 110
5 6
5 10
5 31
5 50
5 75
5 79
5 113
6 7
6 8
6 9
6 11
6 12
6 14
6 16
6 34
6 37
6 38
6 56
6 65
6 76
6 84
6 89
6 108
6 112
6 114
7 8
7 9
7 10
7 12
7 13
7 19
7 20
7 22
7 23
7 26
7 28
7 31
7 32
7 35
7 37
7 39
7 40
7 49
7 51
7 53
7 58
7 59
7 61
7 62
7 75
7 80
7 81
7 87
7 93
7 95
7 98
7 103
7 117
8 9
8 10
8 11
8 13
8 14
8 15
8 23
8 24
8 27
8 29
8 39
8 40
8 41
8 45
8 55
8 57
8 58
8 70
8 73
8 79
8 80
8 89
8 94
8 103
8 105
8 107
8 110
9 10
9 12
9 21
9 27
9 29
9 32
9 33
9 41
9 44
9 52
9 54
9 62
9 74
9 78
9 84
9 86
9 88
9 116
10 12
10 18
10 20
10 30
10 32
10 46
10 50
10 63
10 64
10 78
10 83
10 90
10 97
11 13
11 15
11 16
11 17
11 19
11 21
11 24
11 26
11 30
11 35
11 36
11 39
11 42
11 51
11 68
11 69
11 72
11 93
11 97
11 99
11 101
11 104
11 112
11 115
12 14
12 15
12 16
12 21
12 22
12 24
12 27
12 33
13 14
13 17
13 18
13 19
13 20
13 26
13 27
13 28
13 35
13 38
13 43
13 44
13 50
13 57
13 60
13 71
13 75
13 83
13 84
13 85
13 99
13 100
13 101
14 16
14 17
14 18
14 19
14 22
14 27
14 30
14 31
14 35
14 36
14 43
14 44
14 46
14 48
14 66
14 75
14 80
14 87
14 96
15 17
15 18
15 19
15 23
15 24
15 25
15 26
15 31
15 33
15 40
15 47
15 48
15 54
15 56
15 60
15 73
15 81
15 82
15 96
15 99
15 102
15 107
16 37
16 42
16 52
16 66
16 72
16 77
16 86
16 112
16 118
17 47
17 54
17 61
17 93
17 94
17 102
18 20
18 24
18 57
18 63
18 76
18 106
18 116
19 21
19 23
19 28
19 35
19 36
19 41
19 54
19 59
19 74
19 87
19 89
19 109
19 114
20 25
20 60
20 64
20 82
20 99
20 105
20 115
21 22
21 23
21 25
21 29
21 38
21 39
21 45
21 51
21 55
21 58
21 62
21 65
21 68
21 69
21 72
21 79
21 89
21 92
21 93
21 103
21 104
21 110
22 42
22 55
22 65
22 70
22 84
23 29
23 33
23 56
23 57
23 62
23 65
23 70
23 81
23 93
23 104
24 28
24 32
24 34
24 49
24 51
24 53
24 59
24 73
24 101
25 31
25 34
25 37
25 40
25 43
25 44
25 51
25 53
25 55
25 59
25 60
25 61
25 62
25 75
25 86
25 90
25 97
25 111
26 29
26 67
26 71
26 96
27 47
27 63
27 118
28 49
29 48
29 50
29 58
29 64
29 67
30 44
30 45
30 48
30 59
30 71
30 77
30 83
30 91
30 95
30 98
30 109
30 116
31 34
31 36
31 38
31 40
31 43
31 46
31 68
31 69
31 80
31 85
31 88
31 99
31 108
31 114
31 119
32 46
32 57
32 69
32 72
32 73
32 91
32 100
32 106
32 111
32 118
33 41
33 45
33 47
33 55
33 63
33 72
34 42
34 90
34 92
35 37
35 77
36 100
36 110
39 49
39 50
39 52
39 87
39 115
40 47
40 52
40 53
40 65
40 66
40 70
40 82
40 92
41 80
41 81
41 103
43 48
43 67
43 113
43 117
44 49
44 74
44 100
45 46
45 52
45 63
45 78
45 96
45 98
45 113
47 54
47 71
50 85
50 91
50 106
51 66
51 109
52 56
52 105
53 64
53 79
53 104
53 106
54 77
54 85
57 76
58 64
58 98
58 102
58 115
58 118
59 76
59 107
60 116
60 119
61 74
62 77
63 73
63 83
63 88
63 111
64 113
65 107
66 91
67 68
67 70
67 86
67 88
69 76
69 86
69 88
70 87
70 119
71 83
71 90
72 94
72 103
73 84
74 82
75 78
76 95
77 90
79 94
79 109
80 101
81 92
81 95
81 113
83 98
83 118
84 92
84 115
85 114
89 117
90 102
90 107
94 97
94 114
95 100
97 119
98 104
98 108
100 105
102 112
103 108
104 105
105 112
105 119
110 116
113 117
