0 1
0 2
0 3
0 4
0 5
0 6
0 7
0 8
0 9
0 10
0 11
0 12
0 13
0 16
0 17
0 18
0 19
0 24
0 27
0 28
0 30
0 36
0 37
0 39
0 40
0 42
0 43
0 46
0 48
0 50
0 52
0 53
0 55
0 57
0 64
0 72
0 93
0 95
0 96
0 98
0 99
0 105
0 106
0 107
0 110
0 112
0 118
1 6
1 7
1 9
1 13
1 14
1 16
1 21
1 22
1 28
1 56
1 66
1 98
1 101
1 116
2 6
2 8
2 9
2 11
2 12
2 14
2 15
2 17
2 18
2 20
2 23
2 24
2 35
2 38
2 39
2 40
2 46
2 51
2 58
2 67
2 78
2 84
2 85
2 91
2 100
3 6
3 10
3 44
3 64
3 68
3 76
3 85
4 6
4 7
4 8
4 14
4 15
4 16
4 17
4 18
4 21
4 22
4 24
4 32
4 35
4 42
4 49
4 51
4 54
4 56
4 59
4 70
4 74
4 77
4 84
4 93
4 97
4 98
4 99
4 108
5 7
5 19
5 28
5 31
5 61
5 66
5 86
5 113
6 7
6 8
6 9
6 10
6 11
6 13
6 17
6 20
6 26
6 28
6 35
6 36
6 38
6 54
6 57
6 65
6 71
6 77
6 80
6 84
6 89
6 95
6 101
6 113
6 117
7 8
7 9
7 10
7 11
7 12
7 14
7 15
7 19
7 20
7 21
7 23
7 30
7 34
7 38
7 40
7 41
7 48
7 63
7 90
7 91
7 103
7 114
7 115
8 13
8 14
8 16
8 18
8 20
8 27
8 29
8 31
8 38
8 39
8 42
8 43
8 55
8 57
8 60
8 62
8 64
8 68
8 73
8 81
8 85
8 91
8 101
9 10
9 11
9 12
9 15
9 22
9 23
9 25
9 26
9 34
9 35
9 36
9 43
9 45
9 47
9 50
9 52
9 57
9 59
9 66
9 75
9 76
9 77
9 78
9 80
9 81
9 82
9 85
9 89
9 92
9 100
9 108
9 109
10 16
10 21
10 34
10 37
10 59
10 64
10 66
10 83
10 100
11 12
11 13
11 17
11 21
11 24
11 29
11 32
11 34
11 35
11 61
11 71
11 93
11 103
11 118
12 25
12 29
12 33
12 62
12 74
12 111
13 15
13 19
13 22
13 24
13 26
13 27
13 31
13 41
13 46
13 49
13 62
13 70
13 73
13 75
13 80
13 83
13 99
13 107
13 112
14 18
14 23
14 32
14 36
14 44
14 45
14 47
14 55
14 60
14 63
14 67
14 69
14 77
14 101
14 107
14 119
15 39
15 54
15 63
15 71
15 88
16 27
16 29
16 30
16 44
16 76
16 78
16 83
16 108
17 19
17 25
17 33
17 45
17 49
17 51
17 55
17 70
17 74
17 89
17 117
17 118
18 20
18 25
18 26
18 28
18 30
18 42
18 48
18 58
18 71
18 74
18 78
18 79
18 98
18 100
18 111
18 119
19 26
19 81
19 86
20 43
20 46
20 59
20 60
20 68
20 82
20 92
20 94
20 106
20 110
21 22
21 33
21 52
21 53
21 55
21 59
21 91
21 98
21 103
21 110
22 23
22 25
22 41
22 56
22 63
22 73
22 82
22 102
22 103
23 27
23 31
23 38
23 41
23 60
23 68
23 104
24 30
24 32
24 33
24 37
24 44
24 50
24 79
24 97
24 110
24 111
25 29
25 33
25 49
25 65
25 73
25 87
25 89
25 91
26 48
26 58
26 87
26 114
27 51
27 56
27 58
27 68
27 70
28 40
28 61
28 82
28 96
29 36
29 76
29 83
30 31
30 50
30 61
30 88
30 105
31 32
31 34
31 37
31 43
31 45
31 53
31 72
31 75
31 84
31 109
31 113
31 114
31 116
32 54
32 92
32 94
32 110
33 41
33 46
33 54
33 56
33 102
33 105
33 106
34 47
34 70
34 95
34 111
34 112
35 51
35 58
35 62
35 64
35 102
36 37
36 42
36 44
36 52
36 53
36 60
36 66
36 86
36 97
37 40
37 47
37 67
37 79
37 113
38 39
38 45
38 50
38 65
38 81
38 86
38 117
39 47
39 53
39 85
39 106
40 48
40 52
40 65
40 79
40 80
40 101
40 115
41 94
42 61
42 72
42 80
42 88
42 103
42 111
42 114
42 116
43 90
43 96
43 104
44 93
44 96
44 104
44 118
45 49
45 57
45 62
45 72
45 73
45 107
46 119
47 65
50 69
50 119
51 99
51 100
51 108
52 93
52 115
53 71
53 95
54 63
54 74
54 97
56 69
58 67
58 76
58 87
58 90
58 92
58 108
59 114
60 87
61 105
62 67
63 69
63 72
63 75
63 77
64 90
65 69
65 79
65 102
65 104
65 117
68 81
68 84
68 88
68 109
71 75
71 102
72 90
72 94
73 78
76 89
76 112
77 96
77 99
78 115
79 82
79 88
79 107
80 83
80 86
81 87
81 116
85 92
85 109
88 118
89 112
89 119
93 94
93 95
93 97
94 104
95 113
96 106
96 109
101 105
102 115
105 117
107 116
