0 1
0 63
0 7
0 86
0 46
0 49
0 15
0 62
1 20
1 27
1 61
1 71
1 36
1 109
1 90
2 3
2 85
2 65
2 51
2 14
2 84
2 20
2 118
3 17
3 7
3 86
3 64
3 75
3 47
3 36
4 5
4 113
4 110
4 45
4 92
4 75
4 59
4 115
5 54
5 27
5 86
5 105
5 28
5 16
5 7
6 7
6 101
6 38
6 18
6 42
6 48
6 11
6 98
7 60
7 113
7 111
7 51
8 9
8 79
8 94
8 28
8 19
8 103
8 42
8 100
9 25
9 114
9 41
9 42
9 65
9 23
9 59
10 11
10 90
10 48
10 87
10 117
10 84
10 41
10 29
11 22
11 33
11 78
11 89
11 55
11 80
12 13
12 68
12 87
12 88
12 93
12 98
12 82
12 48
13 30
13 104
13 74
13 33
13 68
13 29
13 44
14 15
14 43
14 95
14 108
14 47
14 102
14 32
15 44
15 74
15 86
15 41
15 18
15 53
16 17
16 81
16 38
16 112
16 64
16 91
16 119
17 52
17 65
17 51
17 43
17 113
17 114
18 19
18 83
18 33
18 59
18 63
18 116
19 64
19 60
19 75
19 20
19 93
19 114
20 21
20 46
20 78
20 65
20 31
21 71
21 93
21 39
21 91
21 41
21 49
21 58
22 102
22 32
22 70
22 58
22 89
22 96
22 30
23 24
23 91
23 103
23 34
23 75
23 52
23 117
24 28
24 72
24 88
24 100
24 115
24 44
24 91
25 26
25 39
25 114
25 33
25 113
25 111
25 72
26 99
26 103
26 62
26 112
26 39
26 100
26 45
27 28
27 33
27 62
27 85
27 69
27 99
28 77
28 92
28 87
28 46
29 30
29 109
29 85
29 84
29 89
29 37
30 38
30 73
30 104
30 63
30 54
31 32
31 58
31 99
31 68
31 85
31 57
31 80
32 90
32 49
32 33
32 101
32 71
33 44
33 116
34 35
34 60
34 69
34 58
34 89
34 40
34 83
35 77
35 55
35 95
35 87
35 113
35 119
35 53
36 37
36 67
36 79
36 84
36 116
36 89
37 59
37 78
37 89
37 88
37 115
37 119
38 39
38 50
38 53
38 55
38 72
39 86
39 78
39 52
39 63
40 41
40 51
40 74
40 49
40 70
40 84
40 112
41 95
41 102
41 76
42 43
42 95
42 104
42 103
42 73
43 69
43 114
43 71
43 45
43 108
44 45
44 87
44 98
44 92
45 47
45 106
45 112
45 49
46 47
46 90
46 107
46 67
46 57
47 76
47 50
47 66
47 82
48 49
48 83
48 99
48 75
48 105
49 57
49 73
50 53
50 56
50 52
50 112
50 54
50 93
51 52
51 80
51 81
51 58
52 66
52 84
52 88
53 54
53 100
53 99
53 69
54 60
54 100
54 102
54 66
55 56
55 80
55 97
55 65
55 83
56 78
56 76
56 99
56 61
56 86
56 77
57 82
57 64
57 110
57 60
57 77
58 93
58 118
58 108
59 97
59 98
59 70
59 92
60 73
60 79
60 86
61 62
61 69
61 112
61 97
61 93
61 64
62 116
62 95
62 72
62 108
63 85
63 107
63 106
63 110
64 111
64 77
64 68
65 66
65 110
65 106
66 101
66 76
66 116
66 77
67 76
67 107
67 85
67 117
67 80
67 95
68 81
68 79
68 109
68 115
69 70
69 93
69 107
70 98
70 73
70 105
70 111
71 81
71 94
71 108
71 90
72 96
72 105
72 111
72 117
73 119
73 101
73 114
74 75
74 117
74 107
74 82
74 119
75 76
75 78
76 102
76 81
77 108
77 104
78 79
78 83
79 87
79 102
79 92
80 104
80 94
80 118
81 82
81 94
81 83
82 96
82 100
82 97
83 98
83 101
84 106
84 91
85 97
85 103
86 94
87 118
87 93
88 97
88 111
88 109
88 115
89 117
89 109
90 100
90 108
90 110
91 92
91 109
91 118
92 104
92 102
94 95
94 119
94 106
95 115
96 111
96 117
96 103
96 99
96 119
97 110
97 109
98 116
98 105
99 105
100 108
101 109
101 107
101 112
102 107
103 112
103 113
104 113
104 119
105 115
105 116
106 114
106 116
106 110
107 118
110 111
113 118
114 115
117 118
