0 5
0 8
0 18
0 19
0 21
0 23
0 26
0 27
0 29
0 31
0 37
0 38
0 39
0 40
0 41
0 48
0 50
0 52
0 56
0 57
0 58
0 60
0 61
0 62
0 63
0 64
0 66
0 67
0 75
0 82
0 87
0 88
0 91
0 94
0 98
0 99
0 100
0 106
0 109
0 110
0 112
0 113
0 114
0 117
0 118
1 4
1 7
1 11
1 12
1 13
1 16
1 18
1 20
1 21
1 23
1 24
1 27
1 31
1 35
1 37
1 40
1 42
1 45
1 48
1 51
1 54
1 56
1 57
1 62
1 69
1 70
1 71
1 74
1 77
1 94
1 95
1 96
1 103
1 104
1 107
1 109
1 111
1 117
1 118
2 7
2 13
2 14
2 16
2 17
2 19
2 20
2 26
2 27
2 31
2 32
2 34
2 35
2 40
2 48
2 54
2 57
2 68
2 72
2 76
2 79
2 80
2 81
2 82
2 86
2 91
2 94
2 96
2 97
2 100
2 101
2 103
2 105
2 106
2 108
2 110
2 111
2 119
3 4
3 11
3 12
3 15
3 20
3 22
3 24
3 37
3 43
3 47
3 48
3 50
3 54
3 55
3 56
3 58
3 59
3 61
3 66
3 67
3 74
3 75
3 84
3 87
3 90
3 95
3 96
3 97
3 99
3 102
3 108
3 110
3 111
3 112
3 114
3 117
4 7
4 13
4 15
4 17
4 22
4 23
4 26
4 28
4 29
4 30
4 31
4 45
4 46
4 48
4 53
4 55
4 56
4 57
4 58
4 61
4 63
4 68
4 70
4 72
4 76
4 81
4 82
4 85
4 86
4 88
4 91
4 92
4 95
4 96
4 100
4 103
4 104
4 106
4 109
4 110
4 115
4 116
4 119
5 7
5 10
5 13
5 15
5 16
5 18
5 21
5 23
5 30
5 32
5 34
5 40
5 42
5 44
5 45
5 49
5 54
5 55
5 56
5 57
5 58
5 59
5 62
5 63
5 65
5 66
5 68
5 69
5 74
5 75
5 76
5 78
5 79
5 80
5 87
5 88
5 92
5 95
5 96
5 99
5 101
5 106
5 112
5 117
6 11
6 13
6 18
6 20
6 21
6 23
6 24
6 26
6 28
6 29
6 30
6 32
6 36
6 38
6 40
6 45
6 47
6 49
6 51
6 52
6 53
6 54
6 55
6 56
6 58
6 60
6 67
6 68
6 69
6 78
6 80
6 81
6 82
6 83
6 84
6 90
6 93
6 94
6 97
6 99
6 100
6 101
6 102
6 111
6 112
6 117
6 118
6 119
7 9
7 11
7 15
7 18
7 21
7 25
7 26
7 30
7 41
7 42
7 44
7 45
7 51
7 54
7 56
7 58
7 60
7 61
7 64
7 67
7 68
7 72
7 73
7 78
7 84
7 85
7 90
7 93
7 94
7 95
7 100
7 102
7 109
7 110
7 116
7 117
7 119
8 11
8 19
8 23
8 25
8 26
8 32
8 40
8 42
8 45
8 46
8 50
8 51
8 55
8 56
8 57
8 59
8 67
8 68
8 70
8 72
8 74
8 75
8 76
8 77
8 79
8 80
8 84
8 88
8 89
8 94
8 97
8 99
8 102
8 105
8 106
8 112
8 117
8 118
9 12
9 13
9 16
9 19
9 21
9 24
9 29
9 33
9 39
9 42
9 45
9 46
9 47
9 50
9 52
9 53
9 54
9 55
9 56
9 57
9 64
9 69
9 70
9 74
9 76
9 80
9 82
9 83
9 84
9 87
9 90
9 91
9 92
9 100
9 102
9 106
9 108
9 111
9 119
10 11
10 19
10 23
10 31
10 33
10 36
10 41
10 47
10 49
10 51
10 54
10 56
10 62
10 66
10 67
10 69
10 71
10 72
10 76
10 84
10 86
10 87
10 89
10 95
10 96
10 97
10 99
10 100
10 102
10 104
10 106
10 108
10 111
10 113
10 117
10 118
11 13
11 17
11 20
11 21
11 25
11 29
11 33
11 34
11 35
11 37
11 38
11 44
11 45
11 49
11 50
11 56
11 62
11 63
11 64
11 68
11 70
11 74
11 81
11 83
11 84
11 86
11 88
11 91
11 96
11 99
11 100
11 102
11 103
11 104
11 106
11 108
11 109
11 110
11 113
11 117
11 119
12 13
12 14
12 24
12 26
12 32
12 37
12 41
12 50
12 51
12 52
12 63
12 64
12 66
12 67
12 68
12 70
12 71
12 74
12 75
12 76
12 78
12 80
12 82
12 84
12 86
12 87
12 91
12 93
12 96
12 97
12 101
12 104
12 105
12 107
12 109
12 111
12 112
12 113
12 117
13 15
13 16
13 18
13 20
13 23
13 31
13 32
13 35
13 38
13 39
13 40
13 41
13 43
13 45
13 48
13 51
13 52
13 59
13 60
13 62
13 63
13 65
13 70
13 75
13 80
13 83
13 85
13 86
13 98
13 101
13 102
13 108
13 109
13 111
13 117
13 118
14 17
14 28
14 29
14 30
14 31
14 32
14 35
14 37
14 38
14 39
14 40
14 43
14 44
14 45
14 47
14 49
14 52
14 53
14 54
14 59
14 62
14 67
14 70
14 71
14 73
14 85
14 87
14 90
14 95
14 98
14 99
14 104
14 107
14 109
14 112
14 113
14 115
14 119
15 16
15 19
15 20
15 21
15 24
15 26
15 36
15 39
15 44
15 45
15 47
15 49
15 54
15 55
15 57
15 64
15 66
15 76
15 81
15 85
15 87
15 89
15 90
15 91
15 92
15 93
15 95
15 96
15 99
15 103
15 104
15 107
15 114
15 119
16 18
16 21
16 22
16 24
16 25
16 26
16 32
16 36
16 46
16 49
16 50
16 51
16 55
16 56
16 59
16 61
16 62
16 63
16 64
16 66
16 67
16 69
16 70
16 73
16 74
16 77
16 78
16 84
16 85
16 86
16 90
16 94
16 97
16 98
16 100
16 101
16 105
16 106
16 108
16 109
16 111
16 112
17 19
17 21
17 25
17 26
17 29
17 30
17 31
17 35
17 37
17 40
17 48
17 57
17 59
17 60
17 62
17 64
17 68
17 75
17 76
17 79
17 80
17 84
17 89
17 96
17 97
17 99
17 106
17 107
17 110
17 111
17 114
17 115
18 23
18 24
18 27
18 29
18 31
18 38
18 39
18 44
18 49
18 53
18 54
18 60
18 63
18 72
18 78
18 79
18 87
18 95
18 97
18 98
18 101
18 103
18 105
18 108
18 109
18 111
18 114
18 115
18 117
19 22
19 25
19 27
19 29
19 31
19 34
19 38
19 42
19 53
19 55
19 62
19 64
19 65
19 69
19 72
19 74
19 75
19 76
19 77
19 78
19 80
19 93
19 98
19 99
19 102
19 103
19 106
19 107
19 108
19 109
19 110
19 113
19 114
19 115
19 117
20 21
20 22
20 24
20 26
20 28
20 29
20 32
20 35
20 41
20 43
20 50
20 61
20 66
20 67
20 68
20 72
20 73
20 74
20 76
20 77
20 82
20 88
20 92
20 101
20 102
20 107
20 109
20 110
20 111
20 112
20 113
20 117
20 118
20 119
21 31
21 37
21 42
21 48
21 53
21 55
21 59
21 66
21 71
21 75
21 79
21 80
21 81
21 83
21 85
21 86
21 87
21 88
21 91
21 92
21 95
21 96
21 97
21 100
21 107
21 108
21 109
21 115
21 116
22 23
22 24
22 26
22 27
22 29
22 33
22 37
22 38
22 39
22 42
22 43
22 45
22 47
22 49
22 50
22 54
22 59
22 61
22 63
22 64
22 65
22 72
22 77
22 78
22 79
22 80
22 81
22 89
22 90
22 93
22 99
22 101
22 102
22 104
22 108
22 112
22 114
22 117
22 118
22 119
23 27
23 29
23 30
23 31
23 33
23 35
23 36
23 39
23 43
23 45
23 46
23 47
23 51
23 52
23 54
23 63
23 65
23 67
23 69
23 70
23 71
23 72
23 74
23 76
23 77
23 82
23 89
23 90
23 92
23 93
23 94
23 95
23 97
23 98
23 103
23 105
23 111
23 115
23 116
23 117
23 118
24 30
24 32
24 39
24 40
24 45
24 50
24 51
24 52
24 53
24 56
24 58
24 63
24 68
24 70
24 71
24 73
24 75
24 77
24 81
24 83
24 86
24 91
24 97
24 101
24 105
24 107
24 108
24 109
24 110
24 111
24 112
24 114
25 27
25 28
25 29
25 30
25 32
25 34
25 37
25 38
25 43
25 44
25 46
25 47
25 48
25 51
25 52
25 53
25 55
25 59
25 64
25 65
25 66
25 67
25 70
25 77
25 78
25 82
25 87
25 91
25 93
25 96
25 101
25 102
25 107
25 108
26 27
26 28
26 29
26 30
26 32
26 34
26 44
26 46
26 48
26 50
26 54
26 57
26 58
26 65
26 68
26 69
26 70
26 73
26 74
26 79
26 83
26 84
26 87
26 88
26 89
26 91
26 93
26 94
26 95
26 99
26 103
26 104
26 105
26 106
26 110
26 114
26 115
26 116
26 118
27 34
27 36
27 37
27 41
27 43
27 45
27 49
27 54
27 58
27 61
27 63
27 68
27 70
27 74
27 78
27 81
27 82
27 85
27 90
27 91
27 94
27 95
27 98
27 104
27 106
27 108
27 117
27 119
28 37
28 46
28 48
28 51
28 55
28 58
28 59
28 62
28 71
28 74
28 75
28 77
28 79
28 81
28 82
28 83
28 85
28 92
28 93
28 95
28 97
28 98
28 99
28 102
28 104
28 109
28 112
28 115
28 117
29 30
29 31
29 35
29 48
29 51
29 53
29 60
29 61
29 64
29 65
29 66
29 68
29 76
29 77
29 79
29 84
29 89
29 90
29 92
29 95
29 97
29 99
29 101
29 104
29 109
29 110
29 111
29 117
29 119
30 33
30 35
30 39
30 47
30 48
30 49
30 50
30 55
30 57
30 58
30 59
30 62
30 66
30 67
30 73
30 74
30 75
30 77
30 78
30 81
30 85
30 95
30 100
30 101
30 102
30 103
30 104
30 110
30 113
31 32
31 33
31 34
31 40
31 42
31 44
31 46
31 47
31 50
31 52
31 54
31 55
31 60
31 64
31 70
31 72
31 76
31 77
31 79
31 80
31 82
31 83
31 84
31 85
31 86
31 88
31 93
31 95
31 96
31 102
31 103
31 107
31 112
31 114
31 116
31 118
32 34
32 35
32 37
32 40
32 45
32 46
32 48
32 49
32 54
32 56
32 57
32 58
32 59
32 61
32 64
32 65
32 69
32 72
32 73
32 79
32 82
32 85
32 86
32 88
32 89
32 93
32 94
32 97
32 99
32 100
32 101
32 110
32 111
32 114
32 115
32 118
32 119
33 34
33 36
33 38
33 39
33 41
33 43
33 49
33 53
33 54
33 55
33 58
33 60
33 65
33 68
33 70
33 72
33 81
33 82
33 83
33 86
33 87
33 89
33 91
33 98
33 113
33 114
33 115
33 118
34 37
34 39
34 45
34 46
34 50
34 52
34 57
34 59
34 60
34 68
34 71
34 73
34 75
34 77
34 79
34 80
34 81
34 82
34 84
34 88
34 89
34 92
34 93
34 96
34 101
34 107
34 108
34 112
34 119
35 37
35 41
35 45
35 51
35 55
35 61
35 62
35 64
35 68
35 75
35 76
35 77
35 79
35 81
35 83
35 89
35 90
35 94
35 96
35 100
35 102
35 103
35 106
35 109
35 111
35 118
35 119
36 40
36 43
36 44
36 46
36 48
36 49
36 52
36 54
36 56
36 60
36 69
36 71
36 72
36 74
36 84
36 86
36 90
36 93
36 95
36 96
36 98
36 101
36 104
36 105
36 107
36 108
36 111
36 112
36 119
37 39
37 40
37 41
37 42
37 43
37 47
37 51
37 53
37 58
37 62
37 63
37 64
37 69
37 70
37 71
37 73
37 76
37 79
37 81
37 83
37 86
37 89
37 91
37 92
37 94
37 99
37 101
37 102
37 105
37 106
37 107
37 108
37 109
37 111
37 112
37 114
37 118
37 119
38 40
38 41
38 42
38 53
38 55
38 58
38 65
38 71
38 72
38 76
38 80
38 81
38 86
38 87
38 89
38 90
38 100
38 102
38 103
38 106
38 107
38 109
38 114
38 115
38 117
38 118
39 45
39 48
39 57
39 59
39 61
39 63
39 64
39 65
39 67
39 79
39 81
39 84
39 89
39 95
39 96
39 99
39 100
39 101
39 102
39 105
39 106
39 107
39 114
39 116
40 41
40 42
40 45
40 46
40 49
40 51
40 55
40 56
40 59
40 61
40 64
40 68
40 69
40 71
40 75
40 77
40 78
40 80
40 88
40 103
40 104
40 107
40 108
40 109
40 114
40 117
40 119
41 42
41 43
41 45
41 46
41 49
41 53
41 54
41 59
41 61
41 63
41 71
41 72
41 75
41 76
41 79
41 81
41 83
41 85
41 87
41 88
41 90
41 92
41 98
41 102
41 104
41 105
41 106
41 107
41 109
41 112
41 113
41 114
41 118
42 43
42 44
42 47
42 48
42 50
42 51
42 53
42 54
42 60
42 64
42 65
42 68
42 73
42 76
42 77
42 78
42 83
42 86
42 95
42 96
42 97
42 98
42 99
42 103
42 106
42 108
42 109
42 112
42 114
42 115
42 119
43 46
43 47
43 48
43 53
43 54
43 56
43 58
43 60
43 63
43 65
43 68
43 70
43 74
43 76
43 80
43 81
43 83
43 86
43 90
43 92
43 93
43 94
43 95
43 97
43 101
43 102
43 103
43 105
43 108
43 116
43 117
43 118
43 119
44 46
44 52
44 58
44 63
44 67
44 68
44 69
44 70
44 71
44 78
44 81
44 84
44 88
44 89
44 90
44 91
44 94
44 97
44 98
44 99
44 102
44 103
44 104
44 105
44 108
44 109
44 110
44 113
44 114
44 117
45 51
45 52
45 53
45 55
45 63
45 64
45 66
45 71
45 74
45 76
45 81
45 82
45 85
45 86
45 89
45 92
45 98
45 102
45 103
45 112
45 114
45 118
45 119
46 53
46 54
46 55
46 58
46 59
46 60
46 62
46 67
46 70
46 71
46 77
46 86
46 87
46 88
46 93
46 96
46 98
46 101
46 104
46 107
46 109
46 110
46 118
47 49
47 54
47 58
47 60
47 65
47 73
47 74
47 79
47 81
47 82
47 83
47 85
47 90
47 91
47 98
47 99
47 100
47 107
47 110
47 114
48 50
48 55
48 56
48 59
48 62
48 63
48 66
48 68
48 70
48 72
48 73
48 78
48 83
48 84
48 86
48 90
48 91
48 93
48 98
48 99
48 102
48 107
48 110
48 112
48 117
48 118
49 54
49 58
49 59
49 60
49 62
49 65
49 68
49 70
49 74
49 75
49 77
49 78
49 81
49 82
49 89
49 90
49 95
49 99
49 100
49 101
49 105
49 111
49 112
49 116
49 119
50 52
50 53
50 54
50 58
50 60
50 64
50 66
50 68
50 70
50 71
50 74
50 75
50 76
50 81
50 82
50 83
50 85
50 88
50 89
50 101
50 104
50 109
50 110
50 115
50 117
50 118
50 119
51 52
51 55
51 56
51 59
51 61
51 62
51 63
51 67
51 69
51 70
51 75
51 76
51 79
51 83
51 84
51 86
51 87
51 91
51 92
51 95
51 98
51 104
51 105
51 112
51 113
51 115
51 116
51 117
52 53
52 59
52 63
52 65
52 67
52 71
52 72
52 74
52 76
52 85
52 92
52 95
52 98
52 99
52 100
52 103
52 107
52 111
52 112
52 115
52 118
52 119
53 54
53 58
53 60
53 62
53 64
53 65
53 67
53 68
53 70
53 73
53 74
53 75
53 77
53 80
53 83
53 84
53 89
53 90
53 94
53 96
53 97
53 99
53 100
53 104
53 108
53 109
53 110
53 116
54 55
54 58
54 62
54 64
54 67
54 68
54 69
54 70
54 74
54 77
54 78
54 80
54 84
54 86
54 87
54 92
54 93
54 94
54 95
54 98
54 100
54 105
54 107
54 108
54 114
54 115
54 116
55 61
55 62
55 65
55 67
55 68
55 69
55 73
55 74
55 76
55 79
55 81
55 86
55 88
55 90
55 93
55 104
55 105
55 108
55 111
55 117
55 118
56 57
56 58
56 71
56 80
56 85
56 86
56 88
56 90
56 92
56 94
56 98
56 100
56 103
56 109
56 114
56 116
56 119
57 58
57 60
57 63
57 66
57 68
57 72
57 73
57 74
57 75
57 77
57 79
57 82
57 86
57 87
57 96
57 97
57 98
57 99
57 100
57 101
57 103
57 105
57 108
57 111
57 112
57 115
57 117
57 118
57 119
58 67
58 68
58 74
58 75
58 77
58 79
58 81
58 83
58 86
58 88
58 90
58 95
58 96
58 97
58 100
58 102
58 105
58 113
58 114
58 116
58 119
59 62
59 63
59 66
59 68
59 76
59 79
59 80
59 81
59 85
59 87
59 91
59 92
59 96
59 99
59 103
59 112
59 114
59 117
59 119
60 63
60 64
60 68
60 69
60 76
60 81
60 83
60 85
60 91
60 92
60 94
60 96
60 103
60 106
60 110
60 111
60 112
60 117
60 119
61 68
61 69
61 74
61 79
61 80
61 92
61 98
61 104
61 106
61 108
61 109
61 114
61 116
62 64
62 66
62 67
62 73
62 82
62 84
62 85
62 96
62 97
62 103
62 115
62 118
63 69
63 71
63 75
63 78
63 88
63 89
63 96
63 97
63 99
63 102
63 106
63 111
63 113
63 115
63 118
64 66
64 68
64 70
64 82
64 83
64 87
64 90
64 96
64 97
64 101
64 102
64 105
64 106
64 109
64 118
64 119
65 67
65 70
65 71
65 74
65 76
65 79
65 81
65 87
65 94
65 96
65 97
65 98
65 100
65 104
65 107
65 113
65 115
66 70
66 71
66 73
66 78
66 79
66 83
66 87
66 88
66 101
66 105
66 106
66 108
66 110
66 113
66 116
66 117
66 119
67 69
67 75
67 78
67 80
67 88
67 89
67 90
67 93
67 96
67 101
67 102
67 103
67 105
67 110
67 112
67 114
67 118
67 119
68 70
68 83
68 88
68 89
68 93
68 95
68 97
68 99
68 102
68 104
68 106
68 108
68 109
68 110
68 114
68 116
68 119
69 77
69 83
69 84
69 86
69 91
69 95
69 96
69 97
69 99
69 101
69 105
69 106
69 107
69 108
69 112
69 113
69 119
70 72
70 73
70 76
70 78
70 82
70 83
70 84
70 85
70 87
70 88
70 90
70 92
70 93
70 94
70 99
70 104
70 108
70 109
70 112
70 114
70 115
70 118
71 76
71 78
71 79
71 81
71 82
71 83
71 86
71 87
71 89
71 90
71 91
71 96
71 104
71 111
71 113
71 114
71 115
71 116
71 117
71 119
72 80
72 82
72 86
72 87
72 89
72 91
72 92
72 98
72 101
72 102
72 103
72 107
72 109
72 110
72 113
72 115
72 116
72 117
72 119
73 75
73 77
73 79
73 82
73 85
73 86
73 87
73 94
73 98
73 100
73 108
73 119
74 80
74 81
74 83
74 84
74 90
74 92
74 94
74 96
74 98
74 101
74 103
74 104
74 105
74 107
74 109
74 112
74 115
74 116
75 77
75 80
75 81
75 83
75 84
75 88
75 90
75 94
75 96
75 98
75 99
75 103
75 106
75 107
75 110
75 111
76 77
76 81
76 83
76 84
76 86
76 88
76 89
76 93
76 94
76 95
76 102
76 103
76 111
76 115
76 119
77 82
77 84
77 91
77 92
77 97
77 103
77 106
77 107
77 108
77 115
77 117
78 81
78 83
78 84
78 86
78 92
78 94
78 95
78 96
78 99
78 100
78 104
78 107
78 109
78 111
78 117
78 118
78 119
79 81
79 83
79 85
79 87
79 91
79 92
79 98
79 100
79 108
79 113
79 114
79 115
79 119
80 82
80 83
80 85
80 86
80 89
80 92
80 96
80 97
80 98
80 104
80 109
80 114
81 82
81 83
81 84
81 88
81 90
81 91
81 93
81 98
81 103
81 105
81 107
81 110
81 111
81 115
81 117
81 118
81 119
82 94
82 100
82 101
82 106
82 107
82 110
82 114
82 119
83 85
83 87
83 94
83 96
83 97
83 101
83 109
83 113
83 117
84 91
84 92
84 94
84 96
84 98
84 101
84 104
84 105
84 106
84 108
84 110
84 114
85 87
85 90
85 91
85 93
85 96
85 97
85 100
85 102
85 108
85 110
85 114
85 115
85 117
85 119
86 89
86 96
86 97
86 102
86 106
86 109
86 110
86 112
86 114
86 115
86 116
86 119
87 89
87 90
87 91
87 92
87 94
87 95
87 97
87 105
87 106
87 108
87 110
87 112
87 114
87 118
88 96
88 98
88 102
88 107
88 108
88 112
88 115
88 118
89 90
89 98
89 100
89 101
89 104
89 107
89 109
90 91
90 98
90 101
90 104
90 105
90 108
90 109
90 111
90 119
91 92
91 97
91 101
91 102
91 103
91 106
91 108
91 110
91 112
91 113
91 115
92 95
92 98
92 101
92 102
92 103
92 104
92 106
92 108
92 109
92 112
92 115
92 117
92 118
92 119
93 94
93 100
93 107
93 116
94 98
94 99
94 101
94 103
94 105
94 106
94 112
94 113
95 96
95 103
95 104
95 105
95 108
95 109
95 110
95 111
95 117
95 119
96 103
96 105
96 106
96 110
96 111
96 114
96 116
96 119
97 105
97 110
97 116
98 101
98 103
98 104
98 105
98 106
98 108
98 109
98 110
98 113
98 116
98 118
98 119
99 102
99 104
99 107
99 110
99 111
99 114
99 115
99 117
100 102
100 103
100 104
100 108
100 109
100 110
100 113
100 114
100 115
100 116
101 103
101 107
101 108
101 118
102 103
102 105
102 107
102 110
102 112
102 114
102 116
102 119
103 104
103 109
103 116
104 106
104 108
104 113
104 115
104 117
105 106
105 107
105 108
105 111
105 113
105 114
105 118
106 114
106 117
106 118
106 119
107 109
107 114
107 115
107 116
108 109
108 110
108 113
108 119
109 110
110 111
110 112
110 114
110 117
111 114
111 119
112 115
113 114
113 118
113 119
114 116
114 119
116 119
