0 1
0 2
0 4
0 8
0 9
0 10
0 11
0 12
0 13
0 14
0 15
0 16
0 19
0 23
0 24
0 27
0 29
0 33
0 34
0 37
0 39
0 41
0 42
0 45
0 47
0 49
0 51
0 52
0 53
0 57
0 67
0 70
0 71
0 73
0 77
0 79
0 81
0 87
0 88
0 89
0 95
0 96
0 98
0 100
0 101
0 108
0 109
0 113
0 115
0 116
0 119
1 3
1 7
1 9
1 12
1 14
1 15
1 19
1 20
1 21
1 25
1 26
1 27
1 30
1 37
1 39
1 50
1 51
1 52
1 54
1 56
1 59
1 60
1 64
1 65
1 68
1 72
1 75
1 78
1 79
1 81
1 84
1 85
1 87
1 88
1 89
1 98
1 100
1 101
1 102
1 106
1 109
1 111
1 112
1 113
1 117
2 3
2 7
2 8
2 9
2 12
2 13
2 16
2 17
2 18
2 26
2 29
2 37
2 38
2 44
2 45
2 46
2 51
2 52
2 53
2 54
2 57
2 68
2 69
2 73
2 78
2 79
2 83
2 84
2 87
2 89
2 94
2 95
2 96
2 97
2 103
2 104
2 107
2 114
2 116
2 118
3 5
3 6
3 11
3 18
3 19
3 24
3 25
3 31
3 32
3 35
3 36
3 37
3 38
3 44
3 51
3 52
3 53
3 57
3 59
3 62
3 67
3 71
3 75
3 77
3 79
3 84
3 87
3 88
3 89
3 93
3 98
3 100
3 102
3 105
3 106
3 108
3 110
3 111
3 112
3 118
4 5
4 6
4 18
4 20
4 22
4 24
4 26
4 27
4 35
4 36
4 37
4 41
4 42
4 43
4 44
4 45
4 56
4 62
4 67
4 71
4 73
4 78
4 80
4 81
4 85
4 86
4 87
4 88
4 90
4 92
4 94
4 95
4 103
4 104
4 105
4 117
5 6
5 7
5 8
5 12
5 14
5 20
5 23
5 27
5 28
5 33
5 38
5 49
5 50
5 52
5 54
5 57
5 58
5 63
5 65
5 66
5 67
5 68
5 71
5 75
5 77
5 82
5 88
5 94
5 95
5 100
5 103
6 8
6 10
6 14
6 16
6 18
6 19
6 20
6 21
6 23
6 25
6 29
6 30
6 33
6 34
6 35
6 37
6 43
6 46
6 48
6 49
6 50
6 56
6 58
6 59
6 61
6 62
6 63
6 69
6 81
6 83
6 84
6 88
6 91
6 93
6 96
6 102
6 104
6 105
6 107
6 108
6 110
6 114
6 115
6 118
7 8
7 11
7 13
7 15
7 18
7 23
7 25
7 27
7 29
7 39
7 40
7 41
7 47
7 50
7 57
7 59
7 62
7 64
7 65
7 66
7 67
7 69
7 73
7 76
7 80
7 81
7 83
7 85
7 86
7 90
7 97
7 102
7 104
7 105
7 106
7 113
7 115
7 116
8 11
8 12
8 13
8 18
8 20
8 21
8 27
8 33
8 36
8 37
8 39
8 48
8 53
8 55
8 61
8 63
8 67
8 76
8 80
8 81
8 83
8 84
8 88
8 92
8 93
8 100
8 103
8 106
8 108
8 109
8 111
8 112
9 11
9 15
9 17
9 18
9 22
9 23
9 25
9 31
9 35
9 37
9 44
9 45
9 49
9 54
9 58
9 60
9 61
9 63
9 64
9 69
9 70
9 73
9 76
9 83
9 84
9 85
9 89
9 90
9 91
9 93
9 94
9 95
9 96
9 98
9 99
9 107
9 109
9 110
9 111
9 112
9 114
9 115
9 116
9 117
10 14
10 18
10 20
10 22
10 23
10 26
10 28
10 30
10 33
10 39
10 44
10 47
10 55
10 56
10 57
10 59
10 60
10 63
10 64
10 65
10 68
10 69
10 72
10 74
10 80
10 82
10 83
10 87
10 89
10 94
10 97
10 100
10 103
10 106
10 111
10 113
10 114
10 116
11 13
11 15
11 20
11 21
11 24
11 29
11 36
11 38
11 39
11 41
11 43
11 47
11 56
11 61
11 64
11 70
11 72
11 77
11 80
11 83
11 86
11 91
11 94
11 98
11 100
11 101
11 102
11 103
11 104
11 106
11 107
11 110
11 116
11 117
11 118
11 119
12 17
12 20
12 21
12 31
12 34
12 35
12 36
12 37
12 38
12 39
12 44
12 45
12 47
12 49
12 51
12 52
12 53
12 54
12 55
12 56
12 58
12 59
12 63
12 68
12 71
12 74
12 75
12 76
12 77
12 79
12 81
12 85
12 93
12 104
12 111
12 112
12 115
13 14
13 16
13 18
13 21
13 23
13 24
13 25
13 27
13 34
13 35
13 37
13 40
13 42
13 45
13 47
13 49
13 50
13 56
13 57
13 59
13 61
13 62
13 64
13 65
13 71
13 72
13 76
13 77
13 79
13 80
13 81
13 83
13 87
13 91
13 93
13 98
13 99
13 100
13 103
13 106
13 109
13 110
13 111
13 113
13 116
13 119
14 22
14 24
14 30
14 32
14 33
14 35
14 36
14 42
14 43
14 47
14 53
14 55
14 60
14 61
14 62
14 70
14 71
14 72
14 73
14 74
14 75
14 79
14 86
14 89
14 94
14 99
14 114
14 116
14 118
15 17
15 18
15 23
15 30
15 35
15 41
15 43
15 44
15 45
15 51
15 52
15 54
15 62
15 63
15 65
15 66
15 70
15 71
15 75
15 76
15 81
15 83
15 92
15 96
15 99
15 106
16 18
16 19
16 22
16 24
16 34
16 37
16 38
16 42
16 45
16 47
16 49
16 50
16 51
16 52
16 53
16 55
16 65
16 66
16 67
16 68
16 71
16 72
16 79
16 80
16 83
16 90
16 92
16 93
16 94
16 99
16 100
16 101
16 102
16 104
16 105
16 107
16 110
16 111
16 112
16 118
17 19
17 21
17 23
17 24
17 28
17 31
17 32
17 34
17 37
17 39
17 45
17 48
17 50
17 54
17 56
17 57
17 58
17 70
17 74
17 81
17 83
17 90
17 91
17 92
17 96
17 97
17 102
17 104
17 106
17 109
17 113
17 115
18 20
18 22
18 25
18 26
18 29
18 31
18 33
18 34
18 37
18 43
18 44
18 50
18 51
18 53
18 54
18 59
18 62
18 67
18 73
18 75
18 78
18 80
18 90
18 93
18 94
18 95
18 101
18 103
18 104
18 106
18 117
19 20
19 22
19 27
19 31
19 43
19 49
19 59
19 61
19 64
19 72
19 73
19 74
19 78
19 84
19 86
19 89
19 92
19 93
19 94
19 97
19 98
19 105
19 111
19 113
19 116
20 22
20 24
20 26
20 29
20 32
20 35
20 38
20 41
20 42
20 43
20 44
20 46
20 48
20 51
20 52
20 53
20 61
20 62
20 65
20 67
20 73
20 74
20 75
20 77
20 85
20 86
20 88
20 90
20 100
20 104
20 105
20 111
20 112
20 117
21 22
21 23
21 24
21 32
21 33
21 34
21 35
21 39
21 41
21 43
21 44
21 50
21 53
21 54
21 56
21 57
21 58
21 59
21 62
21 63
21 75
21 76
21 77
21 81
21 83
21 84
21 85
21 87
21 89
21 93
21 98
21 99
21 102
21 103
21 107
21 111
21 112
21 113
21 115
21 117
21 118
22 27
22 32
22 36
22 37
22 46
22 49
22 50
22 52
22 54
22 57
22 60
22 61
22 63
22 70
22 72
22 81
22 83
22 85
22 86
22 92
22 94
22 110
22 111
22 112
22 115
22 118
23 26
23 28
23 31
23 34
23 35
23 37
23 38
23 39
23 44
23 49
23 52
23 54
23 56
23 57
23 59
23 64
23 65
23 67
23 71
23 74
23 75
23 77
23 79
23 82
23 85
23 91
23 94
23 95
23 96
23 100
23 105
23 106
23 114
24 26
24 27
24 30
24 33
24 39
24 40
24 41
24 42
24 43
24 51
24 52
24 55
24 56
24 62
24 64
24 67
24 73
24 76
24 77
24 83
24 84
24 88
24 89
24 90
24 91
24 92
24 93
24 97
24 100
24 101
24 115
24 116
24 117
24 118
24 119
25 26
25 27
25 29
25 30
25 37
25 39
25 41
25 50
25 51
25 63
25 67
25 69
25 70
25 71
25 80
25 81
25 85
25 90
25 92
25 95
25 97
25 100
25 104
25 107
25 114
25 115
25 118
25 119
26 29
26 31
26 33
26 35
26 37
26 38
26 39
26 42
26 46
26 48
26 52
26 53
26 54
26 55
26 60
26 62
26 67
26 68
26 70
26 71
26 73
26 82
26 89
26 97
26 104
26 105
26 112
26 113
26 114
26 115
26 117
26 119
27 29
27 36
27 39
27 43
27 44
27 48
27 49
27 55
27 56
27 58
27 59
27 63
27 64
27 66
27 67
27 74
27 76
27 77
27 79
27 80
27 83
27 84
27 85
27 86
27 92
27 93
27 96
27 99
27 101
27 104
27 105
27 106
27 107
27 110
27 113
27 115
27 116
28 29
28 32
28 33
28 34
28 36
28 37
28 39
28 40
28 43
28 44
28 45
28 46
28 50
28 53
28 62
28 64
28 66
28 68
28 75
28 78
28 80
28 81
28 88
28 91
28 92
28 93
28 97
28 98
28 101
28 102
28 103
28 105
28 111
28 112
28 118
29 37
29 40
29 41
29 43
29 44
29 47
29 53
29 56
29 58
29 62
29 66
29 67
29 68
29 70
29 71
29 80
29 86
29 91
29 92
29 98
29 101
29 113
29 118
29 119
30 31
30 39
30 42
30 45
30 48
30 54
30 55
30 58
30 59
30 61
30 62
30 69
30 70
30 74
30 76
30 77
30 80
30 81
30 82
30 85
30 87
30 88
30 90
30 93
30 96
30 99
30 100
30 103
30 108
30 111
30 113
31 34
31 44
31 45
31 46
31 48
31 56
31 59
31 60
31 64
31 68
31 75
31 77
31 78
31 79
31 87
31 88
31 99
31 101
31 102
31 104
31 108
31 110
31 113
31 114
32 33
32 34
32 40
32 42
32 44
32 52
32 53
32 59
32 63
32 64
32 77
32 78
32 79
32 84
32 85
32 92
32 95
32 99
32 100
32 101
32 103
32 105
32 106
32 108
32 109
32 110
32 114
32 115
32 116
32 119
33 35
33 37
33 38
33 40
33 45
33 48
33 49
33 52
33 59
33 62
33 67
33 77
33 82
33 86
33 87
33 89
33 90
33 91
33 93
33 94
33 95
33 97
33 98
33 100
33 102
33 104
33 106
33 108
33 109
33 111
33 112
33 113
33 115
33 116
33 117
33 118
34 35
34 37
34 39
34 40
34 41
34 42
34 44
34 46
34 47
34 48
34 50
34 51
34 59
34 60
34 61
34 63
34 65
34 67
34 69
34 70
34 74
34 76
34 79
34 87
34 92
34 93
34 99
34 103
34 104
34 105
34 110
34 111
34 112
34 113
34 114
34 115
34 117
34 118
35 40
35 41
35 44
35 45
35 46
35 48
35 49
35 52
35 54
35 55
35 61
35 67
35 78
35 79
35 81
35 89
35 92
35 95
35 96
35 97
35 99
35 105
35 112
35 113
35 114
35 119
36 39
36 40
36 43
36 44
36 45
36 50
36 53
36 55
36 61
36 62
36 63
36 64
36 70
36 71
36 73
36 77
36 84
36 88
36 90
36 92
36 93
36 96
36 101
36 106
36 112
36 117
36 118
36 119
37 40
37 41
37 42
37 45
37 58
37 61
37 63
37 68
37 70
37 72
37 73
37 74
37 76
37 77
37 78
37 82
37 83
37 84
37 89
37 93
37 94
37 101
37 102
37 107
37 108
37 111
37 113
37 114
37 116
37 118
37 119
38 41
38 48
38 49
38 56
38 59
38 62
38 63
38 66
38 68
38 70
38 73
38 77
38 78
38 79
38 81
38 83
38 87
38 92
38 99
38 100
38 103
38 104
38 105
38 107
38 110
38 111
38 112
38 116
38 117
39 41
39 47
39 48
39 50
39 57
39 60
39 61
39 65
39 73
39 75
39 81
39 86
39 90
39 91
39 94
39 95
39 100
39 101
39 107
39 109
39 111
39 114
39 115
39 117
39 119
40 42
40 46
40 54
40 58
40 60
40 62
40 69
40 74
40 83
40 90
40 91
40 93
40 100
40 101
40 106
40 108
40 113
40 115
40 118
41 43
41 54
41 57
41 62
41 65
41 67
41 70
41 75
41 83
41 88
41 92
41 101
41 102
41 104
41 105
41 108
41 109
41 115
41 117
41 118
42 45
42 46
42 48
42 51
42 54
42 55
42 59
42 60
42 61
42 63
42 68
42 72
42 73
42 74
42 76
42 80
42 83
42 84
42 85
42 86
42 90
42 94
42 95
42 97
42 98
42 103
42 110
42 111
42 114
43 46
43 52
43 53
43 57
43 61
43 62
43 65
43 66
43 68
43 69
43 73
43 74
43 77
43 78
43 84
43 85
43 89
43 97
43 99
43 100
43 104
43 108
43 110
43 111
43 115
43 116
43 117
44 50
44 52
44 56
44 58
44 64
44 65
44 67
44 69
44 74
44 77
44 80
44 85
44 86
44 90
44 93
44 94
44 95
44 96
44 97
44 98
44 100
44 103
44 104
44 107
44 112
44 113
44 116
44 117
44 118
45 47
45 48
45 49
45 51
45 56
45 58
45 59
45 62
45 63
45 65
45 70
45 75
45 76
45 79
45 81
45 84
45 85
45 87
45 89
45 90
45 98
45 103
45 104
45 108
45 113
45 116
45 118
46 48
46 49
46 50
46 53
46 57
46 58
46 59
46 60
46 62
46 64
46 68
46 69
46 70
46 71
46 73
46 79
46 81
46 83
46 84
46 87
46 88
46 89
46 91
46 93
46 94
46 98
46 99
46 105
46 106
46 107
46 108
46 110
46 112
46 114
46 117
47 49
47 50
47 54
47 59
47 61
47 62
47 65
47 67
47 68
47 71
47 72
47 73
47 75
47 76
47 81
47 82
47 83
47 86
47 92
47 93
47 97
47 104
47 105
47 106
47 112
47 113
47 114
47 116
47 117
47 118
48 49
48 55
48 59
48 60
48 63
48 66
48 71
48 75
48 76
48 78
48 80
48 83
48 84
48 85
48 93
48 96
48 99
48 100
48 104
48 107
48 111
48 115
48 118
49 50
49 54
49 56
49 57
49 58
49 61
49 63
49 64
49 67
49 69
49 70
49 72
49 73
49 74
49 76
49 77
49 79
49 88
49 89
49 93
49 94
49 95
49 100
49 105
49 106
49 108
49 112
49 115
49 117
50 54
50 55
50 57
50 59
50 64
50 65
50 66
50 69
50 77
50 83
50 86
50 87
50 90
50 94
50 95
50 100
50 107
50 110
50 116
50 118
50 119
51 53
51 61
51 64
51 67
51 69
51 78
51 79
51 80
51 81
51 90
51 93
51 96
51 99
51 102
51 106
51 107
51 109
51 113
51 114
51 117
51 118
52 53
52 56
52 66
52 76
52 77
52 78
52 80
52 82
52 87
52 94
52 104
52 107
52 108
52 109
52 110
52 111
52 114
52 115
52 119
53 54
53 56
53 58
53 59
53 60
53 61
53 62
53 63
53 70
53 71
53 74
53 75
53 76
53 79
53 80
53 85
53 87
53 95
53 97
53 98
53 100
53 105
53 109
53 110
53 112
53 113
53 119
54 57
54 58
54 60
54 63
54 66
54 68
54 70
54 71
54 76
54 77
54 83
54 84
54 86
54 92
54 93
54 108
54 109
54 113
54 115
54 117
54 118
54 119
55 57
55 58
55 59
55 60
55 61
55 62
55 65
55 69
55 71
55 72
55 73
55 75
55 76
55 77
55 79
55 82
55 83
55 87
55 88
55 91
55 96
55 97
55 98
55 101
55 106
55 107
55 119
56 57
56 60
56 63
56 65
56 67
56 72
56 77
56 80
56 81
56 82
56 84
56 85
56 86
56 87
56 88
56 89
56 90
56 91
56 93
56 95
56 96
56 104
56 106
56 107
56 110
56 111
56 113
56 117
57 60
57 61
57 65
57 67
57 71
57 72
57 75
57 76
57 82
57 83
57 85
57 86
57 88
57 90
57 91
57 92
57 93
57 96
57 97
57 98
57 100
57 102
57 105
57 108
57 109
57 114
57 116
57 117
57 118
58 60
58 61
58 63
58 65
58 67
58 69
58 72
58 86
58 87
58 88
58 89
58 91
58 92
58 94
58 97
58 101
58 106
58 107
58 108
58 109
58 112
58 119
59 63
59 64
59 65
59 66
59 75
59 77
59 78
59 79
59 80
59 88
59 92
59 96
59 98
59 99
59 102
59 104
59 110
59 113
59 114
60 61
60 68
60 70
60 71
60 73
60 74
60 76
60 80
60 88
60 89
60 91
60 94
60 97
60 98
60 104
60 106
60 107
60 109
60 111
61 62
61 65
61 67
61 68
61 69
61 73
61 74
61 78
61 79
61 83
61 87
61 97
61 99
61 105
61 107
61 108
61 109
61 119
62 63
62 65
62 66
62 84
62 88
62 92
62 97
62 98
62 99
62 102
62 104
62 111
62 112
62 114
62 115
62 118
63 67
63 76
63 80
63 83
63 87
63 90
63 92
63 93
63 94
63 95
63 101
63 102
63 103
63 107
63 108
63 111
63 112
63 114
63 116
63 118
64 66
64 67
64 71
64 75
64 76
64 77
64 80
64 85
64 89
64 91
64 93
64 100
64 101
64 103
64 111
64 115
64 117
65 66
65 69
65 70
65 71
65 72
65 76
65 80
65 82
65 84
65 85
65 88
65 94
65 95
65 98
65 101
65 102
65 104
65 106
65 111
65 114
65 116
65 117
66 68
66 75
66 76
66 80
66 83
66 85
66 86
66 90
66 91
66 96
66 98
66 100
66 110
66 116
66 117
67 69
67 70
67 75
67 76
67 77
67 78
67 83
67 86
67 93
67 96
67 97
67 103
67 109
67 110
67 112
67 115
67 116
67 118
68 76
68 78
68 80
68 81
68 84
68 85
68 87
68 88
68 90
68 92
68 95
68 96
68 99
68 103
68 106
68 108
68 110
68 111
69 76
69 77
69 78
69 79
69 80
69 88
69 89
69 90
69 91
69 96
69 97
69 100
69 105
69 108
69 113
69 117
70 72
70 76
70 80
70 91
70 92
70 93
70 98
70 103
70 104
70 107
70 112
70 113
70 116
70 117
71 72
71 74
71 75
71 77
71 78
71 83
71 90
71 92
71 100
71 102
71 104
71 106
71 107
71 111
71 112
71 116
71 117
71 118
72 73
72 79
72 81
72 84
72 86
72 87
72 90
72 92
72 93
72 94
72 97
72 103
72 107
72 112
72 113
72 116
72 119
73 75
73 77
73 78
73 79
73 85
73 89
73 91
73 93
73 95
73 96
73 98
73 103
73 107
73 108
73 109
73 110
73 111
73 116
73 118
73 119
74 75
74 77
74 79
74 80
74 83
74 88
74 91
74 92
74 103
74 104
74 106
74 107
74 109
74 112
74 113
74 114
74 115
74 116
74 119
75 76
75 77
75 78
75 79
75 84
75 85
75 87
75 98
75 100
75 101
75 103
75 104
75 106
75 108
75 111
75 119
76 84
76 86
76 87
76 91
76 98
76 108
76 109
76 111
76 118
77 79
77 81
77 86
77 89
77 94
77 95
77 97
77 98
77 101
77 102
77 106
77 108
77 111
77 113
77 115
77 116
77 118
77 119
78 79
78 83
78 84
78 85
78 88
78 91
78 94
78 97
78 100
78 102
78 105
78 107
78 108
78 109
78 111
78 113
78 114
78 119
79 80
79 81
79 82
79 85
79 88
79 90
79 95
79 96
79 97
79 99
79 100
79 102
79 105
79 107
79 110
79 118
80 89
80 90
80 91
80 95
80 97
80 98
80 99
80 100
80 104
80 105
80 106
80 108
80 115
80 116
80 118
81 82
81 88
81 89
81 90
81 91
81 95
81 103
81 105
81 107
81 113
81 114
81 115
81 116
81 118
82 85
82 87
82 89
82 97
82 100
82 101
82 104
82 105
82 106
82 111
82 115
82 116
82 117
83 84
83 86
83 88
83 91
83 93
83 96
83 97
83 98
83 101
83 102
83 111
83 112
83 115
84 88
84 89
84 90
84 91
84 98
84 102
84 104
84 105
84 106
84 110
84 112
84 113
84 114
84 116
84 117
84 119
85 86
85 87
85 88
85 93
85 95
85 101
85 102
85 103
85 105
85 107
85 109
85 115
85 117
85 118
86 87
86 88
86 96
86 98
86 101
86 103
86 107
86 109
86 111
86 113
86 114
86 116
87 90
87 92
87 94
87 95
87 97
87 106
87 109
87 111
87 118
88 89
88 90
88 96
88 103
88 104
88 105
88 107
88 113
88 115
88 116
89 90
89 92
89 94
89 95
89 102
89 105
89 108
89 113
89 114
90 93
90 95
90 100
90 106
90 110
90 113
90 119
91 100
91 101
91 102
91 105
91 106
91 107
91 109
91 113
91 115
91 117
91 119
92 93
92 97
92 99
92 101
92 106
92 111
92 112
93 96
93 97
93 102
93 104
93 106
93 110
93 116
93 117
93 118
93 119
94 100
94 104
94 107
94 108
94 109
94 110
94 111
94 112
94 114
94 115
94 117
95 97
95 99
95 102
95 105
95 108
95 114
95 119
96 99
96 100
96 104
96 106
96 107
96 111
96 114
96 116
96 119
97 98
97 99
97 102
97 107
97 110
97 111
97 115
97 117
98 102
98 103
98 105
98 108
98 109
98 115
98 117
99 102
99 103
99 106
99 114
99 117
100 101
100 106
100 109
100 114
100 116
100 118
101 103
101 104
101 106
101 110
101 111
101 115
101 116
101 117
101 118
101 119
102 105
102 108
102 109
102 112
102 113
102 116
102 118
103 105
103 109
103 113
103 116
104 107
104 112
104 117
105 106
105 107
105 108
105 110
105 112
105 116
105 117
105 118
106 108
106 109
106 114
106 117
107 111
107 112
107 115
107 119
108 109
108 110
108 111
108 112
109 113
109 117
110 113
110 114
111 116
111 117
111 118
112 113
112 115
112 119
113 115
113 116
114 115
114 116
114 118
115 118
115 119
116 118
118 119
