0 1
0 10
0 16
0 18
0 21
0 22
0 23
0 34
0 35
0 60
0 78
0 110
1 2
1 3
1 4
1 13
1 14
1 15
1 20
1 22
1 58
1 65
1 83
1 84
2 9
2 11
2 14
2 16
2 17
2 19
2 20
2 30
2 50
2 52
2 54
2 84
2 93
2 111
3 7
3 8
3 14
3 18
3 19
3 21
3 22
3 23
3 85
4 9
4 11
4 12
4 13
4 15
4 18
4 20
4 55
4 73
4 106
5 7
5 12
5 17
5 19
5 20
5 22
5 23
5 51
6 8
6 9
6 11
6 14
6 15
6 16
6 21
6 67
6 94
6 116
7 10
7 11
7 15
7 18
7 19
7 21
7 42
7 46
7 54
7 68
7 70
7 114
7 115
8 9
8 13
8 14
8 16
8 17
8 18
8 21
8 22
8 61
8 74
8 99
9 13
9 16
9 17
9 18
9 21
9 23
9 32
9 50
9 80
9 117
10 12
10 21
10 23
10 45
10 53
11 12
11 13
11 16
11 20
11 21
11 22
11 23
11 61
11 62
11 68
11 69
11 83
12 14
12 22
12 23
12 46
12 72
12 113
13 14
13 15
13 17
13 21
13 31
13 86
14 16
14 61
14 92
14 95
14 113
15 16
15 22
15 32
15 46
15 61
15 64
15 69
15 100
15 112
16 18
16 19
16 20
16 22
16 51
16 85
16 98
16 107
16 112
17 18
17 23
17 29
17 40
17 41
17 47
18 19
18 20
18 21
18 22
18 36
18 45
18 63
18 72
18 74
18 76
18 94
18 101
19 20
19 21
19 23
20 64
20 85
20 111
21 22
21 74
21 99
22 23
22 53
22 76
22 78
22 94
22 113
23 28
23 31
23 42
23 47
23 48
23 50
23 99
23 103
23 117
23 118
24 27
24 32
24 34
24 35
24 36
24 37
24 39
24 43
24 46
24 83
24 94
24 99
25 26
25 27
25 28
25 31
25 38
25 39
25 40
25 44
25 69
25 92
25 102
26 27
26 28
26 29
26 32
26 39
26 42
26 44
26 45
26 46
26 64
26 65
26 74
26 91
26 113
27 28
27 31
27 33
27 36
27 37
27 38
27 39
27 41
27 44
27 46
27 89
27 94
27 110
28 31
28 32
28 34
28 38
28 39
28 43
28 44
28 47
28 51
28 82
28 87
28 117
29 31
29 32
29 35
29 42
29 43
29 46
29 49
29 50
29 62
29 75
30 32
30 33
30 34
30 35
30 40
30 41
30 42
30 47
30 71
30 89
30 94
30 108
31 32
31 35
31 36
31 45
31 46
31 52
31 66
31 90
31 102
32 34
32 36
32 38
32 41
32 42
32 74
32 100
32 108
33 34
33 38
33 41
33 43
33 44
33 45
33 99
34 35
34 37
34 38
34 39
34 40
34 45
34 46
34 47
35 36
35 37
35 41
35 43
35 47
36 40
36 43
36 70
36 73
36 99
36 112
36 116
37 38
37 39
37 40
37 41
37 43
37 47
37 52
37 55
37 59
37 66
37 82
37 84
37 90
37 101
37 110
37 113
38 40
38 42
38 43
38 45
39 40
39 41
39 44
39 60
39 77
40 42
40 45
40 46
40 47
40 54
40 60
40 100
40 106
40 113
41 42
41 44
41 45
41 47
41 94
41 114
42 43
42 45
42 47
42 68
42 69
42 73
43 44
43 45
43 47
43 51
43 81
43 94
44 49
44 53
44 70
44 106
44 114
45 65
45 66
46 47
46 70
46 84
47 60
47 64
47 75
47 77
47 88
47 91
47 113
48 49
48 50
48 53
48 55
48 58
48 63
48 64
48 65
48 69
48 83
48 112
49 50
49 56
49 57
49 59
49 62
49 66
49 67
49 71
49 95
49 104
49 105
49 113
49 119
50 51
50 52
50 55
50 57
50 58
50 62
50 65
50 66
50 69
50 92
50 115
51 52
51 54
51 56
51 60
51 61
51 62
51 63
51 64
51 66
51 67
51 80
51 98
52 53
52 55
52 57
52 62
52 64
52 65
52 67
52 68
52 69
52 77
52 93
53 55
53 58
53 60
53 61
53 64
53 65
53 68
53 69
53 70
53 73
53 82
53 106
53 107
53 118
54 56
54 59
54 61
54 62
54 63
54 66
54 67
54 69
54 99
55 57
55 59
55 62
55 64
55 67
55 68
55 71
55 106
56 59
56 61
56 62
56 64
56 65
56 66
56 68
56 70
56 92
56 94
56 117
57 59
57 63
57 65
57 66
57 68
57 69
57 70
57 77
58 59
58 61
58 62
58 65
58 66
58 68
58 94
58 110
58 112
59 60
59 111
60 63
60 64
60 70
60 102
60 103
61 62
61 75
61 80
61 101
61 103
61 104
61 108
62 63
62 64
62 69
62 91
62 113
62 114
63 66
63 67
63 69
63 70
63 71
64 65
64 66
64 68
64 69
64 71
64 94
64 100
65 67
65 68
65 71
65 82
65 90
66 67
66 70
66 71
66 72
66 102
66 109
67 68
67 69
67 82
67 95
68 104
69 94
70 72
70 87
70 92
71 79
72 74
72 75
72 76
72 77
72 78
72 81
72 82
72 90
72 92
72 93
72 94
72 95
72 103
72 110
72 112
73 74
73 77
73 78
73 89
73 90
73 91
73 92
73 94
74 82
74 83
74 84
74 85
74 86
74 89
74 109
75 77
75 84
75 88
75 89
75 91
75 94
75 95
75 102
76 77
76 78
76 80
76 83
76 84
76 85
76 87
76 88
76 91
76 92
77 79
77 81
77 82
77 83
77 84
77 88
77 89
77 91
77 93
77 94
77 96
77 110
78 80
78 81
78 82
78 83
78 87
78 88
78 89
78 94
78 95
78 100
78 101
78 110
78 113
79 80
79 84
79 85
79 88
79 91
79 92
79 93
79 97
79 114
80 82
80 85
80 87
80 89
80 90
80 91
80 92
80 109
80 115
80 117
81 82
81 92
81 98
82 83
82 84
82 85
82 86
82 87
82 89
82 91
82 93
82 94
82 95
82 99
82 118
83 85
83 86
83 88
83 89
83 91
83 93
83 94
83 110
83 118
84 89
84 90
84 92
84 93
84 97
85 87
85 88
85 92
85 93
86 88
86 91
86 113
86 117
87 88
87 95
88 89
88 90
88 93
88 104
89 90
89 91
89 92
90 92
91 92
91 101
92 94
92 101
92 113
93 95
95 102
95 119
96 97
96 98
96 101
96 104
96 108
96 114
96 115
96 116
96 117
97 98
97 99
97 100
97 103
97 104
97 108
97 110
97 113
97 115
97 116
97 117
97 118
98 100
98 103
98 104
98 105
98 110
98 118
98 119
99 101
99 103
99 106
99 109
99 113
99 116
99 118
100 105
100 106
100 108
100 111
100 112
100 113
100 115
100 118
100 119
101 104
101 111
101 115
101 116
102 107
102 109
102 111
102 114
102 115
102 119
103 107
103 109
103 110
103 115
103 119
104 113
104 117
104 118
104 119
105 107
105 110
105 112
105 114
105 115
105 116
105 117
105 119
106 107
106 108
106 109
106 110
106 112
106 113
106 114
107 109
107 110
107 113
107 117
108 109
108 113
108 118
109 111
109 115
109 116
109 117
109 118
109 119
110 111
110 113
110 114
111 112
111 114
111 115
111 117
111 118
112 115
112 118
112 119
113 115
113 119
114 115
115 119
116 117
117 119
