0 5
0 6
0 20
0 85
0 93
0 96
0 99
0 107
1 7
1 49
1 54
1 55
1 68
1 74
1 82
2 25
2 33
2 58
2 73
2 81
2 85
2 105
2 111
3 12
3 110
3 115
4 11
4 14
4 30
4 32
4 88
4 109
5 6
5 9
5 17
5 24
5 35
5 39
5 43
5 47
5 69
5 70
5 76
5 93
5 96
5 97
5 101
5 106
5 113
6 20
6 35
6 78
6 93
6 99
6 106
6 107
7 49
7 54
7 55
7 61
7 74
7 82
7 119
8 31
8 37
8 40
8 46
8 48
8 75
8 86
8 92
8 95
8 102
9 17
9 24
9 35
9 41
9 43
9 47
9 63
9 67
9 71
9 72
9 76
9 79
9 89
9 96
9 97
9 101
9 106
9 108
10 12
10 41
10 47
10 63
10 66
10 71
10 108
10 110
10 115
11 18
11 23
11 30
11 64
11 87
11 88
11 91
11 103
11 117
12 63
12 66
12 110
12 115
13 55
13 62
13 68
13 84
14 32
15 28
15 29
15 36
15 42
15 45
15 65
15 90
15 98
15 99
16 25
16 33
16 85
16 118
17 24
17 35
17 41
17 47
17 67
17 71
17 96
17 97
17 101
17 106
17 108
18 19
18 22
18 23
18 30
18 60
18 64
18 87
18 88
18 92
18 117
19 22
19 23
19 26
19 40
19 50
19 53
19 77
19 92
19 100
19 117
20 85
20 96
20 99
20 107
21 36
21 52
21 54
21 61
21 82
21 94
21 119
22 23
22 26
22 37
22 40
22 50
22 53
22 77
22 92
22 100
22 117
23 27
23 30
23 50
23 60
23 64
23 70
23 87
23 88
23 91
23 113
23 116
23 117
24 35
24 41
24 43
24 47
24 63
24 67
24 71
24 72
24 76
24 79
24 89
24 96
24 97
24 101
24 106
24 108
25 33
25 41
25 67
25 85
25 96
25 107
25 118
26 46
26 53
26 77
26 86
26 92
26 100
26 109
27 39
27 43
27 50
27 57
27 60
27 64
27 70
27 72
27 76
27 79
27 87
27 89
27 91
27 97
27 103
27 106
27 113
27 116
27 117
28 29
28 36
28 42
28 45
28 98
28 99
29 36
29 42
29 45
29 56
29 98
29 99
30 87
30 88
30 91
30 103
31 48
31 55
31 75
31 84
31 95
31 102
33 81
33 85
33 118
34 65
34 74
34 90
34 94
34 98
34 102
34 119
35 39
35 43
35 47
35 69
35 70
35 76
35 79
35 93
35 96
35 97
35 101
35 106
35 113
36 45
36 52
36 56
36 94
36 98
36 112
37 40
37 44
37 48
37 50
37 69
37 92
37 95
38 45
38 56
38 59
38 80
38 83
38 104
38 112
39 43
39 44
39 50
39 60
39 64
39 69
39 70
39 76
39 78
39 79
39 93
39 106
39 113
39 116
39 117
40 44
40 48
40 50
40 92
40 95
40 100
41 47
41 63
41 67
41 71
41 96
41 101
41 108
41 110
42 45
42 90
42 98
42 99
43 47
43 57
43 60
43 64
43 70
43 72
43 76
43 79
43 87
43 89
43 91
43 97
43 101
43 103
43 106
43 113
43 116
44 50
44 60
44 65
44 69
44 78
44 90
44 93
44 116
45 56
45 59
45 98
45 112
46 53
46 77
46 86
46 95
46 100
47 63
47 71
47 72
47 76
47 79
47 89
47 96
47 97
47 101
47 106
47 108
48 65
48 95
48 102
49 54
49 55
49 74
49 82
49 102
49 119
50 60
50 64
50 69
50 70
50 78
50 92
50 113
50 116
50 117
51 58
51 59
51 73
51 81
51 83
51 105
51 111
51 114
52 56
52 61
52 94
53 77
53 86
53 92
53 100
53 109
54 55
54 61
54 74
54 82
54 94
54 119
55 74
55 75
55 82
55 84
56 94
56 104
56 112
57 64
57 72
57 79
57 87
57 89
57 91
57 97
57 101
57 103
58 73
58 81
58 105
58 111
58 114
59 80
59 83
59 111
59 114
60 64
60 69
60 70
60 76
60 79
60 87
60 91
60 113
60 116
60 117
61 82
61 94
61 119
62 68
63 66
63 71
63 72
63 89
63 101
63 108
63 110
64 70
64 76
64 79
64 87
64 88
64 91
64 103
64 113
64 116
64 117
65 78
65 90
65 98
65 102
66 110
66 115
67 71
67 85
67 96
67 107
67 108
69 70
69 78
69 90
69 93
69 106
69 113
69 116
70 76
70 79
70 87
70 91
70 97
70 106
70 113
70 116
70 117
71 96
71 101
71 108
71 110
72 76
72 79
72 89
72 97
72 101
72 103
72 106
72 113
73 81
73 105
73 111
73 114
74 75
74 82
74 102
74 119
75 84
75 95
75 102
76 79
76 87
76 89
76 91
76 97
76 101
76 106
76 113
76 116
77 86
77 92
77 100
77 109
78 90
78 93
79 87
79 89
79 91
79 97
79 101
79 103
79 106
79 113
79 116
80 83
80 104
80 114
81 85
81 105
81 111
82 94
82 119
83 114
85 96
85 107
85 118
86 92
86 95
86 100
87 88
87 91
87 103
87 113
87 116
87 117
88 91
88 103
89 97
89 101
89 103
89 106
89 113
90 93
90 98
91 103
91 113
91 117
92 95
92 100
92 117
93 106
93 116
94 98
94 119
95 100
96 106
96 107
96 108
97 101
97 106
97 113
98 99
99 107
100 109
101 106
104 112
105 111
105 114
106 113
106 116
108 110
110 115
111 114
113 116
113 117
116 117
