0 1
0 2
0 3
0 11
0 16
0 18
0 19
0 21
0 26
0 31
0 41
0 44
0 50
0 58
0 67
0 70
0 111
0 114
1 3
1 4
1 5
1 6
1 23
1 33
1 39
1 51
1 61
1 69
1 78
1 108
2 4
2 5
2 10
2 14
2 15
2 20
2 28
2 36
2 37
2 38
2 41
2 52
2 79
2 86
2 93
2 109
3 18
3 27
3 47
4 20
4 24
4 31
5 6
5 7
5 8
5 9
5 10
5 11
5 12
5 14
5 17
5 21
5 25
5 26
5 39
5 43
5 44
5 46
5 47
5 48
5 55
5 57
5 58
5 61
5 69
5 78
5 94
5 97
5 99
5 117
6 7
6 8
6 9
6 13
6 16
6 17
6 24
6 27
6 28
6 45
6 49
6 53
6 62
6 63
6 65
6 66
6 80
6 95
6 103
6 104
7 15
7 32
7 55
7 70
7 72
7 74
7 115
8 84
8 94
9 12
9 13
9 33
9 34
9 108
10 62
10 76
10 106
11 42
11 63
12 30
12 88
12 92
12 106
13 19
13 59
13 91
14 100
15 60
16 22
17 87
17 116
18 67
19 23
19 38
19 43
19 51
19 73
19 83
19 87
19 97
19 102
19 105
20 22
20 64
20 90
20 102
21 45
21 49
21 59
21 66
21 68
21 73
21 77
21 86
21 107
22 25
22 32
22 35
22 68
22 81
22 88
22 96
23 37
23 60
24 30
24 34
24 83
25 35
26 36
26 40
26 48
26 76
27 29
27 56
27 64
27 82
27 113
28 29
29 110
30 98
31 74
32 75
32 77
32 117
34 57
34 109
35 54
36 89
37 40
37 50
38 103
38 115
40 42
40 116
41 75
42 99
42 105
43 46
44 52
44 56
44 65
44 101
44 114
45 54
46 53
46 93
46 100
48 71
49 85
49 96
49 98
50 79
50 82
52 95
52 112
54 71
55 81
55 118
57 91
57 104
58 72
58 111
59 89
59 92
63 84
67 90
69 80
69 113
72 85
72 101
79 112
80 107
81 119
83 118
103 119
108 110
