0 1
0 11
0 31
0 40
0 87
0 92
0 73
0 114
1 74
1 88
1 98
1 90
1 111
1 61
1 119
2 3
2 26
2 92
2 42
2 37
2 44
2 33
2 101
3 22
3 44
3 67
3 54
3 55
3 4
3 66
4 5
4 43
4 41
4 16
4 31
4 111
4 77
5 60
5 48
5 95
5 47
5 103
5 100
5 30
6 7
6 43
6 61
6 82
6 91
6 111
6 12
6 50
7 45
7 95
7 52
7 82
7 71
7 80
7 94
8 9
8 60
8 64
8 97
8 98
8 118
8 86
8 114
9 41
9 13
9 112
9 80
9 89
9 119
9 73
10 11
10 14
10 62
10 105
10 102
10 66
10 115
10 47
11 108
11 101
11 43
11 112
11 79
11 88
12 13
12 84
12 17
12 118
12 32
12 18
12 67
13 33
13 40
13 46
13 102
13 117
13 32
14 15
14 80
14 45
14 30
14 22
14 110
14 42
15 59
15 54
15 63
15 95
15 30
15 117
15 81
16 17
16 37
16 68
16 112
16 23
16 99
16 30
17 23
17 89
17 104
17 93
17 113
17 32
18 19
18 72
18 35
18 30
18 103
18 118
18 86
19 65
19 88
19 59
19 70
19 93
19 99
19 33
20 21
20 55
20 113
20 110
20 42
20 104
20 67
20 74
21 45
21 35
21 46
21 39
21 26
21 80
21 74
22 36
22 82
22 118
22 69
22 49
22 34
23 24
23 71
23 65
23 37
23 38
23 96
24 50
24 100
24 65
24 76
24 59
24 39
24 84
25 26
25 66
25 91
25 113
25 114
25 59
25 56
25 40
26 37
26 66
26 52
26 106
26 31
27 28
27 61
27 87
27 104
27 113
27 52
27 47
27 34
28 88
28 98
28 116
28 83
28 30
28 77
28 72
29 30
29 47
29 52
29 102
29 38
29 53
29 109
29 71
30 80
31 32
31 116
31 104
31 82
31 114
32 77
32 61
32 59
32 54
33 98
33 73
33 96
33 58
33 53
34 35
34 76
34 81
34 68
34 92
34 80
35 85
35 76
35 55
35 68
35 53
36 59
36 106
36 62
36 56
36 55
36 90
36 75
37 112
37 93
37 61
37 48
38 39
38 73
38 66
38 119
38 76
38 61
39 110
39 64
39 99
39 98
39 87
40 97
40 90
40 111
40 72
40 44
41 42
41 45
41 117
41 53
41 65
41 68
42 115
42 79
42 94
42 48
43 70
43 91
43 85
43 57
43 99
44 68
44 92
44 60
44 49
44 84
45 103
45 108
45 95
45 98
46 75
46 88
46 58
46 97
46 111
46 119
47 48
47 77
47 63
47 64
48 63
48 86
48 107
48 55
49 50
49 62
49 75
49 87
49 68
49 86
50 58
50 93
50 116
50 113
50 118
51 52
51 66
51 88
51 81
51 100
51 119
51 116
51 102
52 75
52 85
52 106
53 54
53 70
53 105
53 78
54 96
54 76
54 115
54 83
55 56
55 67
55 118
56 68
56 101
56 92
56 88
56 103
57 58
57 98
57 97
57 87
57 90
57 79
57 67
58 105
58 83
58 97
58 104
59 111
59 98
60 79
60 106
60 108
60 81
60 94
61 105
61 87
62 85
62 96
62 84
62 112
62 77
63 78
63 106
63 102
63 67
63 96
64 65
64 112
64 89
64 88
64 116
65 110
65 75
65 119
66 114
66 116
67 87
67 94
68 106
69 70
69 90
69 95
69 112
69 78
69 117
69 108
70 107
70 94
70 112
70 78
71 107
71 84
71 74
71 96
71 100
72 101
72 105
72 89
72 99
72 113
73 74
73 95
73 104
73 114
74 81
74 108
74 115
75 77
75 80
75 82
76 110
76 86
76 85
77 87
77 91
78 110
78 107
78 83
78 79
79 110
79 106
79 96
80 91
81 94
81 115
81 107
82 86
82 101
82 89
83 84
83 99
83 118
83 114
84 109
84 102
85 119
85 101
85 86
86 113
89 115
89 109
89 97
90 108
90 91
90 114
91 107
91 117
92 96
92 95
92 97
93 94
93 105
93 116
93 109
94 102
95 117
97 117
99 100
99 103
100 105
100 101
100 104
101 103
102 107
103 109
103 113
104 109
105 111
106 115
107 119
108 109
108 115
109 111
110 116
117 118
