0 1
0 2
0 3
0 4
0 5
0 6
0 7
0 8
0 9
0 12
0 14
0 15
0 16
0 17
0 20
0 21
0 22
0 23
0 24
0 25
0 27
0 31
0 40
0 41
0 44
0 45
0 53
0 64
0 66
0 70
0 78
0 80
0 86
0 96
0 99
0 100
0 101
0 105
0 106
0 108
0 111
0 115
1 6
1 10
1 11
1 12
1 13
1 15
1 16
1 17
1 22
1 23
1 24
1 37
1 40
1 42
1 45
1 50
1 52
1 54
1 56
1 57
1 65
1 77
1 81
1 84
1 87
1 89
1 100
1 101
2 6
2 7
2 8
2 25
2 29
2 40
3 6
3 7
3 10
3 13
3 15
3 19
3 20
3 24
3 28
3 34
3 56
3 73
3 75
3 76
3 83
3 85
3 94
3 96
3 113
4 27
4 59
5 6
5 7
5 8
5 9
5 10
5 12
5 14
5 15
5 18
5 26
5 27
5 29
5 30
5 33
5 41
5 43
5 46
5 50
5 53
5 58
5 59
5 64
5 68
5 70
5 71
5 74
5 76
5 88
5 91
5 96
5 103
5 107
5 113
5 115
5 116
6 7
6 8
6 9
6 12
6 14
6 19
6 20
6 31
6 33
6 39
6 44
6 48
6 54
6 55
6 56
6 62
6 70
6 71
6 80
6 103
6 106
6 109
6 110
6 117
7 8
7 9
7 10
7 11
7 13
7 18
7 25
7 29
7 32
7 35
7 43
7 45
7 48
7 51
7 62
7 76
7 80
7 113
8 9
8 11
8 18
8 24
8 26
8 27
8 33
8 34
8 35
8 36
8 41
8 46
8 50
8 61
8 65
8 72
8 103
9 10
9 11
9 16
9 17
9 18
9 20
9 23
9 24
9 26
9 29
9 31
9 32
9 41
9 44
9 51
9 59
9 62
9 66
9 67
9 75
9 77
9 78
9 79
9 108
9 109
9 111
9 119
10 11
10 12
10 13
10 14
10 15
10 16
10 20
10 22
10 23
10 28
10 30
10 35
10 45
10 72
10 77
10 78
11 16
11 17
11 19
11 25
11 33
11 37
11 48
11 58
11 60
11 69
11 86
11 91
11 93
11 104
12 13
12 17
12 19
12 28
12 49
12 55
12 95
12 97
13 14
13 18
13 26
13 46
13 58
13 61
13 66
13 67
13 77
13 81
13 93
13 94
14 39
14 47
14 67
14 82
14 99
15 19
15 29
15 34
15 35
15 40
15 42
15 43
15 53
15 60
15 67
15 73
15 76
15 89
15 90
15 92
15 108
15 110
15 117
16 21
16 23
16 31
16 39
16 52
16 57
16 65
16 70
16 71
16 87
16 91
16 98
17 21
17 22
17 36
17 39
17 47
17 55
17 56
17 93
17 108
17 110
17 117
18 21
18 64
19 28
19 31
19 33
19 36
19 39
19 47
19 52
19 64
19 84
19 114
19 116
20 21
20 25
20 30
20 38
20 43
20 62
20 71
21 22
21 26
21 28
21 30
21 32
21 34
21 44
21 45
21 47
21 53
21 57
21 58
21 65
21 68
21 69
21 87
21 92
21 93
21 112
22 30
22 38
22 42
22 60
22 74
22 75
22 85
22 95
22 96
23 32
23 56
23 85
24 69
25 61
25 68
26 27
26 32
26 36
26 37
26 38
26 49
26 52
26 90
26 99
26 111
27 84
28 40
28 49
28 50
28 54
28 61
28 62
28 75
28 84
29 35
29 47
29 49
29 92
30 44
30 115
31 34
31 37
31 38
31 51
31 86
31 116
32 58
32 70
32 73
32 105
32 112
32 115
32 117
33 38
33 42
33 46
33 48
33 51
33 55
33 87
33 92
34 53
34 83
34 107
34 112
35 36
35 59
35 60
35 91
36 37
36 41
36 46
36 49
36 57
36 63
36 66
36 68
36 74
36 76
36 80
36 82
36 95
36 100
36 101
36 107
36 115
37 42
37 43
37 68
37 69
37 73
37 79
37 84
38 63
38 81
38 85
38 102
39 52
39 63
39 75
39 94
39 101
40 72
40 87
40 88
40 113
41 118
43 102
43 114
44 57
44 65
44 107
44 110
45 48
45 54
46 50
46 89
46 100
47 51
47 106
48 77
49 95
50 79
50 100
50 107
51 54
51 82
51 93
51 105
52 67
52 81
52 82
52 83
53 86
54 55
54 63
54 86
54 98
55 59
55 102
55 106
56 61
56 73
57 64
57 72
57 104
58 60
58 63
59 69
59 78
59 81
59 91
60 72
60 96
61 90
61 99
61 114
62 111
63 74
63 88
63 98
65 66
65 78
65 89
65 94
65 98
65 99
65 109
65 118
65 119
66 88
67 74
68 71
68 92
68 103
68 118
69 108
70 83
71 90
72 97
72 103
72 106
73 80
73 97
73 119
75 79
75 109
75 118
76 79
76 82
76 85
77 83
77 97
77 112
77 119
78 111
78 114
80 97
80 104
80 110
82 105
83 88
83 94
83 101
83 102
83 113
83 114
83 116
83 119
85 95
85 112
86 90
87 105
87 109
88 89
88 102
88 104
90 98
90 117
91 118
95 104
104 116
