0 1
0 2
0 3
0 4
0 5
0 6
0 7
0 8
0 9
0 10
0 11
0 12
0 13
0 14
0 15
0 16
0 17
0 18
0 19
0 24
0 26
0 28
0 31
0 35
0 36
0 38
0 39
0 40
0 43
0 44
0 45
0 53
0 54
0 55
0 57
0 62
0 63
0 66
0 67
0 68
0 69
0 71
0 72
0 73
0 76
0 84
0 91
0 96
0 99
0 101
0 105
0 113
0 114
0 115
0 119
1 11
1 12
1 13
1 16
1 17
1 21
1 26
1 42
1 50
1 55
1 56
1 58
1 64
1 84
1 85
1 86
1 95
1 100
2 11
2 12
2 14
2 15
2 17
2 19
2 20
2 22
2 26
2 29
2 40
2 41
2 42
2 43
2 44
2 46
2 52
2 54
2 58
2 62
2 67
2 68
2 70
2 78
2 84
2 88
2 99
2 100
2 103
2 104
2 105
2 106
2 113
3 11
3 12
3 13
3 14
3 15
3 16
3 17
3 18
3 20
3 21
3 22
3 25
3 34
3 35
3 37
3 46
3 49
3 51
3 61
3 66
3 75
3 78
3 85
3 94
3 116
3 119
4 11
4 12
4 14
4 15
4 18
4 20
4 22
4 23
4 28
4 29
4 41
4 45
4 49
4 52
4 61
4 76
4 85
4 90
4 91
4 107
4 109
4 119
5 13
5 32
5 41
5 47
5 90
5 94
6 11
6 13
6 15
6 17
6 19
6 20
6 25
6 39
6 43
6 45
6 47
6 48
6 49
6 51
6 53
6 58
6 63
6 64
6 66
6 67
6 72
6 91
6 94
6 109
6 114
6 117
7 11
7 12
7 14
7 16
7 17
7 18
7 19
7 23
7 27
7 32
7 39
7 48
7 52
7 56
7 68
7 74
7 78
7 94
7 95
7 100
7 109
8 11
8 12
8 13
8 16
8 17
8 23
8 24
8 25
8 29
8 30
8 33
8 36
8 37
8 38
8 40
8 43
8 47
8 48
8 59
8 61
8 82
8 87
8 99
8 102
8 104
8 111
8 112
8 113
8 115
9 11
9 12
9 13
9 14
9 19
9 25
9 28
9 30
9 31
9 38
9 40
9 44
9 46
9 51
9 56
9 65
9 72
9 76
9 79
9 82
9 83
9 106
10 11
10 12
10 13
10 14
10 15
10 19
10 22
10 23
10 25
10 26
10 28
10 29
10 30
10 31
10 34
10 37
10 42
10 43
10 45
10 63
10 68
10 79
10 82
10 85
10 89
11 12
11 13
11 14
11 15
11 16
11 18
11 19
11 20
11 21
11 22
11 24
11 26
11 28
11 29
11 30
11 31
11 32
11 35
11 36
11 38
11 40
11 41
11 42
11 43
11 51
11 55
11 57
11 58
11 59
11 62
11 63
11 67
11 68
11 77
11 79
11 80
11 81
11 83
11 86
11 87
11 90
11 95
11 101
11 102
11 103
11 112
11 113
11 118
11 119
12 13
12 14
12 15
12 16
12 18
12 19
12 20
12 21
12 24
12 26
12 27
12 28
12 29
12 30
12 31
12 35
12 36
12 38
12 45
12 57
12 59
12 60
12 66
12 67
12 79
12 80
12 81
12 89
12 97
12 112
12 116
13 14
13 15
13 16
13 17
13 18
13 19
13 20
13 22
13 23
13 24
13 25
13 27
13 32
13 34
13 35
13 37
13 44
13 45
13 49
13 50
13 51
13 52
13 54
13 56
13 58
13 59
13 60
13 63
13 64
13 65
13 66
13 67
13 68
13 70
13 72
13 75
13 77
13 86
13 87
13 88
13 92
13 95
13 117
14 15
14 16
14 17
14 18
14 21
14 22
14 24
14 25
14 27
14 30
14 34
14 35
14 36
14 41
14 43
14 45
14 55
14 56
14 57
14 59
14 65
14 68
14 72
14 73
14 77
14 89
14 91
14 94
14 96
14 97
14 98
14 103
14 105
14 110
14 114
14 117
15 16
15 18
15 19
15 20
15 21
15 23
15 27
15 28
15 29
15 31
15 32
15 37
15 39
15 40
15 47
15 48
15 51
15 52
15 54
15 56
15 61
15 62
15 64
15 73
15 74
15 82
15 86
15 97
15 101
15 106
15 111
15 114
15 115
16 17
16 20
16 21
16 22
16 23
16 26
16 27
16 30
16 33
16 37
16 38
16 41
16 48
16 52
16 60
16 61
16 66
16 70
16 71
16 79
16 80
16 86
16 89
16 92
16 98
16 101
16 105
16 111
16 118
17 18
17 21
17 23
17 25
17 28
17 35
17 37
17 52
17 72
17 83
17 84
17 85
17 96
17 106
17 112
17 116
18 21
18 22
18 24
18 29
18 36
18 38
18 39
18 41
18 53
18 60
18 67
18 69
18 77
18 80
18 81
18 82
18 83
18 91
18 99
18 109
19 20
19 21
19 22
19 24
19 26
19 27
19 33
19 40
19 41
19 42
19 47
19 52
19 53
19 57
19 68
19 78
19 81
19 92
19 103
19 108
19 112
19 115
20 23
20 29
20 30
20 34
20 38
20 39
20 44
20 47
20 77
20 79
20 90
20 100
20 101
20 104
20 108
20 118
21 24
21 25
21 31
21 33
21 36
21 37
21 39
21 45
21 49
21 66
21 69
21 71
21 106
22 23
22 25
22 27
22 29
22 33
22 36
22 38
22 49
22 51
22 53
22 62
22 69
22 70
22 91
22 97
22 107
22 119
23 24
23 26
23 27
23 30
23 31
23 32
23 33
23 34
23 36
23 45
23 46
23 51
23 53
23 58
23 60
23 61
23 62
23 63
23 65
23 67
23 68
23 71
23 72
23 79
23 84
23 93
23 95
23 105
23 107
23 112
23 114
23 117
23 119
24 34
24 35
24 41
24 46
24 55
24 81
24 87
24 98
24 114
25 26
25 27
25 28
25 31
25 32
25 33
25 35
25 42
25 44
25 58
25 65
25 71
25 72
25 74
25 76
25 80
25 98
25 100
25 106
25 108
25 116
26 32
26 33
26 43
26 44
26 46
26 55
26 57
26 64
26 105
26 116
27 28
27 30
27 31
27 32
27 34
27 35
27 44
27 47
27 54
27 55
27 58
27 60
27 63
27 70
27 75
27 77
27 78
27 87
27 88
27 93
27 103
27 107
27 110
27 114
27 117
28 32
28 33
28 43
28 45
28 47
28 50
28 51
28 52
28 54
28 60
28 62
28 65
28 73
28 75
28 79
28 84
28 86
28 101
28 102
28 106
28 108
28 113
29 34
29 36
29 38
29 39
29 40
29 41
29 44
29 47
29 48
29 50
29 56
29 75
29 76
29 87
29 89
29 90
29 98
29 110
29 118
30 33
30 42
30 43
30 48
30 58
30 71
30 90
30 113
31 42
31 44
31 51
31 57
31 63
31 67
31 70
31 72
31 73
31 78
31 85
31 88
31 91
31 93
31 101
31 104
31 110
31 114
31 115
32 34
32 46
32 73
32 93
32 103
32 107
32 115
33 39
33 48
33 49
33 54
33 55
33 59
33 68
33 80
33 83
33 89
33 94
33 97
33 110
34 40
34 42
34 50
34 55
34 56
34 59
34 61
34 65
34 74
34 94
34 97
34 101
34 102
34 106
34 111
34 116
35 37
35 61
35 75
35 106
35 113
36 37
36 39
36 46
36 49
36 50
36 53
36 54
36 55
36 56
36 65
36 74
36 86
36 88
36 92
36 96
36 107
36 116
37 46
37 49
37 57
37 59
37 74
37 76
37 88
37 92
37 112
37 116
37 119
38 40
38 42
38 47
38 48
38 49
38 50
38 53
38 63
38 64
38 71
38 87
38 107
38 114
39 53
39 98
39 104
40 56
40 58
40 75
40 76
40 92
40 113
41 46
41 48
41 66
41 69
41 72
41 80
41 103
41 110
41 115
41 117
41 118
41 119
42 50
42 76
42 85
42 89
42 99
42 107
43 50
43 64
43 69
43 77
43 78
43 81
43 100
43 103
44 50
44 60
44 74
44 85
44 87
44 94
44 102
44 108
44 117
45 52
45 66
45 70
45 86
45 88
45 91
45 100
45 105
45 111
46 60
46 73
46 78
46 80
46 84
46 89
46 93
46 94
47 62
47 83
47 112
48 54
48 99
48 101
48 114
48 118
49 61
49 65
49 81
49 82
49 94
49 96
49 97
50 57
50 62
50 78
50 84
50 95
51 59
51 63
51 74
51 77
51 83
51 95
51 96
51 111
51 112
52 53
52 57
52 61
52 65
52 77
52 81
52 85
52 110
52 111
53 54
53 67
53 75
53 91
53 96
53 105
53 119
54 73
54 75
54 84
54 87
54 96
55 75
55 77
55 78
55 82
56 59
56 60
56 99
56 108
56 112
56 119
57 70
57 73
58 71
58 80
58 96
59 64
59 69
59 95
60 62
60 80
60 101
61 64
61 69
61 76
61 81
61 91
61 98
62 64
62 71
63 74
65 66
65 74
65 92
65 93
65 96
65 109
66 70
66 105
66 109
66 118
67 69
67 79
67 84
67 88
67 108
67 109
68 69
68 70
68 95
68 102
68 104
69 102
70 71
70 79
70 88
70 110
71 81
72 73
72 92
72 93
72 107
73 83
73 90
73 118
74 76
74 82
74 86
74 87
74 100
75 89
75 90
75 95
75 104
76 93
77 98
77 102
77 109
77 118
78 111
79 82
79 83
79 97
79 117
80 90
80 113
81 82
81 83
81 85
81 92
81 97
81 98
81 99
81 102
82 88
83 86
83 90
84 115
86 89
86 93
86 117
87 92
87 93
87 99
87 115
88 110
89 97
89 102
90 103
90 104
90 109
91 111
94 100
95 104
96 98
96 99
96 100
97 103
97 109
98 115
99 108
99 117
100 106
100 111
101 104
101 108
103 105
104 107
104 108
104 113
104 116
107 110
107 118
115 116
