0 4
0 5
0 6
0 7
0 8
0 9
0 16
0 17
0 20
0 21
0 22
0 24
0 27
0 31
0 32
0 33
0 34
0 38
0 42
0 47
0 51
0 54
0 55
0 56
0 57
0 63
0 64
0 65
0 68
0 70
0 72
0 73
0 77
0 79
0 80
0 81
0 84
0 87
0 89
0 90
0 96
0 97
0 101
0 102
0 105
0 109
0 112
0 115
0 118
0 119
1 3
1 5
1 6
1 9
1 10
1 13
1 23
1 26
1 27
1 29
1 30
1 31
1 32
1 33
1 37
1 38
1 43
1 45
1 48
1 50
1 51
1 52
1 56
1 61
1 62
1 63
1 64
1 68
1 69
1 80
1 81
1 85
1 86
1 87
1 89
1 90
1 93
1 95
1 96
1 99
1 102
1 104
1 106
1 109
1 112
1 116
1 118
1 119
2 7
2 8
2 14
2 15
2 18
2 19
2 20
2 23
2 37
2 40
2 41
2 42
2 43
2 46
2 49
2 50
2 51
2 54
2 55
2 56
2 60
2 61
2 62
2 66
2 67
2 72
2 74
2 81
2 84
2 85
2 86
2 87
2 91
2 98
2 100
2 106
2 107
2 108
2 110
2 111
2 118
2 119
3 9
3 12
3 13
3 18
3 19
3 20
3 24
3 25
3 28
3 33
3 37
3 38
3 40
3 43
3 45
3 48
3 50
3 52
3 54
3 57
3 58
3 60
3 61
3 62
3 63
3 64
3 65
3 68
3 70
3 72
3 73
3 78
3 83
3 84
3 92
3 94
3 96
3 97
3 98
3 99
3 100
3 113
3 118
3 119
4 7
4 8
4 11
4 13
4 15
4 16
4 17
4 20
4 21
4 23
4 27
4 28
4 31
4 32
4 33
4 34
4 35
4 37
4 38
4 42
4 43
4 52
4 54
4 55
4 56
4 70
4 77
4 81
4 84
4 85
4 86
4 87
4 103
4 104
4 108
4 112
4 114
5 7
5 9
5 10
5 14
5 19
5 21
5 23
5 24
5 25
5 27
5 34
5 36
5 39
5 41
5 43
5 44
5 48
5 50
5 51
5 54
5 55
5 56
5 57
5 59
5 63
5 64
5 67
5 69
5 76
5 77
5 79
5 81
5 88
5 90
5 96
5 99
5 100
5 101
5 106
5 107
5 108
5 114
5 116
6 9
6 11
6 12
6 13
6 19
6 22
6 27
6 28
6 29
6 30
6 32
6 35
6 45
6 47
6 50
6 52
6 55
6 57
6 63
6 64
6 65
6 69
6 70
6 71
6 73
6 77
6 80
6 81
6 83
6 85
6 90
6 99
6 100
6 101
6 102
6 105
6 106
6 109
6 119
7 10
7 17
7 18
7 29
7 32
7 36
7 37
7 39
7 43
7 45
7 46
7 50
7 51
7 54
7 58
7 59
7 60
7 62
7 64
7 66
7 68
7 69
7 70
7 71
7 72
7 74
7 75
7 76
7 80
7 82
7 87
7 88
7 90
7 92
7 94
7 95
7 97
7 106
7 114
7 116
7 117
7 119
8 12
8 15
8 16
8 19
8 24
8 26
8 30
8 31
8 33
8 34
8 46
8 47
8 48
8 49
8 50
8 59
8 64
8 66
8 69
8 70
8 74
8 75
8 78
8 80
8 81
8 82
8 85
8 86
8 90
8 93
8 94
8 96
8 97
8 98
8 106
8 107
8 112
8 113
8 115
9 11
9 13
9 18
9 26
9 29
9 30
9 32
9 34
9 36
9 44
9 45
9 47
9 53
9 57
9 64
9 67
9 69
9 72
9 73
9 75
9 76
9 85
9 88
9 89
9 93
9 96
9 98
9 99
9 102
9 104
9 105
9 108
9 109
9 110
9 111
9 112
9 113
10 11
10 13
10 20
10 23
10 29
10 32
10 33
10 36
10 39
10 42
10 44
10 45
10 46
10 48
10 49
10 51
10 59
10 60
10 61
10 67
10 69
10 71
10 72
10 75
10 77
10 78
10 79
10 83
10 87
10 88
10 92
10 94
10 95
10 99
10 100
10 101
10 109
10 110
10 111
10 112
10 119
11 12
11 18
11 20
11 25
11 27
11 28
11 31
11 35
11 39
11 42
11 43
11 44
11 47
11 50
11 51
11 53
11 54
11 59
11 61
11 64
11 69
11 70
11 71
11 75
11 78
11 80
11 82
11 88
11 94
11 96
11 97
11 100
11 106
11 110
11 114
11 116
11 118
12 14
12 15
12 16
12 17
12 19
12 24
12 29
12 30
12 35
12 39
12 40
12 42
12 47
12 54
12 55
12 60
12 61
12 66
12 70
12 71
12 72
12 73
12 80
12 81
12 82
12 87
12 88
12 89
12 90
12 91
12 96
12 99
12 105
12 106
12 107
12 110
12 112
12 117
12 118
13 15
13 17
13 19
13 20
13 25
13 28
13 29
13 31
13 37
13 39
13 44
13 47
13 49
13 50
13 57
13 64
13 68
13 75
13 76
13 78
13 79
13 81
13 82
13 84
13 87
13 88
13 93
13 94
13 99
13 102
13 103
13 104
13 107
13 109
13 111
13 112
13 113
13 116
13 119
14 21
14 22
14 26
14 29
14 30
14 31
14 34
14 35
14 36
14 37
14 40
14 43
14 45
14 46
14 54
14 55
14 56
14 57
14 59
14 66
14 68
14 69
14 72
14 74
14 76
14 81
14 82
14 85
14 86
14 87
14 89
14 90
14 91
14 92
14 99
14 100
14 103
14 115
15 16
15 18
15 22
15 26
15 30
15 37
15 40
15 47
15 48
15 50
15 52
15 55
15 57
15 58
15 59
15 63
15 64
15 66
15 72
15 74
15 75
15 76
15 77
15 79
15 81
15 84
15 85
15 92
15 99
15 102
15 109
15 111
15 112
15 113
16 20
16 22
16 23
16 27
16 28
16 34
16 35
16 37
16 55
16 56
16 57
16 62
16 63
16 65
16 68
16 71
16 73
16 74
16 77
16 79
16 82
16 83
16 84
16 85
16 86
16 89
16 91
16 95
16 98
16 99
16 100
16 101
16 104
16 111
16 113
16 116
16 118
17 21
17 23
17 26
17 28
17 30
17 32
17 37
17 41
17 44
17 52
17 53
17 54
17 55
17 61
17 65
17 70
17 72
17 79
17 83
17 84
17 86
17 91
17 92
17 93
17 96
17 102
17 103
17 104
17 105
17 106
17 107
17 110
17 112
17 113
17 114
17 115
17 116
17 117
17 118
18 19
18 20
18 28
18 31
18 32
18 34
18 35
18 37
18 38
18 41
18 42
18 43
18 44
18 45
18 49
18 53
18 54
18 58
18 60
18 63
18 65
18 68
18 71
18 77
18 81
18 83
18 89
18 90
18 95
18 97
18 100
18 106
18 107
18 108
18 110
18 111
18 114
18 117
18 118
19 25
19 28
19 32
19 37
19 45
19 49
19 52
19 53
19 54
19 57
19 64
19 71
19 72
19 73
19 75
19 80
19 82
19 88
19 94
19 95
19 108
19 113
19 117
19 118
19 119
20 25
20 28
20 33
20 34
20 35
20 36
20 39
20 43
20 47
20 49
20 51
20 52
20 57
20 58
20 59
20 61
20 67
20 75
20 77
20 80
20 81
20 85
20 87
20 90
20 92
20 95
20 97
20 99
20 104
20 106
20 111
20 113
20 116
20 117
21 25
21 31
21 32
21 33
21 36
21 37
21 38
21 39
21 45
21 46
21 49
21 52
21 54
21 57
21 58
21 61
21 62
21 63
21 64
21 66
21 68
21 69
21 70
21 73
21 78
21 86
21 87
21 89
21 90
21 91
21 94
21 96
21 97
21 98
21 102
21 104
21 106
21 111
21 113
21 116
22 24
22 27
22 30
22 32
22 34
22 35
22 36
22 37
22 40
22 42
22 45
22 46
22 49
22 50
22 57
22 58
22 60
22 61
22 63
22 69
22 73
22 74
22 78
22 83
22 89
22 91
22 92
22 93
22 95
22 97
22 100
22 102
22 103
22 107
22 108
22 110
22 112
22 115
22 116
22 118
23 26
23 28
23 29
23 30
23 34
23 36
23 38
23 39
23 45
23 46
23 47
23 50
23 51
23 63
23 72
23 78
23 79
23 86
23 87
23 89
23 90
23 91
23 93
23 94
23 97
23 100
23 105
23 109
23 112
23 113
23 114
23 118
24 25
24 28
24 30
24 37
24 38
24 39
24 47
24 50
24 53
24 54
24 55
24 56
24 59
24 64
24 65
24 68
24 69
24 71
24 72
24 73
24 74
24 75
24 76
24 77
24 78
24 82
24 83
24 85
24 86
24 87
24 89
24 90
24 94
24 98
24 99
24 100
24 102
24 108
24 111
24 112
24 115
24 116
25 26
25 30
25 31
25 32
25 33
25 34
25 39
25 40
25 41
25 47
25 48
25 49
25 53
25 55
25 56
25 58
25 59
25 60
25 63
25 64
25 71
25 72
25 74
25 82
25 83
25 86
25 88
25 91
25 101
25 105
25 106
25 108
25 109
25 113
25 116
25 119
26 27
26 28
26 30
26 32
26 39
26 41
26 53
26 55
26 56
26 57
26 59
26 69
26 71
26 74
26 77
26 79
26 83
26 85
26 86
26 90
26 94
26 96
26 98
26 105
26 109
26 110
26 114
27 28
27 31
27 33
27 34
27 36
27 38
27 40
27 41
27 44
27 47
27 49
27 52
27 60
27 61
27 65
27 66
27 70
27 71
27 74
27 75
27 76
27 78
27 85
27 87
27 88
27 92
27 95
27 97
27 98
27 100
27 103
27 104
27 105
27 109
27 111
27 112
27 115
27 116
28 29
28 31
28 32
28 36
28 42
28 43
28 45
28 47
28 49
28 51
28 52
28 55
28 58
28 74
28 75
28 79
28 80
28 82
28 84
28 85
28 86
28 87
28 89
28 90
28 93
28 97
28 98
28 99
28 102
28 103
28 106
28 109
28 111
28 112
28 115
28 118
29 34
29 35
29 38
29 39
29 43
29 46
29 48
29 52
29 57
29 61
29 62
29 67
29 69
29 70
29 75
29 76
29 78
29 79
29 82
29 84
29 86
29 91
29 104
29 107
29 108
29 111
29 112
29 114
29 117
30 31
30 33
30 40
30 41
30 48
30 49
30 52
30 55
30 58
30 59
30 62
30 64
30 66
30 67
30 70
30 71
30 74
30 75
30 76
30 82
30 85
30 87
30 89
30 92
30 93
30 99
30 100
30 108
30 114
30 116
31 42
31 46
31 52
31 53
31 55
31 57
31 64
31 67
31 71
31 72
31 75
31 84
31 85
31 86
31 92
31 94
31 100
31 102
31 104
31 108
31 111
31 119
32 33
32 34
32 35
32 37
32 47
32 48
32 50
32 51
32 52
32 57
32 60
32 63
32 65
32 66
32 67
32 70
32 75
32 80
32 81
32 84
32 85
32 86
32 87
32 89
32 91
32 92
32 93
32 95
32 98
32 99
32 104
32 105
32 108
32 112
32 113
32 115
32 116
33 38
33 40
33 41
33 42
33 46
33 50
33 51
33 57
33 61
33 62
33 63
33 64
33 65
33 67
33 68
33 71
33 77
33 80
33 81
33 86
33 88
33 90
33 96
33 99
33 101
33 102
33 105
33 110
33 111
33 112
33 116
33 118
33 119
34 40
34 50
34 56
34 57
34 60
34 61
34 65
34 66
34 74
34 75
34 76
34 77
34 80
34 81
34 85
34 86
34 87
34 88
34 90
34 96
34 100
34 101
34 104
34 105
34 110
34 113
34 116
34 118
35 41
35 42
35 43
35 45
35 47
35 56
35 58
35 64
35 65
35 66
35 67
35 68
35 69
35 72
35 74
35 78
35 80
35 85
35 92
35 93
35 94
35 99
35 101
35 103
35 104
35 105
35 107
35 108
35 109
35 111
35 113
35 114
35 116
35 117
35 119
36 37
36 39
36 40
36 41
36 43
36 44
36 45
36 47
36 52
36 56
36 58
36 59
36 68
36 72
36 75
36 83
36 84
36 86
36 89
36 90
36 98
36 100
36 103
36 104
36 107
36 115
36 116
37 44
37 45
37 47
37 58
37 59
37 62
37 68
37 73
37 75
37 78
37 79
37 88
37 90
37 91
37 94
37 95
37 97
37 99
37 103
37 110
37 115
37 118
38 41
38 42
38 45
38 48
38 49
38 52
38 64
38 65
38 67
38 69
38 72
38 74
38 78
38 80
38 81
38 84
38 87
38 91
38 92
38 93
38 98
38 101
38 106
38 109
38 110
38 111
38 112
38 118
39 42
39 44
39 46
39 50
39 59
39 63
39 64
39 65
39 71
39 74
39 76
39 78
39 82
39 86
39 92
39 95
39 97
39 98
39 99
39 100
39 102
39 109
39 110
39 112
39 114
39 115
39 116
39 117
39 119
40 42
40 47
40 50
40 51
40 52
40 55
40 58
40 59
40 61
40 64
40 68
40 69
40 70
40 78
40 80
40 83
40 84
40 86
40 87
40 91
40 94
40 95
40 97
40 98
40 99
40 103
40 106
40 107
40 110
40 111
40 112
40 114
40 117
41 45
41 53
41 58
41 65
41 67
41 69
41 70
41 75
41 77
41 78
41 81
41 82
41 83
41 84
41 85
41 87
41 89
41 95
41 100
41 101
41 102
41 104
41 105
41 110
41 111
41 112
41 115
41 116
41 117
42 44
42 47
42 50
42 54
42 55
42 61
42 68
42 71
42 78
42 80
42 86
42 88
42 90
42 92
42 94
42 100
42 102
42 104
42 105
42 108
42 110
42 115
43 45
43 47
43 50
43 51
43 52
43 57
43 63
43 66
43 68
43 70
43 71
43 72
43 76
43 78
43 79
43 80
43 82
43 85
43 86
43 92
43 95
43 96
43 97
43 99
43 104
43 107
43 108
43 111
43 118
44 49
44 50
44 54
44 58
44 62
44 65
44 66
44 73
44 74
44 77
44 78
44 80
44 81
44 88
44 90
44 97
44 100
44 101
44 110
44 116
45 48
45 53
45 57
45 58
45 61
45 63
45 68
45 72
45 77
45 80
45 83
45 87
45 88
45 90
45 93
45 95
45 96
45 98
45 101
45 103
45 104
45 105
45 109
45 111
45 112
45 116
45 117
45 118
46 47
46 48
46 59
46 60
46 67
46 71
46 78
46 81
46 83
46 87
46 88
46 95
46 98
46 99
46 101
46 102
46 103
46 105
46 106
46 109
46 113
46 114
46 118
46 119
47 50
47 56
47 60
47 62
47 63
47 69
47 75
47 76
47 79
47 80
47 81
47 83
47 87
47 90
47 98
47 100
47 101
47 105
47 107
47 108
47 110
47 111
47 116
47 117
47 119
48 53
48 54
48 57
48 63
48 69
48 72
48 75
48 78
48 80
48 81
48 85
48 87
48 89
48 95
48 97
48 98
48 99
48 102
48 105
48 109
48 111
48 113
48 118
49 51
49 52
49 56
49 57
49 61
49 62
49 67
49 69
49 70
49 71
49 80
49 85
49 86
49 87
49 88
49 90
49 91
49 96
49 97
49 99
49 101
49 103
49 109
49 114
49 116
49 117
50 53
50 56
50 58
50 64
50 66
50 67
50 81
50 82
50 84
50 85
50 88
50 90
50 91
50 92
50 93
50 94
50 96
50 106
50 110
50 112
51 53
51 56
51 58
51 60
51 63
51 68
51 70
51 75
51 77
51 80
51 81
51 82
51 83
51 85
51 86
51 88
51 93
51 94
51 96
51 97
51 101
51 103
51 104
51 106
51 108
51 111
51 118
51 119
52 54
52 56
52 58
52 60
52 61
52 63
52 79
52 84
52 86
52 89
52 93
52 95
52 99
52 101
52 105
52 106
52 108
52 112
52 118
52 119
53 59
53 61
53 65
53 66
53 67
53 83
53 85
53 87
53 94
53 95
53 96
53 98
53 105
53 106
53 111
53 116
53 119
54 55
54 56
54 62
54 66
54 69
54 73
54 75
54 79
54 80
54 82
54 87
54 88
54 90
54 94
54 95
54 96
54 100
54 103
54 107
54 116
54 119
55 56
55 57
55 59
55 61
55 67
55 69
55 70
55 72
55 75
55 77
55 81
55 82
55 84
55 86
55 88
55 93
55 96
55 98
55 102
55 103
55 116
56 60
56 61
56 62
56 65
56 68
56 75
56 78
56 79
56 80
56 82
56 88
56 93
56 97
56 99
56 100
56 103
56 104
56 105
56 119
57 61
57 67
57 69
57 71
57 72
57 78
57 79
57 80
57 83
57 84
57 86
57 89
57 93
57 95
57 97
57 98
57 100
57 101
57 105
57 110
57 113
57 115
57 116
57 117
57 119
58 63
58 68
58 70
58 73
58 78
58 81
58 83
58 85
58 86
58 91
58 92
58 94
58 98
58 99
58 102
58 103
58 104
58 105
58 106
58 108
58 113
58 115
58 118
59 62
59 63
59 74
59 75
59 76
59 86
59 95
59 96
59 100
59 104
59 105
59 107
59 108
59 110
59 113
59 117
59 118
59 119
60 63
60 64
60 66
60 67
60 69
60 76
60 84
60 85
60 91
60 98
60 101
60 102
60 104
60 111
60 113
60 115
60 118
61 63
61 72
61 73
61 75
61 76
61 77
61 80
61 83
61 89
61 93
61 95
61 96
61 98
61 103
61 109
61 110
61 112
61 113
61 115
61 118
62 66
62 69
62 71
62 74
62 75
62 77
62 80
62 83
62 84
62 87
62 92
62 93
62 95
62 98
62 101
62 105
62 113
62 114
62 115
62 116
63 64
63 67
63 68
63 69
63 73
63 79
63 80
63 82
63 85
63 89
63 92
63 93
63 95
63 98
63 100
63 101
63 102
63 112
63 114
63 119
64 72
64 74
64 79
64 81
64 84
64 87
64 90
64 93
64 97
64 99
64 102
64 103
64 105
64 107
64 109
64 110
64 112
64 118
65 69
65 71
65 78
65 88
65 90
65 93
65 96
65 100
65 102
65 105
65 109
65 111
65 118
66 68
66 71
66 72
66 78
66 80
66 83
66 90
66 99
66 103
66 104
66 105
66 106
66 111
66 115
66 117
67 76
67 78
67 79
67 80
67 83
67 84
67 90
67 92
67 93
67 96
67 98
67 104
67 110
67 118
68 69
68 70
68 77
68 83
68 85
68 86
68 92
68 95
68 102
68 103
68 104
68 110
68 114
68 115
68 117
69 70
69 71
69 72
69 77
69 80
69 84
69 85
69 90
69 92
69 95
69 97
69 99
69 100
69 104
69 109
69 111
69 112
69 115
69 117
69 118
70 73
70 74
70 75
70 77
70 81
70 86
70 94
70 101
70 110
70 113
70 114
70 117
71 72
71 73
71 74
71 75
71 76
71 77
71 78
71 87
71 89
71 97
71 98
71 100
71 102
71 106
71 109
72 75
72 76
72 77
72 78
72 82
72 84
72 85
72 86
72 87
72 91
72 92
72 93
72 99
72 101
72 103
72 105
72 108
72 109
72 110
72 111
72 112
72 116
72 117
72 119
73 75
73 76
73 80
73 82
73 83
73 84
73 88
73 91
73 97
73 101
73 104
73 110
73 117
73 119
74 79
74 80
74 82
74 83
74 85
74 86
74 89
74 91
74 95
74 97
74 100
74 103
74 105
74 106
74 107
74 115
74 118
75 76
75 77
75 80
75 81
75 83
75 90
75 92
75 102
75 106
75 107
75 109
75 110
75 111
75 117
76 78
76 83
76 88
76 90
76 92
76 93
76 101
76 104
76 105
76 106
76 107
76 108
76 109
76 111
76 112
76 113
76 114
76 116
77 78
77 80
77 84
77 88
77 89
77 90
77 94
77 98
77 100
77 101
77 103
77 115
77 116
78 81
78 85
78 87
78 89
78 95
78 99
78 101
78 103
78 104
78 105
78 108
78 109
78 113
78 117
78 119
79 80
79 81
79 84
79 87
79 89
79 90
79 96
79 98
79 105
79 106
79 111
79 114
79 116
79 117
80 82
80 83
80 85
80 87
80 99
80 101
80 102
80 107
80 108
80 111
80 114
81 84
81 88
81 89
81 90
81 92
81 93
81 97
81 99
81 100
81 101
81 103
81 104
81 106
81 108
81 109
81 111
82 84
82 86
82 96
82 98
82 101
82 114
82 115
83 85
83 86
83 87
83 89
83 91
83 94
83 97
83 99
83 102
83 103
83 105
83 107
83 108
83 109
83 110
83 115
83 116
83 118
84 87
84 90
84 96
84 100
84 104
84 106
84 111
84 117
84 119
85 86
85 88
85 90
85 101
85 103
85 105
85 106
85 107
85 108
85 109
85 112
85 113
85 115
85 116
86 88
86 89
86 91
86 92
86 94
86 96
86 97
86 99
86 100
86 101
86 104
86 106
86 107
86 109
86 114
86 116
86 117
86 119
87 94
87 95
87 96
87 99
87 100
87 103
87 104
87 105
87 108
87 111
87 112
87 113
87 117
87 118
87 119
88 89
88 92
88 94
88 95
88 106
88 107
88 109
89 90
89 91
89 92
89 93
89 94
89 96
89 100
89 106
89 108
89 110
89 113
89 114
89 116
90 91
90 94
90 96
90 98
90 103
90 106
90 112
90 115
91 92
91 93
91 94
91 95
91 96
91 98
91 101
91 102
91 104
91 107
91 113
91 117
92 95
92 96
92 97
92 99
92 101
92 104
92 105
92 107
92 108
92 114
92 116
92 118
93 94
93 96
93 98
93 99
93 100
93 102
93 106
93 111
93 112
93 114
93 115
93 116
93 117
93 119
94 99
94 105
94 108
94 109
94 110
94 115
94 119
95 100
95 101
95 102
95 104
95 107
95 108
95 112
95 113
95 114
95 115
95 117
95 118
96 97
96 101
96 109
96 111
96 112
96 113
96 115
96 119
97 102
97 104
97 107
97 110
98 103
98 104
98 106
98 108
98 109
98 119
99 101
99 105
99 106
99 107
99 110
99 111
99 112
99 113
99 115
99 117
99 118
100 101
100 105
100 106
100 110
100 112
100 115
100 117
100 118
101 102
101 103
101 106
101 107
101 113
101 116
101 117
102 106
102 109
102 111
102 112
102 113
102 115
102 117
103 107
103 111
103 114
103 116
103 117
104 105
104 109
104 112
104 117
104 118
104 119
105 107
105 110
105 113
105 114
105 116
105 118
106 109
106 111
107 109
107 114
107 116
107 117
107 118
107 119
108 109
108 111
108 114
109 110
109 112
109 115
109 116
111 115
111 116
111 117
112 113
112 115
112 116
113 117
113 118
114 115
114 116
114 117
114 118
114 119
115 117
115 118
115 119
116 117
116 118
116 119
118 119
