0 1
0 2
0 3
0 4
0 5
0 9
0 15
0 18
0 19
0 20
0 35
0 108
1 2
1 9
1 12
1 13
1 14
1 17
1 18
1 20
1 21
1 22
1 30
1 88
1 105
2 3
2 5
2 8
2 10
2 16
2 18
2 19
2 20
2 44
2 54
2 67
2 90
3 4
3 6
3 8
3 9
3 11
3 12
3 18
3 20
3 22
3 50
3 68
3 70
3 76
3 92
3 101
4 5
4 6
4 8
4 10
4 13
4 17
4 22
4 30
4 37
4 43
4 53
4 66
4 74
4 94
5 6
5 8
5 13
5 17
5 18
5 19
5 22
5 23
5 55
5 75
5 104
5 105
6 9
6 10
6 12
6 18
6 19
6 60
6 103
7 9
7 10
7 13
7 14
7 19
7 20
7 30
7 51
7 58
7 60
7 61
7 79
7 83
7 91
7 114
8 9
8 12
8 13
8 14
8 18
8 19
8 20
8 21
8 42
8 77
8 104
8 116
9 13
9 17
9 18
9 26
9 27
9 42
9 46
9 59
9 114
10 16
10 18
10 19
10 20
10 23
10 36
10 71
10 73
11 14
11 15
11 20
11 21
11 38
11 46
11 73
11 96
12 14
12 15
12 16
12 17
12 18
12 22
12 26
12 47
12 51
12 55
12 63
12 74
12 104
13 15
13 16
13 17
13 23
13 52
13 55
13 68
13 74
13 105
13 108
13 114
14 15
14 16
14 17
14 76
14 104
15 16
15 17
15 19
15 21
15 22
15 23
15 38
15 76
16 17
16 18
16 19
16 21
16 22
16 28
16 86
16 101
17 21
17 23
17 35
17 45
17 103
18 20
18 21
18 22
18 23
18 25
18 40
18 42
18 47
18 81
18 84
19 20
19 39
19 40
19 71
19 110
19 112
20 22
20 25
20 60
20 69
20 76
20 82
20 101
20 110
20 116
21 31
21 65
21 70
21 71
21 83
21 97
22 45
22 55
22 62
22 75
22 91
22 99
23 29
23 77
23 91
23 113
23 119
24 25
24 26
24 27
24 29
24 33
24 34
24 35
24 36
24 39
24 41
24 42
24 45
24 46
24 47
24 65
24 69
24 71
25 28
25 31
25 37
25 40
25 41
25 42
25 44
25 46
25 48
25 53
25 62
25 63
25 66
25 99
25 105
26 28
26 29
26 33
26 35
26 36
26 38
26 40
26 41
26 42
26 45
26 47
26 49
26 55
27 29
27 33
27 34
27 35
27 36
27 38
27 42
27 44
27 99
28 32
28 37
28 42
28 44
28 47
28 72
28 100
28 118
29 30
29 31
29 34
29 35
29 36
29 39
29 40
29 43
29 44
29 51
29 59
29 77
29 81
29 93
29 105
30 32
30 34
30 40
30 42
30 43
30 45
30 46
30 47
30 54
30 69
30 79
30 91
30 93
30 103
31 32
31 34
31 35
31 36
31 37
31 42
31 43
31 45
31 49
31 53
31 73
31 99
31 102
32 37
32 42
32 45
32 47
32 84
32 91
32 114
33 34
33 35
33 36
33 37
33 38
33 40
33 41
33 52
33 87
33 103
34 35
34 38
34 40
34 44
34 45
34 46
34 47
34 58
34 92
34 94
34 98
35 39
35 44
35 47
35 49
35 69
35 103
36 37
36 38
36 39
36 40
36 42
36 43
36 61
36 63
36 68
36 73
36 84
36 95
36 107
37 40
37 41
37 42
37 44
37 47
37 64
37 84
37 87
37 93
37 105
37 107
38 41
38 42
38 46
38 47
38 107
39 41
39 42
39 43
39 44
39 46
39 65
39 116
40 42
40 45
40 46
40 47
40 50
40 51
40 98
40 107
40 109
41 43
41 47
41 48
41 70
41 78
41 88
41 101
41 105
41 107
41 111
42 43
42 44
42 47
42 61
42 82
43 45
43 46
43 54
43 88
43 102
43 115
43 117
43 118
44 45
44 55
44 73
44 75
44 88
44 94
44 107
45 47
45 48
45 103
45 118
46 65
46 77
46 85
46 90
46 98
46 103
46 109
47 65
47 68
47 86
47 111
48 50
48 51
48 52
48 53
48 54
48 55
48 56
48 57
48 58
48 60
48 61
48 66
48 67
48 69
48 71
48 94
48 99
48 100
49 50
49 52
49 53
49 54
49 55
49 57
49 59
49 60
49 61
49 62
49 65
49 68
49 69
49 70
49 71
49 87
50 51
50 55
50 56
50 57
50 62
50 63
50 64
50 67
50 68
50 92
50 93
50 118
51 53
51 55
51 59
51 62
51 67
51 68
51 70
51 74
52 53
52 56
52 57
52 58
52 62
52 67
52 70
52 71
52 77
52 78
52 110
53 54
53 55
53 56
53 60
53 62
53 68
53 71
53 103
54 55
54 57
54 58
54 64
54 68
54 72
54 90
54 93
54 107
54 115
55 57
55 58
55 59
55 60
55 61
55 63
55 64
55 67
55 83
55 103
55 106
56 59
56 60
56 62
56 69
56 75
56 76
56 98
57 58
57 62
57 64
57 65
57 66
57 67
57 69
57 70
57 98
58 59
58 63
58 65
58 67
58 68
58 99
58 106
59 60
59 61
59 67
59 75
59 77
59 100
59 103
60 62
60 63
60 64
60 67
60 70
60 88
60 108
60 109
60 114
60 118
61 62
61 64
61 67
61 71
61 78
61 82
61 109
62 64
62 68
62 70
62 71
62 79
62 104
63 65
63 69
63 70
63 71
63 91
63 116
63 117
63 119
64 68
64 69
64 70
64 99
64 114
65 66
65 67
65 69
65 70
65 71
65 100
66 70
66 73
66 82
66 103
67 68
67 70
67 71
67 104
67 110
67 111
68 69
68 70
68 89
68 100
68 116
69 71
69 81
70 105
71 73
72 73
72 74
72 75
72 78
72 81
72 83
72 85
72 86
72 87
72 89
72 90
72 92
72 94
72 95
72 99
73 74
73 78
73 79
73 80
73 81
73 82
73 83
73 89
73 93
74 79
74 80
74 82
74 85
74 88
74 89
74 92
74 93
74 96
74 115
75 78
75 79
75 80
75 82
75 85
75 91
75 94
75 95
75 105
75 106
75 112
76 78
76 79
76 80
76 82
76 84
76 85
76 87
76 88
76 95
77 79
77 80
77 82
77 83
77 85
77 86
77 88
77 90
77 92
77 101
78 81
78 94
78 95
79 82
79 86
79 89
79 94
79 113
80 81
80 83
80 90
80 93
80 94
81 88
81 90
81 94
81 95
81 109
81 117
82 87
82 88
82 91
82 93
82 98
83 93
83 95
83 101
83 110
84 86
84 88
84 89
84 90
84 92
84 99
84 106
84 109
85 87
85 88
85 89
85 90
85 94
85 95
85 114
86 89
86 90
86 92
86 94
86 95
86 96
86 111
86 112
87 89
87 91
87 92
87 93
87 99
87 111
87 117
88 89
88 94
89 90
89 91
89 113
89 115
90 91
90 93
91 92
92 118
93 94
93 101
93 107
94 98
94 99
94 103
95 105
96 98
96 100
96 107
96 109
96 110
96 114
96 117
97 99
97 102
97 105
97 108
97 112
97 114
97 116
97 119
98 99
98 101
98 102
98 104
98 106
98 108
98 115
98 116
98 117
99 104
99 108
99 113
99 114
99 116
99 118
100 106
100 108
100 109
100 111
100 112
101 102
101 103
101 104
101 105
101 106
101 110
101 112
101 116
101 117
101 119
102 103
102 105
102 107
102 108
102 109
102 110
102 111
102 114
102 115
102 118
103 104
103 105
103 106
103 110
103 111
103 116
103 117
103 118
103 119
104 105
104 111
104 113
104 116
104 119
105 106
105 107
105 108
105 110
105 112
105 113
105 116
105 119
106 108
106 111
106 112
106 114
106 115
106 117
107 109
107 110
107 111
107 115
107 118
108 109
108 114
108 115
108 116
108 118
109 110
109 112
109 116
110 113
110 114
110 115
110 116
110 117
111 112
111 115
111 116
111 118
111 119
112 113
112 115
113 115
113 118
114 116
114 117
114 118
115 117
116 118
116 119
117 118
118 119
