0 3
0 42
0 46
0 56
0 59
0 65
0 93
0 98
1 24
1 39
1 40
1 62
1 74
1 89
1 93
1 109
2 17
2 21
2 41
2 42
2 58
2 70
2 80
2 93
2 95
2 104
2 106
2 109
3 38
3 58
3 80
3 109
3 119
4 9
4 14
4 18
4 35
4 45
4 52
4 56
4 70
4 86
4 119
5 25
5 46
5 61
5 83
6 8
6 20
6 36
6 38
6 60
6 84
7 12
7 34
7 85
8 14
8 18
8 19
8 64
8 91
8 103
9 12
9 17
9 18
9 23
9 35
9 36
9 48
9 53
9 59
9 69
9 71
9 83
9 103
9 105
10 19
10 24
10 48
10 49
10 55
10 62
10 94
11 20
11 22
11 23
11 30
11 45
11 54
11 63
11 70
11 77
11 84
11 85
11 89
11 106
11 111
11 112
11 116
12 13
12 22
12 35
12 37
12 56
12 81
12 89
12 94
13 32
13 52
13 66
13 88
13 90
13 114
14 20
14 23
14 30
14 31
14 40
14 62
14 119
15 35
15 49
15 57
15 86
16 31
16 42
16 45
16 46
16 106
17 43
17 113
17 118
18 69
18 71
18 82
18 83
18 92
18 100
18 102
18 106
19 26
19 29
19 40
19 67
19 77
19 79
19 80
19 91
19 92
19 94
19 101
19 115
20 33
20 46
20 50
20 54
20 58
20 97
20 102
20 104
20 108
20 111
20 119
21 38
21 55
21 57
21 68
21 78
21 104
21 111
21 116
22 24
22 37
22 61
22 64
22 68
22 89
22 95
22 109
22 115
23 30
23 35
23 42
23 43
23 45
23 50
23 78
23 90
23 97
23 110
23 112
24 33
24 39
24 64
24 70
24 83
24 103
24 107
25 41
25 46
25 61
25 112
25 116
26 29
26 37
26 39
26 76
26 77
26 81
26 94
26 106
27 49
27 55
27 70
27 103
27 108
27 113
27 118
28 29
28 34
28 45
28 55
28 57
28 60
28 72
28 75
28 107
28 118
29 36
29 47
29 50
29 68
29 83
29 84
29 101
30 49
30 55
30 76
30 81
30 82
30 101
30 112
30 113
31 40
31 65
31 76
31 98
31 99
32 71
32 75
32 77
32 80
32 100
33 43
33 44
33 49
33 65
33 67
33 90
33 113
34 52
34 53
34 68
34 87
34 89
34 96
35 56
35 71
35 72
35 80
35 99
35 103
35 109
35 118
35 119
36 48
36 59
36 76
36 91
36 106
37 69
37 79
37 88
37 111
38 45
38 51
38 53
38 67
38 89
38 102
38 110
39 48
39 84
39 93
39 109
40 45
40 46
40 47
40 48
40 60
40 72
40 73
40 74
40 95
40 100
41 54
41 70
41 99
42 84
42 91
42 92
42 101
42 106
42 113
42 119
43 45
43 58
43 64
43 66
43 68
43 69
43 80
43 81
43 88
43 94
43 95
43 112
44 59
44 80
44 105
44 113
45 47
45 57
45 68
45 82
45 92
45 107
46 53
46 66
46 83
47 62
47 71
47 105
47 115
47 117
48 63
48 68
48 76
48 82
48 101
48 107
49 62
49 68
49 80
49 82
49 92
49 101
50 51
50 85
50 107
50 111
51 77
51 86
51 103
52 66
52 69
52 81
52 88
53 54
53 55
53 59
53 66
53 68
53 77
53 82
53 92
53 103
54 64
54 68
55 68
55 78
55 101
55 107
55 117
56 63
56 70
56 73
56 94
56 95
56 98
56 116
57 61
57 71
57 88
57 100
58 60
58 68
58 76
58 80
58 86
58 111
59 90
59 93
59 96
59 97
59 99
59 106
60 84
60 94
60 96
60 102
60 104
60 105
61 71
61 80
61 85
61 94
61 109
62 72
62 89
62 110
62 117
63 68
63 111
63 118
64 65
64 69
64 70
64 91
64 92
64 94
64 109
64 110
64 119
65 108
66 68
66 82
66 109
66 113
67 82
67 90
67 91
67 97
67 102
67 109
68 118
69 103
69 113
69 117
70 71
70 98
70 114
71 78
71 104
72 80
72 84
72 90
72 94
72 106
72 107
72 111
72 112
73 79
73 84
73 105
73 115
74 76
74 80
74 103
74 104
75 79
75 80
75 85
75 87
75 98
75 104
75 106
76 93
76 103
77 81
77 83
77 106
78 103
79 87
79 94
79 99
80 85
80 89
80 91
80 94
81 86
82 86
82 96
82 105
82 106
82 111
82 116
83 111
83 115
84 109
84 114
85 88
85 109
85 110
85 116
86 96
88 91
88 102
88 116
89 98
89 109
89 111
89 113
89 114
90 99
90 101
91 110
91 114
92 95
92 97
93 105
95 103
95 115
96 115
97 108
98 114
98 116
99 105
99 115
99 116
101 110
101 117
102 112
102 114
103 104
103 107
103 119
104 110
105 110
105 119
108 115
108 119
109 111
111 119
113 114
116 119
117 119
