0 1
0 2
0 3
0 4
0 5
0 6
0 7
0 8
0 9
0 10
0 11
0 12
0 13
0 14
0 15
0 16
0 17
0 18
0 19
0 20
0 21
0 26
0 28
0 30
0 31
0 32
0 33
0 34
0 35
0 37
0 41
0 49
0 51
0 54
0 58
0 64
0 65
0 66
0 72
0 75
0 80
0 81
0 83
0 91
0 92
0 95
0 106
0 111
0 112
0 114
0 118
1 11
1 12
1 14
1 16
1 18
1 19
1 25
1 27
1 29
1 30
1 34
1 35
1 36
1 37
1 38
1 39
1 40
1 41
1 42
1 47
1 51
1 54
1 57
1 58
1 60
1 63
1 66
1 70
1 77
1 83
1 84
1 91
1 94
1 106
1 112
2 11
2 12
2 14
2 15
2 17
2 19
2 20
2 23
2 24
2 26
2 27
2 31
2 42
2 44
2 53
2 65
2 78
2 87
2 90
2 116
3 11
3 12
3 13
3 14
3 15
3 16
3 18
3 22
3 26
3 28
3 29
3 30
3 35
3 39
3 41
3 42
3 43
3 46
3 54
3 60
3 66
3 71
3 76
3 79
3 80
3 91
3 95
3 119
4 11
4 12
4 13
4 14
4 15
4 17
4 18
4 20
4 21
4 22
4 23
4 26
4 28
4 31
4 33
4 36
4 40
4 45
4 48
4 52
4 57
4 59
4 69
4 71
4 72
4 73
4 75
4 81
4 84
4 85
4 95
4 97
4 102
5 12
5 13
5 16
5 17
5 23
5 25
5 32
5 35
5 40
5 44
5 59
5 76
6 11
6 12
6 14
6 16
6 17
6 23
6 26
6 31
6 34
6 38
6 46
6 49
6 62
6 77
6 89
6 103
7 11
7 12
7 13
7 14
7 15
7 18
7 23
7 24
7 25
7 26
7 32
7 33
7 37
7 39
7 42
7 43
7 46
7 58
7 60
7 61
7 62
7 73
7 74
7 75
7 83
7 96
7 97
7 104
7 115
7 118
8 11
8 12
8 13
8 15
8 19
8 23
8 24
8 25
8 35
8 36
8 38
8 44
8 48
8 51
8 52
8 53
8 57
8 61
8 69
8 70
8 82
8 85
9 11
9 13
9 19
9 21
9 31
9 36
9 52
9 64
9 66
9 76
9 78
9 87
9 91
9 98
9 113
10 11
10 13
10 15
10 19
10 22
10 27
10 29
10 32
10 35
10 38
10 40
10 41
10 51
10 64
10 78
10 98
10 104
10 105
10 106
11 12
11 13
11 14
11 15
11 16
11 17
11 18
11 19
11 20
11 22
11 23
11 25
11 26
11 30
11 32
11 34
11 36
11 39
11 43
11 45
11 46
11 47
11 49
11 51
11 53
11 59
11 61
11 62
11 64
11 68
11 69
11 75
11 78
11 80
11 86
11 87
11 95
11 96
11 105
11 106
11 108
11 110
11 116
11 119
12 13
12 14
12 15
12 16
12 17
12 19
12 20
12 21
12 22
12 23
12 24
12 27
12 28
12 29
12 30
12 34
12 36
12 37
12 41
12 44
12 45
12 46
12 47
12 55
12 58
12 61
12 63
12 75
12 77
12 82
12 85
12 86
12 95
12 96
12 97
12 103
12 108
12 115
13 14
13 15
13 16
13 17
13 18
13 20
13 21
13 25
13 27
13 28
13 29
13 30
13 32
13 33
13 37
13 49
13 51
13 55
13 58
13 59
13 61
13 67
13 71
13 79
13 82
13 111
13 114
14 16
14 17
14 18
14 21
14 22
14 23
14 24
14 27
14 28
14 35
14 36
14 46
14 48
14 50
14 58
14 59
14 61
14 63
14 64
14 67
14 68
14 73
14 81
14 83
14 88
14 95
14 100
14 110
14 116
15 16
15 17
15 18
15 19
15 20
15 22
15 23
15 25
15 27
15 29
15 31
15 33
15 43
15 47
15 52
15 54
15 56
15 62
15 72
15 78
15 79
15 81
15 83
15 84
15 86
15 87
15 94
15 95
15 98
15 105
15 106
15 109
15 110
15 111
16 18
16 20
16 21
16 22
16 24
16 25
16 29
16 31
16 33
16 40
16 42
16 44
16 47
16 48
16 52
16 53
16 55
16 59
16 60
16 68
16 70
16 73
16 83
16 89
16 109
16 113
17 20
17 21
17 34
17 35
17 37
17 38
17 46
17 58
17 73
17 79
17 82
17 91
17 94
17 96
17 97
17 98
17 102
17 113
17 118
17 119
18 19
18 20
18 22
18 24
18 26
18 32
18 34
18 36
18 37
18 38
18 39
18 43
18 45
18 50
18 51
18 52
18 57
18 66
18 67
18 68
18 87
18 93
18 94
18 99
18 107
18 108
19 21
19 27
19 28
19 30
19 32
19 33
19 34
19 37
19 38
19 41
19 42
19 45
19 48
19 56
19 57
19 60
19 62
19 64
19 67
19 72
19 75
19 77
19 87
19 89
19 92
19 95
19 96
19 99
19 100
20 21
20 24
20 25
20 33
20 35
20 40
20 45
20 50
20 51
20 54
20 70
20 71
20 74
20 90
20 93
20 99
20 105
20 109
20 118
21 22
21 26
21 31
21 41
21 43
21 48
21 49
21 56
21 62
21 65
21 81
21 88
21 92
21 102
21 115
22 24
22 28
22 29
22 30
22 31
22 33
22 37
22 38
22 40
22 47
22 52
22 58
22 60
22 67
22 69
22 70
22 88
22 94
22 95
22 103
22 108
22 112
23 24
23 25
23 27
23 28
23 29
23 32
23 36
23 38
23 42
23 45
23 53
23 67
23 72
23 90
23 92
23 93
23 98
23 100
23 112
23 114
23 115
24 26
24 29
24 34
24 41
24 43
24 45
24 53
24 56
24 65
24 69
24 70
24 72
24 74
24 76
24 78
24 83
24 85
24 88
24 94
24 97
24 107
25 30
25 33
25 39
25 40
25 42
25 55
25 63
25 73
25 113
25 116
26 27
26 28
26 31
26 34
26 39
26 44
26 48
26 49
26 50
26 69
26 80
26 83
26 86
26 91
26 92
26 98
26 107
27 55
27 56
27 63
27 71
27 74
27 84
27 90
27 100
27 105
27 107
27 110
28 32
28 35
28 40
28 42
28 43
28 53
28 54
28 60
28 64
28 65
28 68
28 72
28 76
28 77
28 79
28 81
28 91
28 99
28 107
28 110
28 115
28 117
29 30
29 38
29 39
29 41
29 44
29 45
29 50
29 56
29 62
29 66
29 71
29 79
29 81
29 82
29 89
29 90
29 94
29 99
29 104
29 108
30 39
30 41
30 43
30 48
30 49
30 50
30 57
30 60
30 61
30 62
30 69
30 82
30 90
30 91
30 96
30 104
30 116
31 61
31 63
31 65
31 67
31 70
31 75
31 76
31 102
31 108
31 111
32 72
32 74
32 80
32 85
32 88
32 107
32 109
32 119
33 36
33 40
33 44
33 46
33 47
33 49
33 50
33 57
33 64
33 67
33 74
33 81
33 86
33 90
33 101
33 113
34 65
34 75
34 79
34 102
34 108
35 37
35 43
35 44
35 49
35 50
35 56
35 58
35 79
35 89
35 96
35 103
35 109
35 113
35 119
36 39
36 44
36 46
36 47
36 51
36 52
36 54
36 55
36 60
36 89
36 96
36 99
36 107
36 111
36 114
36 117
37 42
37 47
37 56
37 80
37 85
37 90
38 83
38 85
38 86
38 115
39 65
39 68
39 112
39 114
39 119
40 46
40 52
40 54
40 55
40 58
40 66
40 117
41 54
41 71
41 74
41 80
41 101
41 109
41 117
42 45
42 48
42 53
42 56
42 63
42 66
42 84
42 88
42 93
42 103
42 106
42 116
42 118
43 71
43 107
43 110
44 48
44 54
44 59
44 64
44 76
44 100
44 103
45 53
45 59
45 78
45 92
45 98
45 107
46 47
46 51
46 53
46 55
46 62
46 72
46 76
46 90
46 112
46 115
47 67
47 68
47 70
47 80
47 85
48 49
48 50
48 57
48 70
48 77
48 92
48 93
48 104
48 106
48 117
49 50
49 52
49 56
49 60
49 63
49 68
49 71
49 74
49 81
49 82
49 86
49 99
49 109
50 55
50 61
50 63
50 73
50 75
50 79
50 86
50 89
50 95
50 97
50 98
50 110
51 57
51 67
51 73
51 75
51 76
51 77
51 84
51 97
51 98
51 103
52 57
52 73
52 100
53 59
53 62
53 78
53 82
53 101
53 104
54 55
54 64
54 84
54 101
55 66
55 77
55 86
55 87
55 94
55 109
56 63
56 69
56 73
56 111
57 59
57 61
57 91
57 93
57 113
58 66
58 80
58 88
58 105
58 118
59 65
59 107
60 86
60 93
60 105
61 68
61 82
62 81
62 92
62 98
62 102
63 65
63 89
63 109
63 112
64 70
64 89
64 97
64 99
64 111
65 77
65 91
65 93
65 94
65 99
65 100
65 102
65 104
65 112
66 69
66 87
67 68
67 71
67 72
67 74
67 76
67 78
67 80
67 84
67 87
67 88
67 101
67 114
68 69
68 77
68 79
68 93
68 100
68 103
68 114
69 84
69 113
70 94
70 111
70 118
71 74
71 85
71 88
71 92
71 100
72 82
72 83
72 90
73 112
74 78
75 84
75 117
76 110
77 108
77 113
77 119
78 87
78 93
79 96
79 102
79 104
79 108
79 111
79 116
81 88
81 104
81 105
81 106
83 104
83 119
84 85
84 101
85 97
85 103
85 118
86 92
86 103
87 101
87 116
88 89
88 110
88 117
89 106
89 108
89 115
89 119
90 97
91 118
92 106
93 96
94 99
94 100
94 101
96 102
98 101
98 112
98 113
99 101
99 102
99 105
101 115
102 114
102 116
103 114
103 119
104 105
105 109
105 110
107 111
107 115
110 116
111 117
113 114
113 117
115 117
115 118
