0 7
0 8
0 10
0 20
0 22
0 23
0 26
0 28
0 31
0 35
0 37
0 41
0 55
0 56
0 58
0 66
0 68
0 81
0 82
0 95
0 99
0 103
0 104
0 105
0 106
0 107
0 110
0 111
0 115
0 116
0 119
1 2
1 3
1 4
1 11
1 13
1 16
1 18
1 19
1 21
1 22
1 24
1 26
1 30
1 31
1 32
1 33
1 35
1 37
1 38
1 45
1 47
1 49
1 51
1 54
1 55
1 61
1 63
1 65
1 68
1 69
1 72
1 78
1 79
1 83
1 84
1 85
1 86
1 87
1 90
1 92
1 94
1 98
1 110
1 113
1 117
1 118
1 119
2 3
2 4
2 9
2 14
2 15
2 17
2 18
2 23
2 25
2 28
2 31
2 33
2 34
2 39
2 44
2 49
2 54
2 57
2 61
2 69
2 71
2 72
2 75
2 77
2 80
2 85
2 87
2 88
2 93
2 101
2 102
2 109
2 110
2 115
2 116
3 4
3 7
3 9
3 11
3 12
3 19
3 24
3 27
3 34
3 36
3 37
3 38
3 42
3 44
3 48
3 49
3 54
3 55
3 58
3 61
3 68
3 70
3 72
3 73
3 78
3 79
3 81
3 84
3 85
3 86
3 94
3 95
3 99
3 102
3 103
3 108
3 113
3 114
3 115
3 119
4 6
4 13
4 14
4 18
4 19
4 24
4 25
4 26
4 28
4 40
4 41
4 44
4 46
4 47
4 48
4 52
4 53
4 57
4 58
4 64
4 68
4 69
4 74
4 75
4 76
4 77
4 81
4 84
4 89
4 92
4 93
4 100
4 102
4 105
4 106
4 107
4 111
4 112
4 113
4 114
4 116
5 13
5 17
5 18
5 19
5 21
5 25
5 27
5 29
5 30
5 31
5 32
5 33
5 36
5 39
5 41
5 43
5 45
5 49
5 51
5 54
5 55
5 57
5 59
5 60
5 65
5 75
5 77
5 78
5 82
5 83
5 85
5 86
5 88
5 89
5 90
5 94
5 100
5 104
5 106
5 107
5 108
5 110
5 114
5 117
5 119
6 7
6 9
6 10
6 12
6 14
6 15
6 18
6 20
6 24
6 35
6 39
6 41
6 45
6 51
6 54
6 62
6 64
6 67
6 68
6 69
6 72
6 78
6 79
6 82
6 87
6 88
6 94
6 96
6 97
6 101
6 102
6 108
6 109
6 110
6 111
6 113
6 114
6 115
6 118
6 119
7 10
7 11
7 18
7 22
7 24
7 25
7 26
7 36
7 40
7 42
7 44
7 46
7 48
7 54
7 57
7 65
7 66
7 67
7 68
7 72
7 75
7 77
7 80
7 83
7 86
7 88
7 89
7 96
7 100
7 101
7 104
7 106
7 109
7 113
7 116
7 117
7 118
7 119
8 9
8 10
8 15
8 16
8 19
8 20
8 22
8 25
8 27
8 32
8 35
8 41
8 49
8 60
8 63
8 65
8 66
8 69
8 71
8 74
8 77
8 78
8 89
8 90
8 97
8 98
8 99
8 104
8 106
8 111
9 16
9 17
9 19
9 23
9 24
9 34
9 35
9 37
9 40
9 43
9 48
9 52
9 56
9 66
9 67
9 72
9 73
9 74
9 76
9 84
9 87
9 88
9 90
9 94
9 96
9 97
9 101
9 102
9 105
9 107
9 116
9 117
9 119
10 11
10 12
10 24
10 32
10 35
10 39
10 40
10 46
10 48
10 49
10 61
10 66
10 68
10 69
10 73
10 75
10 76
10 77
10 82
10 83
10 86
10 87
10 92
10 102
10 106
10 107
10 108
10 112
11 13
11 14
11 16
11 18
11 20
11 21
11 25
11 32
11 35
11 38
11 42
11 44
11 46
11 49
11 51
11 55
11 57
11 59
11 62
11 64
11 65
11 66
11 70
11 74
11 93
11 94
11 96
11 106
11 107
11 108
11 109
11 110
11 111
11 112
11 113
11 114
11 115
11 117
12 15
12 17
12 18
12 19
12 21
12 22
12 23
12 24
12 29
12 31
12 35
12 41
12 44
12 51
12 55
12 58
12 61
12 62
12 63
12 65
12 68
12 73
12 75
12 76
12 78
12 84
12 85
12 86
12 93
12 94
12 95
12 99
12 102
12 106
12 109
12 111
13 17
13 18
13 24
13 28
13 31
13 33
13 36
13 37
13 42
13 46
13 47
13 49
13 50
13 51
13 52
13 53
13 55
13 61
13 67
13 69
13 75
13 76
13 78
13 83
13 84
13 88
13 91
13 97
13 98
13 99
13 101
13 102
13 103
13 105
13 106
13 109
13 114
13 116
13 117
14 19
14 20
14 24
14 26
14 27
14 28
14 29
14 30
14 32
14 36
14 38
14 40
14 45
14 46
14 48
14 53
14 55
14 56
14 57
14 60
14 63
14 66
14 67
14 69
14 71
14 74
14 75
14 79
14 82
14 84
14 86
14 89
14 91
14 92
14 94
14 95
14 99
14 101
14 102
14 111
14 112
14 114
14 117
15 18
15 20
15 27
15 29
15 33
15 36
15 38
15 39
15 40
15 41
15 47
15 49
15 50
15 52
15 62
15 64
15 66
15 68
15 74
15 75
15 76
15 77
15 79
15 81
15 87
15 88
15 92
15 93
15 95
15 98
15 101
15 102
15 104
15 108
15 109
15 112
15 114
15 115
15 118
16 17
16 18
16 20
16 25
16 28
16 29
16 30
16 32
16 34
16 35
16 37
16 39
16 40
16 44
16 46
16 47
16 53
16 55
16 58
16 69
16 71
16 73
16 75
16 77
16 79
16 80
16 91
16 94
16 98
16 100
16 103
16 104
16 106
16 107
16 110
16 115
16 117
17 18
17 25
17 28
17 29
17 30
17 35
17 39
17 40
17 43
17 47
17 48
17 49
17 50
17 53
17 56
17 59
17 60
17 61
17 63
17 70
17 71
17 73
17 77
17 80
17 85
17 86
17 88
17 90
17 96
17 97
17 105
17 107
17 108
17 117
18 21
18 23
18 26
18 29
18 31
18 33
18 34
18 36
18 38
18 40
18 41
18 42
18 43
18 49
18 54
18 58
18 59
18 61
18 62
18 69
18 74
18 75
18 85
18 87
18 88
18 91
18 92
18 93
18 99
18 105
18 110
18 111
18 116
18 117
19 21
19 22
19 25
19 28
19 29
19 34
19 35
19 37
19 41
19 43
19 45
19 48
19 51
19 53
19 63
19 64
19 65
19 70
19 76
19 77
19 79
19 82
19 90
19 99
19 101
19 102
19 103
19 110
19 115
20 22
20 24
20 25
20 27
20 31
20 32
20 37
20 39
20 41
20 43
20 50
20 51
20 53
20 55
20 56
20 58
20 62
20 63
20 66
20 69
20 74
20 78
20 79
20 80
20 81
20 82
20 83
20 85
20 90
20 92
20 96
20 99
20 101
20 106
20 111
20 113
20 117
20 118
21 25
21 26
21 34
21 38
21 39
21 41
21 42
21 43
21 44
21 46
21 49
21 55
21 56
21 57
21 58
21 59
21 62
21 67
21 72
21 75
21 84
21 91
21 92
21 95
21 98
21 101
21 105
21 106
21 110
21 113
21 115
21 116
21 117
21 119
22 26
22 29
22 31
22 33
22 36
22 37
22 38
22 42
22 43
22 44
22 47
22 48
22 51
22 52
22 54
22 55
22 58
22 59
22 65
22 69
22 70
22 71
22 72
22 74
22 76
22 78
22 79
22 81
22 82
22 86
22 90
22 97
22 100
22 105
22 106
22 107
22 111
22 112
22 115
22 116
22 119
23 26
23 29
23 30
23 31
23 33
23 34
23 41
23 50
23 51
23 56
23 58
23 59
23 62
23 64
23 67
23 68
23 72
23 75
23 77
23 79
23 80
23 81
23 86
23 88
23 94
23 96
23 97
23 100
23 109
23 112
23 113
23 117
24 30
24 31
24 37
24 39
24 41
24 42
24 43
24 47
24 49
24 52
24 59
24 60
24 61
24 62
24 69
24 70
24 77
24 80
24 87
24 88
24 89
24 97
24 103
24 104
24 105
24 106
24 107
24 108
24 109
24 110
24 114
24 115
24 118
24 119
25 27
25 33
25 35
25 39
25 40
25 42
25 43
25 44
25 45
25 48
25 52
25 53
25 56
25 60
25 64
25 66
25 67
25 68
25 69
25 70
25 71
25 72
25 74
25 82
25 84
25 89
25 91
25 93
25 95
25 97
25 102
25 105
25 107
25 108
25 111
25 113
25 118
25 119
26 30
26 32
26 33
26 34
26 37
26 38
26 39
26 40
26 42
26 45
26 46
26 53
26 54
26 55
26 56
26 59
26 65
26 68
26 70
26 72
26 75
26 77
26 87
26 88
26 89
26 90
26 92
26 93
26 94
26 95
26 100
26 101
26 104
26 106
26 109
26 113
26 114
26 116
26 119
27 35
27 36
27 38
27 43
27 45
27 46
27 47
27 50
27 51
27 53
27 58
27 59
27 63
27 64
27 67
27 69
27 71
27 74
27 75
27 80
27 86
27 87
27 91
27 96
27 98
27 99
27 100
27 105
27 106
27 109
27 112
27 113
27 114
27 115
27 119
28 29
28 31
28 38
28 40
28 41
28 43
28 46
28 49
28 50
28 53
28 54
28 57
28 58
28 66
28 67
28 69
28 74
28 75
28 76
28 78
28 80
28 81
28 82
28 88
28 90
28 91
28 97
28 100
28 101
28 103
28 106
28 108
28 112
28 114
28 115
28 116
29 31
29 32
29 33
29 44
29 45
29 46
29 47
29 50
29 52
29 53
29 54
29 55
29 57
29 58
29 60
29 65
29 67
29 72
29 74
29 75
29 77
29 78
29 85
29 89
29 91
29 95
29 97
29 99
29 100
29 104
29 108
29 109
29 111
29 113
29 115
29 116
29 118
29 119
30 36
30 38
30 39
30 40
30 41
30 46
30 48
30 50
30 51
30 55
30 61
30 65
30 66
30 68
30 71
30 74
30 75
30 76
30 77
30 80
30 82
30 83
30 87
30 94
30 95
30 96
30 99
30 100
30 101
30 102
30 108
30 109
30 110
30 115
30 116
30 117
30 118
31 32
31 34
31 35
31 39
31 40
31 44
31 48
31 50
31 53
31 54
31 55
31 58
31 59
31 64
31 65
31 69
31 70
31 75
31 76
31 78
31 80
31 81
31 84
31 88
31 91
31 92
31 104
31 105
31 110
31 111
31 113
31 115
31 116
31 117
32 33
32 36
32 40
32 44
32 48
32 53
32 54
32 58
32 61
32 63
32 64
32 65
32 66
32 68
32 73
32 74
32 75
32 79
32 80
32 81
32 82
32 83
32 85
32 86
32 89
32 96
32 98
32 100
32 103
32 104
32 106
32 107
32 108
32 109
32 116
33 34
33 35
33 37
33 40
33 42
33 45
33 48
33 53
33 54
33 56
33 57
33 59
33 61
33 62
33 64
33 69
33 70
33 71
33 75
33 80
33 84
33 86
33 88
33 91
33 93
33 95
33 97
33 98
33 99
33 101
33 102
33 106
33 109
33 110
33 112
33 114
33 115
33 116
33 118
33 119
34 36
34 37
34 38
34 41
34 42
34 43
34 47
34 49
34 51
34 58
34 59
34 60
34 65
34 70
34 72
34 76
34 80
34 83
34 84
34 90
34 91
34 93
34 94
34 95
34 97
34 99
34 100
34 111
34 113
34 115
34 117
34 118
35 38
35 43
35 47
35 48
35 49
35 54
35 55
35 58
35 60
35 70
35 76
35 78
35 79
35 83
35 84
35 86
35 89
35 92
35 94
35 95
35 96
35 97
35 101
35 102
35 103
35 105
35 106
35 116
36 37
36 39
36 42
36 46
36 52
36 57
36 61
36 62
36 72
36 73
36 75
36 76
36 77
36 82
36 87
36 90
36 91
36 96
36 99
36 100
36 101
36 102
36 103
36 104
36 105
36 106
36 107
36 109
36 111
36 116
36 117
37 38
37 41
37 42
37 48
37 49
37 54
37 56
37 61
37 63
37 70
37 71
37 72
37 73
37 76
37 87
37 89
37 90
37 92
37 98
37 101
37 106
37 107
37 113
37 114
38 45
38 46
38 50
38 51
38 55
38 60
38 64
38 65
38 66
38 75
38 80
38 81
38 87
38 88
38 95
38 97
38 101
38 107
38 111
38 116
38 117
38 118
39 42
39 49
39 53
39 58
39 61
39 62
39 66
39 67
39 68
39 74
39 75
39 79
39 81
39 83
39 95
39 98
39 100
39 101
39 103
39 105
39 107
39 110
39 116
40 42
40 43
40 45
40 46
40 47
40 49
40 52
40 54
40 56
40 57
40 59
40 62
40 64
40 65
40 68
40 79
40 81
40 84
40 86
40 87
40 89
40 90
40 93
40 96
40 103
40 104
40 105
40 109
40 111
40 112
40 116
41 43
41 44
41 45
41 52
41 55
41 56
41 59
41 62
41 65
41 68
41 72
41 73
41 77
41 79
41 86
41 87
41 91
41 94
41 98
41 104
41 113
41 115
41 117
41 119
42 45
42 47
42 48
42 49
42 50
42 51
42 56
42 60
42 63
42 64
42 66
42 68
42 71
42 76
42 77
42 78
42 79
42 83
42 84
42 85
42 86
42 88
42 92
42 95
42 97
42 103
42 107
42 112
42 118
43 46
43 50
43 52
43 53
43 54
43 62
43 66
43 70
43 74
43 76
43 77
43 78
43 81
43 82
43 86
43 87
43 89
43 93
43 94
43 96
43 98
43 100
43 102
43 103
43 110
43 116
44 46
44 47
44 48
44 49
44 50
44 51
44 52
44 57
44 62
44 63
44 66
44 67
44 70
44 74
44 76
44 78
44 79
44 87
44 91
44 93
44 94
44 96
44 98
44 102
44 103
44 106
44 109
44 110
44 112
44 116
45 46
45 47
45 48
45 50
45 57
45 62
45 67
45 70
45 71
45 73
45 74
45 77
45 79
45 80
45 83
45 92
45 94
45 97
45 108
45 111
45 114
45 118
45 119
46 50
46 55
46 56
46 57
46 58
46 59
46 63
46 65
46 67
46 68
46 70
46 72
46 73
46 77
46 83
46 88
46 89
46 90
46 92
46 93
46 97
46 99
46 101
46 110
46 112
46 115
46 116
47 48
47 49
47 50
47 54
47 59
47 63
47 64
47 65
47 69
47 76
47 77
47 78
47 83
47 87
47 94
47 96
47 98
47 102
47 105
47 107
47 110
47 111
47 113
47 115
47 118
48 55
48 60
48 61
48 64
48 66
48 67
48 68
48 76
48 77
48 78
48 84
48 85
48 87
48 88
48 89
48 91
48 97
48 98
48 101
48 103
48 106
48 107
48 110
48 115
49 54
49 58
49 62
49 66
49 67
49 69
49 72
49 73
49 76
49 80
49 83
49 84
49 86
49 90
49 91
49 92
49 97
49 103
49 104
49 106
49 108
49 110
49 111
49 118
50 53
50 58
50 60
50 71
50 77
50 80
50 81
50 88
50 92
50 102
50 103
50 104
50 105
50 108
50 109
50 110
50 111
50 115
51 55
51 62
51 68
51 71
51 73
51 75
51 79
51 80
51 83
51 85
51 87
51 89
51 90
51 92
51 93
51 96
51 99
51 103
51 106
51 109
51 110
51 112
51 114
51 115
51 117
52 55
52 56
52 57
52 60
52 69
52 70
52 74
52 75
52 77
52 78
52 79
52 81
52 83
52 87
52 89
52 90
52 97
52 99
52 100
52 104
52 111
52 114
52 117
52 119
53 57
53 59
53 61
53 63
53 66
53 69
53 72
53 82
53 83
53 85
53 89
53 91
53 93
53 94
53 98
53 101
53 102
53 105
53 107
53 108
53 109
53 115
54 57
54 58
54 62
54 70
54 71
54 72
54 73
54 81
54 84
54 86
54 92
54 96
54 97
54 101
54 103
54 104
54 107
54 109
54 117
54 119
55 57
55 61
55 62
55 63
55 65
55 71
55 72
55 73
55 79
55 84
55 88
55 89
55 90
55 94
55 95
55 97
55 99
55 101
55 103
55 107
55 112
55 113
55 115
56 57
56 58
56 59
56 61
56 69
56 73
56 75
56 76
56 84
56 85
56 89
56 91
56 92
56 97
56 98
56 100
56 101
56 106
56 111
56 113
56 114
56 115
56 117
57 58
57 63
57 65
57 67
57 68
57 73
57 76
57 94
57 95
57 99
57 100
57 102
57 105
57 107
57 112
57 114
58 60
58 66
58 68
58 70
58 82
58 84
58 87
58 88
58 92
58 95
58 97
58 102
58 104
58 105
58 106
58 107
58 114
58 115
58 116
58 118
59 60
59 61
59 62
59 63
59 66
59 70
59 71
59 72
59 76
59 80
59 81
59 83
59 84
59 89
59 90
59 99
59 101
59 102
59 103
59 107
59 109
59 112
59 113
59 117
60 62
60 64
60 66
60 67
60 69
60 70
60 71
60 72
60 73
60 74
60 76
60 78
60 81
60 83
60 91
60 93
60 94
60 96
60 98
60 99
60 101
60 102
60 106
60 107
60 108
60 109
60 111
60 112
60 117
60 118
61 69
61 72
61 82
61 83
61 85
61 91
61 93
61 101
61 102
61 108
61 110
61 111
61 118
62 67
62 71
62 78
62 79
62 82
62 83
62 84
62 85
62 86
62 89
62 93
62 94
62 97
62 107
62 115
62 116
62 117
62 119
63 68
63 73
63 74
63 75
63 78
63 80
63 81
63 82
63 83
63 85
63 86
63 87
63 91
63 92
63 96
63 101
63 103
63 104
63 106
63 107
63 110
63 111
63 112
63 113
63 117
63 119
64 68
64 74
64 77
64 87
64 88
64 90
64 92
64 93
64 95
64 97
64 98
64 103
64 105
64 106
64 116
64 119
65 67
65 68
65 69
65 70
65 72
65 76
65 78
65 79
65 80
65 82
65 86
65 87
65 89
65 92
65 95
65 96
65 99
65 100
65 103
65 107
65 111
65 112
65 113
65 116
65 117
65 119
66 67
66 74
66 75
66 77
66 79
66 82
66 83
66 84
66 85
66 90
66 92
66 95
66 106
66 109
66 112
66 113
66 115
66 116
66 118
66 119
67 68
67 72
67 73
67 77
67 82
67 83
67 86
67 90
67 96
67 97
67 98
67 99
67 101
67 104
67 105
67 106
67 109
67 110
67 112
67 113
67 115
67 116
67 117
67 119
68 70
68 74
68 77
68 79
68 83
68 88
68 89
68 93
68 95
68 101
68 103
68 105
68 108
68 111
68 114
68 117
68 119
69 71
69 77
69 80
69 81
69 89
69 96
69 97
69 99
69 101
69 103
69 104
69 107
69 110
69 111
69 112
69 113
69 117
69 118
69 119
70 80
70 81
70 84
70 85
70 86
70 87
70 90
70 92
70 93
70 94
70 95
70 96
70 97
70 99
70 101
70 108
70 109
70 118
70 119
71 74
71 75
71 76
71 80
71 83
71 84
71 88
71 89
71 90
71 91
71 93
71 95
71 97
71 99
71 100
71 109
71 114
71 115
71 116
71 118
72 74
72 78
72 91
72 97
72 103
72 110
72 112
72 113
72 116
72 117
73 74
73 77
73 80
73 85
73 86
73 87
73 95
73 98
73 99
73 105
73 106
73 108
73 114
73 115
74 75
74 79
74 80
74 82
74 84
74 87
74 89
74 93
74 94
74 99
74 111
74 112
74 113
74 115
75 78
75 79
75 81
75 86
75 87
75 103
75 104
75 105
75 108
75 109
75 112
75 116
75 118
75 119
76 79
76 80
76 81
76 82
76 86
76 91
76 93
76 94
76 96
76 99
76 109
76 115
76 119
77 78
77 83
77 84
77 87
77 91
77 94
77 95
77 102
77 109
77 115
77 116
78 91
78 93
78 94
78 101
78 103
78 106
78 107
78 112
78 114
78 115
79 81
79 82
79 84
79 89
79 91
79 94
79 99
79 102
79 106
79 110
79 112
79 113
79 117
79 118
79 119
80 83
80 84
80 86
80 87
80 100
80 101
80 105
80 107
80 112
80 113
80 114
80 116
80 118
80 119
81 82
81 83
81 84
81 86
81 87
81 91
81 94
81 98
81 99
81 101
81 102
81 107
81 110
81 112
81 117
81 118
82 83
82 84
82 86
82 90
82 95
82 100
82 104
82 105
82 107
82 112
82 114
82 119
83 89
83 90
83 92
83 94
83 96
83 101
83 102
83 103
83 105
83 113
83 116
83 118
83 119
84 90
84 93
84 94
84 95
84 96
84 98
84 103
84 105
84 111
84 117
84 118
85 92
85 94
85 95
85 98
85 100
85 102
85 106
85 111
85 115
85 118
86 91
86 92
86 95
86 96
86 103
86 104
86 105
86 109
86 110
86 111
86 113
86 116
87 90
87 98
87 100
87 105
87 107
87 108
87 111
87 117
88 90
88 93
88 95
88 97
88 102
88 104
88 108
88 111
88 112
88 116
89 92
89 94
89 95
89 96
89 98
89 101
89 106
89 109
89 110
89 115
89 116
89 118
90 92
90 95
90 100
90 101
90 102
90 105
90 106
90 107
90 108
90 109
90 112
90 117
90 119
91 93
91 94
91 95
91 97
91 98
91 100
91 102
91 104
91 107
91 113
92 94
92 96
92 98
92 100
92 101
92 108
92 113
92 115
92 116
92 117
92 118
93 96
93 98
93 101
93 104
93 105
93 106
93 109
93 110
93 112
93 114
93 115
93 116
93 117
94 95
94 96
94 97
94 98
94 100
94 102
94 103
94 105
94 106
94 107
94 109
94 110
94 111
94 112
94 115
94 118
95 97
95 102
95 109
95 112
95 113
95 116
95 119
96 97
96 101
96 103
96 104
96 112
96 113
96 114
96 118
97 99
97 102
97 105
97 106
97 111
97 116
98 99
98 104
98 105
98 107
98 110
98 111
98 113
98 118
99 103
99 108
99 109
99 110
99 112
99 113
99 115
99 117
99 119
100 101
100 103
100 104
100 105
100 108
100 109
100 111
100 112
100 113
100 115
100 118
101 106
101 108
101 109
101 113
101 115
101 119
102 104
102 105
102 107
102 109
102 110
103 104
103 105
103 108
103 109
103 112
103 116
103 117
104 109
104 111
104 117
105 106
105 108
105 110
105 111
105 115
105 116
105 117
105 118
106 109
106 110
106 112
106 115
106 117
107 108
107 109
107 110
107 115
107 117
107 118
107 119
108 111
108 112
108 118
109 112
109 115
109 117
110 114
110 116
110 119
111 113
111 114
112 114
112 118
112 119
113 115
113 117
113 119
114 118
115 116
116 117
117 118
