0 1
0 2
0 118
0 3
0 117
1 2
1 3
1 119
1 61
1 67
1 60
2 4
2 5
2 58
2 19
2 36
3 4
3 6
3 7
4 5
4 6
4 7
5 6
5 7
5 8
6 8
6 9
6 72
6 48
6 14
6 24
7 8
7 9
7 10
8 9
8 10
8 40
8 59
9 10
9 11
9 12
9 78
10 12
10 13
10 77
10 103
11 12
11 13
11 14
12 13
12 14
12 69
12 113
12 112
13 14
13 112
13 26
13 29
13 80
14 17
14 25
15 16
15 17
15 66
15 47
16 17
16 19
16 27
17 19
17 20
17 86
17 27
17 72
18 20
18 21
18 48
19 20
19 22
19 43
20 23
20 104
20 75
21 22
21 23
21 102
22 23
22 24
22 58
23 24
23 25
23 87
23 110
23 64
23 119
24 27
24 113
25 27
25 28
25 29
26 29
26 84
26 59
27 31
27 98
28 30
28 31
28 99
29 30
29 32
29 43
29 36
29 118
30 31
30 32
30 78
30 106
30 44
31 32
31 33
31 34
31 113
32 33
32 34
32 35
33 34
33 35
33 36
33 116
34 36
34 37
34 103
34 41
35 38
35 89
35 51
35 97
36 37
36 39
36 62
37 38
37 39
37 40
38 39
38 40
38 54
38 74
39 40
39 41
39 42
39 68
40 41
40 43
41 42
41 44
42 43
42 44
42 45
43 46
44 45
44 46
44 47
44 65
44 92
45 46
45 47
45 48
45 71
46 47
46 49
46 60
46 99
46 67
47 48
47 49
47 110
48 50
48 51
49 50
49 51
49 52
49 98
50 51
50 52
50 53
51 52
51 53
51 54
51 55
51 77
51 111
52 53
52 54
52 55
52 86
53 54
53 56
53 62
54 55
54 56
54 57
55 56
55 58
56 57
56 59
56 107
57 58
57 59
57 102
58 59
58 60
58 61
58 85
59 61
59 62
60 118
61 62
61 66
61 89
62 64
62 84
63 64
63 66
63 101
64 65
64 67
64 96
65 66
65 68
65 93
66 69
66 79
67 109
67 80
67 115
68 69
68 70
69 72
69 112
70 71
70 72
70 104
71 72
71 73
71 88
72 73
72 91
73 74
73 75
73 115
73 111
74 75
74 103
75 76
75 77
75 78
75 105
76 77
76 78
76 79
76 119
77 78
77 80
78 81
79 80
79 81
79 82
80 81
80 82
81 82
81 83
81 84
82 83
82 85
82 114
83 84
83 85
83 110
84 85
84 86
84 87
85 87
85 88
86 87
86 88
87 89
87 90
88 111
88 112
89 90
89 91
90 91
90 93
90 114
91 92
91 93
91 94
92 93
92 94
93 94
93 95
94 95
94 96
94 97
95 97
95 98
95 112
96 102
96 107
96 115
97 98
97 100
98 99
98 100
99 100
99 101
99 102
100 101
100 102
100 103
101 102
101 103
101 104
102 103
102 104
102 105
103 104
103 105
104 105
104 106
104 116
105 106
105 107
106 107
106 109
107 108
107 109
107 110
107 115
108 109
108 110
108 111
108 113
109 110
109 111
109 112
110 112
110 113
111 112
112 113
112 114
113 114
114 115
114 116
114 117
115 116
116 118
116 119
117 118
117 119
118 119
