0 1
0 17
0 50
0 114
0 78
0 102
0 2
0 71
1 46
1 60
1 85
1 92
1 109
1 41
1 115
2 3
2 4
2 38
2 41
2 13
2 55
2 17
3 68
3 108
3 48
3 101
3 10
3 104
3 51
4 113
4 18
4 96
4 98
4 47
4 13
4 89
5 6
5 65
5 97
5 19
5 17
5 51
5 83
5 45
6 76
6 110
6 63
6 54
6 107
6 75
6 71
7 8
7 39
7 59
7 28
7 45
7 70
7 32
7 88
8 96
8 81
8 117
8 46
8 94
8 86
8 54
9 10
9 86
9 52
9 50
9 84
9 91
9 83
9 99
10 79
10 67
10 82
10 50
10 45
10 70
11 12
11 41
11 33
11 48
11 56
11 44
11 25
11 88
12 13
12 25
12 109
12 73
12 33
12 45
12 46
13 58
13 101
13 88
13 51
13 73
14 15
14 42
14 45
14 61
14 68
14 89
14 95
14 24
15 25
15 24
15 53
15 76
15 105
15 78
15 44
16 17
16 24
16 68
16 91
16 36
16 41
16 34
16 101
17 60
17 79
17 78
17 36
18 19
18 57
18 32
18 116
18 62
18 31
18 43
19 63
19 31
19 77
19 72
19 73
19 111
20 21
20 40
20 54
20 62
20 64
20 107
20 76
20 113
21 40
21 23
21 111
21 42
21 113
21 68
21 93
22 23
22 47
22 112
22 34
22 54
22 41
22 48
22 72
23 30
23 92
23 97
23 78
23 74
23 102
24 42
24 77
24 93
24 112
24 95
25 38
25 100
25 43
25 101
25 67
26 27
26 37
26 94
26 56
26 66
26 58
26 54
26 113
27 30
27 100
27 67
27 111
27 74
27 88
27 106
28 29
28 68
28 39
28 61
28 31
28 74
28 86
29 53
29 61
29 109
29 103
29 115
29 47
29 99
30 31
30 60
30 75
30 112
30 51
30 34
31 92
31 100
31 53
31 74
32 33
32 49
32 109
32 119
32 106
32 118
33 105
33 42
33 49
33 79
33 35
34 35
34 60
34 76
34 61
34 99
35 93
35 72
35 40
35 63
35 105
35 91
36 37
36 98
36 115
36 73
36 67
36 55
37 85
37 118
37 89
37 92
37 87
37 78
38 73
38 53
38 70
38 113
38 63
38 115
39 70
39 88
39 80
39 46
39 79
39 112
40 116
40 84
40 101
40 50
40 97
41 56
41 42
41 65
42 95
42 97
42 94
43 44
43 94
43 70
43 114
43 119
43 46
44 100
44 98
44 71
44 110
44 111
45 73
45 82
45 111
46 67
46 97
46 61
47 48
47 105
47 109
47 83
47 84
48 68
48 89
48 61
48 103
49 50
49 51
49 104
49 102
49 103
49 117
50 88
50 112
50 119
51 52
51 83
51 114
52 66
52 74
52 63
52 75
52 116
52 56
53 81
53 77
53 119
53 88
54 55
54 69
54 100
55 103
55 76
55 93
55 104
55 72
56 57
56 64
56 72
56 69
57 111
57 108
57 66
57 100
57 94
57 102
58 67
58 85
58 60
58 59
58 103
58 117
59 85
59 111
59 66
59 62
59 116
59 118
60 95
60 84
60 110
61 90
61 117
62 79
62 89
62 95
62 96
62 93
63 82
63 64
63 70
64 65
64 81
64 77
64 101
64 117
65 86
65 108
65 70
65 81
65 71
66 87
66 93
66 104
66 108
67 78
67 75
68 106
68 82
69 70
69 81
69 103
69 110
69 95
69 114
71 72
71 98
71 90
71 104
72 109
72 108
73 84
73 96
74 75
74 95
74 79
75 100
75 119
75 82
76 112
76 90
76 111
77 80
77 81
77 116
77 88
78 86
78 112
79 80
79 81
80 92
80 115
80 84
80 103
80 96
81 87
82 83
82 86
82 104
83 107
83 118
83 99
84 85
84 104
85 98
85 110
85 106
86 90
86 102
87 102
87 91
87 113
87 96
87 117
89 93
89 101
89 114
90 112
90 91
90 96
90 110
91 114
91 116
91 102
92 97
92 99
92 103
93 104
94 102
94 119
94 106
95 96
97 113
97 107
98 99
98 118
98 107
99 118
99 107
100 109
101 106
105 107
105 116
105 117
105 108
106 114
106 115
107 108
108 118
109 119
110 115
110 119
113 115
114 116
117 118
