0 1
0 24
0 22
0 51
0 117
0 114
0 78
0 87
1 107
1 71
1 102
1 31
1 58
1 85
1 77
2 3
2 24
2 43
2 52
2 98
2 95
2 29
2 60
3 8
3 25
3 21
3 118
3 28
3 83
3 101
4 5
4 8
4 55
4 65
4 26
4 84
4 114
4 15
5 44
5 84
5 78
5 66
5 36
5 45
5 100
6 7
6 9
6 75
6 90
6 29
6 89
6 38
6 67
7 81
7 62
7 80
7 9
7 107
7 23
7 108
8 37
8 67
8 59
8 77
8 97
8 43
9 60
9 25
9 119
9 101
9 14
9 83
10 11
10 34
10 43
10 13
10 92
10 109
10 19
10 15
11 34
11 117
11 73
11 43
11 42
11 75
11 16
12 13
12 68
12 40
12 55
12 45
12 103
12 78
12 77
13 35
13 42
13 94
13 62
13 15
13 76
14 15
14 83
14 70
14 106
14 71
14 79
14 72
15 67
15 39
15 114
15 16
16 17
16 71
16 29
16 100
16 54
16 88
17 33
17 99
17 27
17 110
17 40
17 42
17 21
18 19
18 51
18 52
18 35
18 106
18 45
18 65
18 72
19 61
19 70
19 91
19 118
19 69
19 112
20 21
20 50
20 74
20 34
20 47
20 115
20 60
20 37
21 58
21 60
21 59
21 41
21 31
22 23
22 119
22 53
22 66
22 115
22 93
22 63
23 61
23 30
23 111
23 43
23 63
23 69
24 58
24 68
24 55
24 76
24 28
24 27
25 26
25 47
25 42
25 38
25 53
25 29
26 94
26 80
26 83
26 46
26 74
26 119
27 28
27 47
27 84
27 79
27 85
27 36
28 71
28 113
28 86
28 65
28 55
29 30
29 40
29 38
29 73
30 41
30 71
30 111
30 54
30 116
30 40
31 32
31 79
31 35
31 58
31 85
31 75
32 66
32 64
32 114
32 109
32 51
32 105
32 41
33 38
33 55
33 84
33 80
33 97
33 87
33 54
34 49
34 61
34 117
34 118
34 95
35 36
35 101
35 49
35 72
35 68
36 68
36 96
36 85
36 91
36 41
37 103
37 115
37 117
37 74
37 111
37 44
38 97
38 95
38 39
38 119
39 40
39 85
39 70
39 98
39 78
39 106
40 46
40 115
40 116
41 42
41 49
41 104
41 76
42 94
42 97
42 88
43 93
43 111
43 69
44 45
44 78
44 61
44 103
44 50
44 72
45 49
45 73
45 55
45 106
46 87
46 78
46 88
46 81
46 99
46 112
47 48
47 59
47 119
47 64
47 89
48 55
48 92
48 83
48 101
48 90
48 57
48 94
49 61
49 104
49 87
49 64
50 81
50 58
50 75
50 115
50 95
50 56
51 73
51 100
51 109
51 105
51 113
52 89
52 86
52 119
52 54
52 94
52 108
53 54
53 86
53 92
53 115
53 80
53 66
54 56
54 105
54 103
55 88
56 57
56 89
56 104
56 83
56 81
56 62
57 106
57 74
57 86
57 100
57 59
57 62
58 115
58 98
58 75
59 60
59 67
59 95
59 75
60 116
60 89
60 87
61 109
61 112
61 110
62 63
62 113
62 114
62 99
63 112
63 94
63 111
63 65
63 75
64 65
64 110
64 73
64 94
64 74
65 71
65 113
65 88
66 80
66 96
66 93
66 105
67 85
67 88
67 108
67 89
68 69
68 82
68 81
68 91
69 92
69 109
69 102
69 89
70 86
70 91
70 118
70 106
70 113
71 82
71 76
72 73
72 84
72 108
72 118
73 92
73 110
74 100
74 98
74 107
75 100
76 77
76 101
76 110
76 84
77 90
77 79
77 113
77 94
78 93
78 107
79 82
79 96
79 104
79 97
80 113
80 112
80 101
81 108
81 116
81 82
82 91
82 116
82 93
82 111
83 88
83 96
84 93
84 97
85 102
85 115
86 98
86 103
86 112
87 111
87 92
87 109
88 102
89 119
90 103
90 99
90 107
90 105
90 96
91 100
91 99
91 92
92 116
93 112
93 114
95 117
95 102
95 104
96 117
96 110
96 105
97 98
97 114
98 106
98 118
99 104
99 113
99 100
101 117
101 108
102 110
102 107
102 118
103 117
103 119
104 107
104 118
105 108
105 116
106 109
107 108
109 116
110 111
112 114
