0 20
0 31
0 37
0 58
0 104
0 106
1 4
1 21
1 24
1 31
1 37
1 49
1 63
1 78
1 79
1 83
1 84
1 98
1 117
1 119
2 3
2 18
2 31
2 54
2 77
2 93
2 109
2 116
3 4
3 12
3 48
3 61
3 73
3 79
3 84
3 99
4 19
4 25
4 47
4 64
4 68
4 74
4 76
4 77
4 81
4 89
4 100
4 102
5 13
5 19
5 31
5 32
5 54
5 59
5 77
5 100
5 106
6 15
6 45
6 97
6 102
6 110
7 24
7 26
7 66
7 77
7 119
8 9
8 10
8 16
8 19
8 60
8 71
8 89
8 99
8 111
9 17
9 24
9 66
9 76
9 84
9 90
9 102
10 24
10 49
10 87
10 107
10 112
11 18
11 21
11 38
11 57
11 64
11 74
11 96
11 110
11 112
11 114
11 117
12 22
12 31
12 51
12 55
12 58
12 62
12 65
12 78
12 84
12 86
12 95
13 28
13 36
13 37
13 67
13 97
13 106
14 19
14 29
14 30
14 48
14 60
14 63
14 86
14 91
14 102
15 20
15 29
15 40
15 50
15 62
15 64
15 68
15 92
15 98
15 112
16 20
16 28
16 29
16 55
16 69
16 73
16 115
17 18
17 25
17 53
17 60
17 70
17 71
17 85
17 108
17 117
18 23
18 31
18 34
18 40
18 42
18 43
18 49
18 58
19 34
19 43
19 48
19 53
19 79
19 82
19 90
19 102
20 32
20 39
20 53
20 62
20 74
20 81
20 92
20 101
21 34
21 42
21 44
21 58
21 62
21 84
21 98
21 101
22 29
22 54
22 55
22 82
22 86
22 111
22 116
22 119
23 34
23 51
23 56
23 72
23 81
23 88
24 30
24 37
24 39
24 49
24 69
24 77
24 106
24 114
24 119
25 33
25 43
25 60
25 64
25 69
25 72
25 74
25 84
25 91
25 95
25 107
25 108
26 30
26 38
26 42
26 45
26 46
26 54
26 94
26 95
26 106
26 116
27 46
27 47
27 53
27 58
27 75
27 100
28 29
28 43
28 49
28 50
28 74
28 78
28 80
28 100
29 91
29 111
29 113
29 118
30 36
30 38
30 39
30 40
30 71
30 83
30 109
30 110
30 118
31 32
31 34
31 59
31 64
31 76
31 91
31 111
31 117
32 48
32 53
32 54
32 61
32 89
32 106
32 108
32 109
33 34
33 37
33 56
33 57
33 59
33 64
33 112
33 114
34 36
34 49
34 58
34 90
34 95
34 97
34 111
34 117
35 47
35 48
35 79
35 83
35 84
35 89
35 92
35 95
35 102
36 39
36 77
36 100
36 109
36 111
37 48
37 49
37 63
37 87
37 89
37 90
38 45
38 50
38 55
38 75
38 88
38 107
39 66
39 107
40 62
40 68
40 89
40 93
40 103
40 109
41 45
41 55
41 59
41 73
41 79
41 87
41 91
41 98
42 48
42 78
42 88
42 112
43 46
43 77
43 82
43 98
43 103
44 51
44 63
44 67
44 70
44 94
44 112
44 116
45 47
45 71
45 74
45 77
45 79
45 111
45 119
46 58
46 73
46 83
46 92
46 101
47 76
47 94
47 105
47 110
48 61
48 67
48 68
48 85
48 87
48 88
48 91
48 103
48 107
49 54
49 80
49 90
50 80
50 88
50 105
50 108
51 73
51 85
51 87
51 90
51 96
51 99
52 69
52 90
52 111
53 72
53 82
53 85
53 89
53 93
53 102
53 109
54 70
54 81
54 86
54 107
54 109
54 119
55 61
55 88
55 95
55 112
56 57
56 59
56 98
56 101
56 106
57 58
57 63
57 95
58 66
58 82
59 62
59 66
59 71
59 90
59 102
59 107
59 117
60 64
60 71
60 76
60 94
60 101
60 106
61 69
61 72
61 102
61 110
61 111
61 118
62 67
62 79
62 93
62 117
63 68
63 73
63 78
63 86
63 87
64 88
64 95
64 97
64 116
65 69
65 79
65 95
65 99
65 112
66 67
66 82
66 83
66 95
67 68
67 72
67 73
67 82
67 97
67 101
67 112
68 70
68 74
68 88
68 101
68 103
68 105
69 89
69 107
69 110
69 118
70 84
70 96
70 99
71 97
71 99
71 114
72 78
72 97
72 112
72 113
72 117
73 86
73 108
73 114
74 75
74 111
75 86
75 105
75 109
76 119
77 102
77 115
77 116
78 112
79 91
79 99
79 112
79 118
80 86
80 100
80 101
80 107
81 107
81 112
82 83
82 84
82 86
83 92
83 113
84 95
84 96
84 111
85 95
85 98
85 102
86 91
86 105
86 116
87 98
87 117
89 92
89 95
89 109
89 110
89 115
89 116
89 118
90 92
90 95
90 101
90 107
90 109
91 100
92 108
92 115
92 116
92 117
93 101
93 105
93 112
93 115
94 96
94 98
94 103
94 109
96 97
96 101
96 118
97 116
99 108
99 117
100 108
102 105
105 110
105 116
108 111
108 118
110 114
112 114
112 119
