0 1
0 2
0 3
0 4
0 5
0 6
0 7
0 8
0 9
0 11
0 14
0 22
0 28
0 30
0 35
0 38
0 39
0 40
0 44
0 45
0 54
0 69
0 70
0 75
0 77
0 85
0 93
0 94
0 103
0 106
1 6
1 7
1 21
1 54
2 6
2 7
2 17
2 40
2 103
2 109
3 8
3 9
3 10
3 15
3 16
3 17
3 18
3 23
3 24
3 27
3 28
3 35
3 37
3 38
3 67
3 84
3 108
4 6
4 11
4 12
4 19
4 22
4 29
4 32
4 33
4 39
4 47
4 50
4 80
5 6
5 7
5 8
5 9
5 10
5 11
5 12
5 13
5 15
5 16
5 18
5 20
5 21
5 24
5 28
5 29
5 38
5 39
5 41
5 43
5 44
5 45
5 49
5 50
5 51
5 52
5 57
5 62
5 67
5 71
5 77
5 78
5 83
5 85
5 87
5 89
5 91
5 96
5 97
5 105
5 107
5 112
5 113
5 114
6 7
6 8
6 9
6 10
6 11
6 12
6 14
6 15
6 17
6 20
6 21
6 22
6 25
6 29
6 30
6 31
6 32
6 33
6 36
6 38
6 46
6 50
6 52
6 53
6 55
6 60
6 63
6 64
6 65
6 69
6 79
6 83
6 85
6 95
6 97
6 100
6 104
7 8
7 10
7 12
7 13
7 18
7 24
7 62
7 64
7 65
7 96
8 9
8 10
8 11
8 22
8 23
8 27
8 34
8 37
8 41
8 52
8 56
8 63
8 71
8 85
8 86
8 91
8 101
8 102
8 105
8 114
8 119
9 13
9 14
9 15
9 31
9 32
9 33
9 34
9 35
9 37
9 39
9 43
9 48
9 55
9 56
9 64
9 66
9 69
9 72
9 81
9 82
9 89
9 95
9 105
9 106
9 109
9 116
10 12
10 13
10 14
10 17
10 18
10 19
10 24
10 26
10 29
10 34
10 36
10 42
10 47
10 51
10 57
10 62
10 68
10 70
10 79
10 90
10 93
10 99
10 101
10 103
10 113
10 117
11 13
11 14
11 16
11 19
11 20
11 26
11 31
11 36
11 60
11 68
11 79
11 80
11 87
11 90
11 94
11 96
11 99
12 25
12 26
12 43
12 45
12 49
12 106
13 15
13 16
13 19
13 21
13 22
13 27
13 28
13 39
13 41
13 48
13 71
13 73
13 84
13 87
13 106
13 112
14 31
14 41
14 49
14 53
15 16
15 21
15 60
15 86
15 98
15 99
15 102
15 107
16 17
16 19
16 20
16 23
16 25
16 29
16 36
16 50
16 58
16 61
16 66
16 70
16 72
16 79
16 110
17 18
17 20
17 23
17 31
17 35
17 52
17 54
17 73
17 92
18 25
18 27
18 30
18 58
18 73
19 23
19 26
19 47
19 72
19 75
19 88
19 95
19 98
19 102
20 28
20 30
20 32
20 34
20 40
20 44
20 47
20 72
20 82
20 86
20 91
20 94
20 97
21 24
21 32
21 40
21 42
21 76
21 87
21 113
22 25
22 26
22 34
22 37
22 43
22 48
22 62
22 63
22 91
22 92
22 98
22 112
23 53
23 80
23 86
23 95
23 111
24 27
24 30
24 33
24 40
24 49
24 51
24 52
24 65
24 95
24 117
25 33
25 36
25 54
25 57
25 63
25 68
25 74
25 76
25 78
25 82
25 83
25 84
25 93
25 112
26 67
26 90
27 44
27 46
27 51
27 64
27 67
27 79
27 105
27 113
27 116
27 118
28 103
29 55
29 70
29 87
30 35
30 42
30 45
30 76
30 77
30 83
30 92
30 113
31 37
31 48
31 82
32 46
32 74
33 38
33 41
33 58
33 65
33 85
33 100
33 119
34 59
34 62
34 70
34 94
34 98
34 110
35 44
35 49
35 117
36 42
36 46
36 72
36 74
37 42
37 57
37 58
37 61
37 65
37 66
37 68
37 88
37 91
37 98
37 99
37 101
37 109
37 111
38 50
38 56
38 71
38 80
38 89
39 43
39 48
39 92
40 92
40 111
42 66
42 88
42 102
42 114
43 56
43 59
43 75
43 93
43 97
43 99
43 102
43 115
44 45
44 57
44 61
44 71
44 86
44 104
44 118
45 46
45 47
45 53
45 59
45 81
46 53
46 55
46 60
46 75
46 100
47 51
47 56
47 75
47 114
48 59
48 119
49 59
49 88
49 96
49 104
50 58
50 78
50 110
51 54
51 55
51 60
51 67
51 117
53 107
53 108
54 61
54 76
54 81
55 61
55 68
55 84
55 100
55 108
56 90
56 94
57 111
58 66
58 76
58 112
59 64
59 80
59 82
59 100
60 63
60 69
60 73
60 106
61 84
62 103
62 105
62 108
62 109
63 107
63 110
66 97
66 108
67 69
67 74
67 77
67 116
67 119
68 73
70 93
71 74
71 116
72 78
72 89
74 81
75 77
75 78
75 81
75 109
78 96
78 101
78 110
80 88
81 119
82 83
83 89
83 90
83 104
84 111
84 115
86 116
88 118
90 114
92 104
95 115
97 115
99 115
99 118
100 101
100 107
113 117
113 118
