0 1
0 2
0 3
0 4
0 5
0 6
0 7
0 8
0 9
0 10
0 11
0 12
0 13
0 14
0 15
0 16
0 20
0 21
0 24
0 25
0 26
0 27
0 28
0 30
0 31
0 32
0 35
0 36
0 40
0 41
0 42
0 48
0 53
0 55
0 61
0 65
0 68
0 71
0 78
0 80
0 84
0 85
0 86
0 88
0 93
0 101
0 115
1 11
1 12
1 13
1 14
1 15
1 16
1 18
1 19
1 20
1 21
1 23
1 25
1 27
1 28
1 31
1 32
1 40
1 45
1 47
1 52
1 61
1 63
1 73
1 75
1 101
1 103
1 105
1 107
1 112
2 11
2 12
2 17
2 24
2 31
2 61
2 73
2 75
2 89
3 11
3 12
3 17
3 27
3 34
3 67
3 106
3 113
4 11
4 12
4 13
4 14
4 16
4 17
4 20
4 23
4 25
4 26
4 27
4 31
4 33
4 38
4 39
4 54
4 56
4 59
4 60
4 63
4 79
4 83
4 94
4 101
4 117
5 11
5 12
5 13
5 14
5 15
5 16
5 18
5 20
5 22
5 23
5 26
5 34
5 36
5 37
5 39
5 41
5 42
5 44
5 45
5 46
5 48
5 53
5 65
5 66
5 68
5 72
5 80
5 82
5 87
5 88
5 91
5 92
5 94
5 95
5 96
5 98
5 110
5 114
6 11
6 12
6 13
6 14
6 15
6 21
6 22
6 23
6 24
6 27
6 30
6 37
6 39
6 44
6 52
6 53
6 56
6 57
6 70
6 118
7 11
7 13
7 15
7 17
7 18
7 19
7 24
7 29
7 32
7 38
7 40
7 45
7 51
7 56
7 69
7 74
7 82
7 101
8 13
8 20
8 25
8 45
8 48
8 59
8 68
8 78
8 82
8 85
8 94
8 105
8 113
8 117
9 11
9 12
9 13
9 14
9 16
9 18
9 19
9 29
9 31
9 32
9 35
9 36
9 37
9 38
9 39
9 44
9 50
9 52
9 54
9 55
9 61
9 64
9 70
9 71
9 72
9 99
9 106
9 117
9 119
10 11
10 12
10 14
10 15
10 16
10 17
10 19
10 20
10 22
10 23
10 47
10 62
10 67
10 82
10 89
10 96
10 100
11 12
11 13
11 14
11 15
11 16
11 17
11 18
11 19
11 21
11 22
11 23
11 24
11 28
11 37
11 39
11 43
11 45
11 46
11 48
11 50
11 52
11 57
11 62
11 79
11 84
11 87
11 92
11 93
11 96
11 99
11 100
11 108
11 109
11 114
11 116
11 119
12 13
12 14
12 15
12 16
12 17
12 18
12 19
12 20
12 21
12 22
12 24
12 26
12 27
12 28
12 30
12 32
12 33
12 36
12 39
12 44
12 45
12 48
12 50
12 51
12 52
12 53
12 55
12 58
12 60
12 64
12 66
12 70
12 72
12 78
12 83
12 86
12 87
12 94
12 102
12 106
12 109
13 14
13 15
13 16
13 17
13 18
13 19
13 22
13 25
13 31
13 35
13 43
13 48
13 52
13 54
13 57
13 58
13 63
13 65
13 71
13 72
13 84
13 92
13 94
13 97
13 107
13 108
13 117
14 15
14 16
14 17
14 18
14 19
14 20
14 21
14 22
14 24
14 25
14 26
14 27
14 29
14 32
14 34
14 41
14 43
14 46
14 47
14 50
14 54
14 59
14 61
14 62
14 66
14 67
14 73
14 74
14 80
14 85
14 90
14 91
14 98
14 107
14 115
14 116
15 17
15 19
15 21
15 27
15 29
15 30
15 31
15 33
15 35
15 36
15 45
15 48
15 50
15 52
15 75
15 77
15 79
15 80
15 86
15 97
15 104
15 105
15 110
15 118
16 18
16 20
16 21
16 23
16 27
16 28
16 30
16 33
16 35
16 38
16 39
16 41
16 43
16 44
16 46
16 47
16 49
16 59
16 76
16 78
16 83
16 85
16 97
16 102
16 107
16 111
16 119
17 18
17 25
17 26
17 28
17 29
17 37
17 40
17 41
17 45
17 47
17 48
17 49
17 54
17 60
17 62
17 63
17 64
17 74
17 77
17 85
17 94
18 19
18 20
18 21
18 22
18 23
18 24
18 25
18 26
18 32
18 35
18 41
18 42
18 46
18 55
18 57
18 60
18 61
18 67
18 68
18 76
18 87
18 90
18 100
18 104
18 109
18 116
18 117
19 22
19 23
19 24
19 26
19 27
19 36
19 38
19 40
19 42
19 44
19 46
19 47
19 50
19 51
19 60
19 62
19 63
19 71
19 78
19 86
19 95
19 106
19 107
19 116
20 21
20 28
20 29
20 35
20 39
20 41
20 47
20 51
20 60
20 66
20 69
20 82
20 86
20 87
20 97
20 103
20 105
20 112
21 22
21 23
21 26
21 29
21 30
21 33
21 35
21 38
21 42
21 43
21 46
21 48
21 50
21 53
21 55
21 60
21 66
21 76
21 83
21 86
21 87
21 90
21 107
21 115
21 118
22 24
22 31
22 33
22 34
22 41
22 49
22 52
22 56
22 57
22 61
22 63
22 67
22 75
22 84
22 86
22 102
22 111
23 25
23 28
23 29
23 30
23 31
23 34
23 38
23 40
23 43
23 52
23 58
23 59
23 62
23 64
23 65
23 74
23 84
23 86
23 88
23 89
23 91
23 92
23 100
23 101
23 109
23 113
23 119
24 25
24 26
24 28
24 29
24 34
24 42
24 49
24 55
24 67
24 74
24 80
24 103
25 38
25 53
25 96
25 97
25 100
25 115
26 28
26 29
26 30
26 32
26 33
26 34
26 35
26 36
26 37
26 39
26 40
26 47
26 54
26 56
26 57
26 59
26 60
26 63
26 71
26 74
26 77
26 81
26 87
26 89
26 98
26 100
26 104
26 109
26 111
27 30
27 33
27 34
27 40
27 41
27 43
27 49
27 54
27 55
27 59
27 61
27 62
27 69
27 70
27 77
27 80
27 82
27 105
27 116
28 31
28 32
28 35
28 37
28 42
28 44
28 48
28 56
28 57
28 58
28 64
28 66
28 84
28 91
28 92
28 96
28 99
28 118
29 30
29 36
29 44
29 45
29 51
29 55
29 56
29 58
29 83
29 84
29 91
29 92
29 99
30 32
30 34
30 36
30 37
30 47
30 50
30 51
30 55
30 56
30 62
30 63
30 66
30 70
30 78
30 81
30 86
30 91
30 100
30 101
30 102
30 106
30 113
30 118
31 33
31 38
31 43
31 58
31 59
31 83
31 85
31 86
31 105
31 109
31 119
32 33
32 41
32 44
32 47
32 49
32 71
32 73
32 77
32 80
32 85
32 90
32 94
33 34
33 36
33 38
33 43
33 44
33 46
33 60
33 64
33 67
33 75
33 93
33 100
33 101
33 105
33 113
34 37
34 40
34 51
34 53
34 62
34 68
34 78
34 79
35 43
35 45
35 49
35 82
35 85
35 87
35 95
35 102
35 104
36 37
36 39
36 40
36 42
36 57
36 58
36 77
36 89
36 90
36 97
36 110
36 112
36 115
36 116
37 68
37 72
37 79
37 81
37 90
37 107
38 46
38 49
38 53
38 54
38 58
38 66
38 68
38 71
38 73
38 76
38 88
38 95
38 99
38 111
38 116
39 59
39 75
39 77
39 92
39 109
39 118
40 42
40 75
40 77
40 83
40 84
40 89
40 93
40 97
40 117
40 119
41 42
41 50
41 65
41 66
41 69
41 70
41 71
41 92
41 113
41 114
42 51
42 61
42 73
42 97
42 112
43 51
43 54
43 55
43 56
43 57
43 65
43 66
43 71
43 77
43 79
43 80
43 88
43 90
43 93
43 101
43 103
43 114
43 117
43 119
44 46
44 65
44 88
44 99
45 67
45 70
45 74
45 76
45 83
45 104
45 118
46 49
46 51
46 56
46 58
46 60
46 73
46 89
46 114
47 49
47 50
47 58
47 73
47 74
47 76
47 84
47 87
47 88
47 91
47 96
47 98
47 105
47 107
47 116
48 67
48 73
48 98
49 53
49 54
49 64
49 72
49 90
50 52
50 53
50 57
50 69
50 76
50 78
50 79
50 88
50 90
50 94
50 110
50 112
50 119
51 61
51 63
51 71
51 79
51 91
51 92
51 100
51 102
51 113
52 70
52 72
52 93
52 110
53 64
53 70
53 72
53 75
53 78
53 89
53 98
53 103
53 104
54 64
54 65
54 69
54 76
54 93
54 96
54 103
54 110
55 70
55 82
55 99
56 68
56 92
56 103
56 107
56 108
56 113
57 59
57 69
57 72
57 74
57 97
57 102
57 104
57 115
58 63
58 65
58 81
58 104
58 111
59 64
59 67
59 68
59 80
59 82
59 95
59 96
59 98
59 106
60 62
60 69
60 112
60 115
61 93
61 98
61 117
63 75
63 79
64 65
64 81
64 98
65 69
65 90
65 111
66 88
66 89
66 95
66 106
67 68
67 72
67 73
67 115
68 69
68 79
68 81
68 89
68 101
68 113
69 81
69 84
69 85
69 88
69 95
69 102
69 106
69 108
69 117
70 74
70 80
70 87
70 95
71 78
71 81
72 75
72 76
72 77
72 85
73 76
73 100
73 112
74 83
74 93
74 114
75 81
75 105
75 111
76 95
76 96
76 97
77 93
77 96
77 104
77 109
77 110
78 81
78 91
78 102
79 114
80 82
80 94
80 102
80 103
80 112
80 116
82 83
82 95
82 118
83 110
83 113
83 119
84 99
84 111
85 91
85 94
85 98
85 108
85 112
86 99
86 104
87 99
88 106
88 108
88 114
90 112
90 114
91 108
91 109
91 115
92 108
93 103
93 106
97 103
97 117
97 119
99 101
99 110
102 105
103 107
103 108
103 109
103 110
103 111
103 116
103 118
106 108
106 111
110 118
113 114
113 115
