0 1
0 2
0 3
0 4
0 5
0 6
0 7
0 8
0 9
0 10
0 11
0 12
0 13
0 14
0 15
0 16
0 17
0 18
0 20
0 22
0 24
0 26
0 29
0 31
0 33
0 37
0 39
0 42
0 47
0 48
0 59
0 60
0 61
0 67
0 71
0 74
0 80
0 88
0 89
0 90
0 98
0 104
0 108
0 109
0 113
1 11
1 12
1 14
1 16
1 18
1 19
1 20
1 21
1 29
1 36
1 48
1 53
1 78
1 83
1 85
1 90
1 106
1 108
1 114
1 118
2 11
2 12
2 13
2 14
2 15
2 16
2 19
2 20
2 24
2 32
2 34
2 35
2 40
2 41
2 43
2 47
2 51
2 59
2 70
2 75
2 77
2 81
2 82
2 86
2 87
2 88
2 90
2 94
2 106
2 107
2 115
3 11
3 13
3 14
3 16
3 17
3 21
3 23
3 27
3 29
3 32
3 37
3 40
3 43
3 48
3 50
3 53
3 57
3 65
3 71
3 75
3 80
3 91
3 96
3 97
3 101
4 12
4 14
4 15
4 16
4 17
4 20
4 24
4 25
4 26
4 30
4 33
4 35
4 39
4 43
4 63
4 67
4 70
4 88
4 119
5 11
5 12
5 13
5 21
5 22
5 23
5 27
5 29
5 34
5 38
5 42
5 45
5 47
5 57
5 73
5 75
5 93
6 11
6 12
6 13
6 14
6 27
6 28
6 36
6 37
6 40
6 41
6 45
6 92
6 97
6 110
6 116
7 11
7 12
7 13
7 14
7 15
7 18
7 19
7 22
7 23
7 25
7 27
7 30
7 31
7 35
7 37
7 41
7 44
7 46
7 49
7 51
7 55
7 56
7 57
7 58
7 69
7 75
7 76
7 81
7 94
7 105
7 112
7 115
8 11
8 13
8 14
8 15
8 22
8 26
8 44
8 50
8 51
8 58
8 63
8 69
8 84
8 95
8 102
8 105
8 116
9 11
9 12
9 15
9 18
9 51
9 54
9 57
9 71
9 76
9 88
9 93
9 96
9 99
10 11
10 12
10 13
10 15
10 16
10 17
10 18
10 20
10 21
10 22
10 23
10 25
10 26
10 27
10 31
10 33
10 39
10 45
10 49
10 51
10 53
10 54
10 78
10 85
10 87
10 88
10 91
10 111
11 12
11 13
11 14
11 15
11 16
11 17
11 19
11 20
11 22
11 24
11 25
11 26
11 28
11 29
11 30
11 31
11 32
11 33
11 35
11 36
11 37
11 38
11 41
11 48
11 49
11 50
11 52
11 53
11 59
11 61
11 67
11 68
11 70
11 72
11 73
11 76
11 80
11 81
11 89
11 91
11 93
11 96
11 105
11 106
11 109
11 111
11 115
11 119
12 13
12 14
12 16
12 17
12 18
12 19
12 20
12 21
12 24
12 25
12 28
12 30
12 31
12 32
12 34
12 35
12 38
12 43
12 45
12 46
12 49
12 51
12 52
12 59
12 61
12 63
12 68
12 70
12 72
12 75
12 76
12 77
12 78
12 79
12 80
12 82
12 83
12 85
12 88
12 92
12 98
12 100
12 105
12 116
12 117
13 15
13 17
13 18
13 21
13 25
13 27
13 29
13 32
13 33
13 34
13 37
13 45
13 47
13 48
13 51
13 54
13 58
13 60
13 62
13 64
13 69
13 74
13 79
13 82
13 83
13 84
13 89
13 93
13 97
13 103
13 104
13 110
13 112
13 115
13 116
14 15
14 16
14 17
14 18
14 19
14 20
14 21
14 22
14 23
14 24
14 25
14 26
14 27
14 28
14 32
14 37
14 38
14 39
14 40
14 42
14 43
14 44
14 45
14 50
14 52
14 54
14 56
14 62
14 67
14 68
14 70
14 73
14 77
14 80
14 81
14 83
14 94
14 95
14 108
14 113
14 116
14 119
15 16
15 17
15 18
15 19
15 22
15 25
15 29
15 30
15 31
15 35
15 39
15 40
15 53
15 54
15 56
15 57
15 61
15 69
15 72
15 79
15 82
15 85
15 87
15 96
15 101
15 103
15 116
16 17
16 18
16 19
16 20
16 21
16 22
16 23
16 24
16 26
16 27
16 30
16 36
16 42
16 46
16 48
16 52
16 53
16 59
16 61
16 63
16 64
16 68
16 72
16 78
16 86
16 94
16 97
16 99
16 106
16 110
16 111
16 113
16 118
17 19
17 21
17 23
17 25
17 32
17 33
17 34
17 40
17 41
17 46
17 50
17 53
17 55
17 62
17 63
17 65
17 66
17 68
17 69
17 70
17 72
17 74
17 82
17 84
17 87
17 90
17 91
17 92
17 95
17 96
17 98
17 100
17 101
17 113
18 19
18 22
18 23
18 24
18 26
18 28
18 31
18 33
18 36
18 42
18 44
18 45
18 46
18 49
18 50
18 51
18 53
18 55
18 56
18 59
18 60
18 65
18 69
18 70
18 71
18 83
18 85
18 88
18 102
18 104
18 105
18 110
19 20
19 23
19 26
19 28
19 29
19 34
19 35
19 36
19 39
19 43
19 47
19 49
19 55
19 56
19 58
19 59
19 60
19 61
19 68
19 69
19 71
19 72
19 73
19 80
19 87
19 92
19 94
19 95
19 109
19 113
20 21
20 24
20 27
20 28
20 29
20 30
20 31
20 37
20 40
20 41
20 44
20 45
20 52
20 55
20 56
20 60
20 62
20 63
20 64
20 66
20 78
20 82
20 101
20 108
20 110
20 118
21 23
21 26
21 28
21 29
21 32
21 34
21 36
21 38
21 39
21 42
21 44
21 48
21 53
21 55
21 60
21 73
21 77
21 79
21 89
21 100
21 118
22 35
22 39
22 42
22 44
22 46
22 48
22 52
22 60
22 73
22 76
22 94
22 96
22 107
22 114
23 24
23 25
23 27
23 30
23 38
23 59
23 89
23 90
23 91
23 104
23 109
24 28
24 35
24 38
24 40
24 42
24 50
24 57
24 66
24 73
24 74
24 85
24 91
24 101
24 103
24 107
24 111
24 114
24 116
25 30
25 31
25 32
25 33
25 38
25 44
25 45
25 55
25 57
25 64
25 66
25 86
25 95
25 104
25 112
25 114
25 117
25 118
26 28
26 37
26 38
26 39
26 43
26 44
26 46
26 49
26 55
26 61
26 74
26 84
26 90
26 111
26 119
27 30
27 37
27 58
27 64
27 97
27 112
28 31
28 56
28 73
28 76
28 86
28 96
28 103
28 112
28 113
29 33
29 36
29 41
29 54
29 65
29 74
29 79
29 82
29 86
29 99
29 105
29 110
29 117
30 32
30 34
30 35
30 36
30 41
30 46
30 47
30 48
30 50
30 52
30 56
30 66
30 75
30 85
30 89
30 102
30 114
30 116
31 33
31 34
31 43
31 46
31 47
31 52
31 58
31 59
31 62
31 67
31 92
31 93
31 111
31 112
32 34
32 39
32 42
32 58
32 67
32 70
32 77
32 78
32 83
32 95
32 101
32 106
32 112
33 41
33 62
33 65
33 80
33 114
33 119
34 36
34 38
34 40
34 43
34 45
34 50
34 71
34 81
35 43
35 49
35 58
35 64
35 65
35 68
35 74
35 82
35 95
35 97
35 117
36 41
36 46
36 52
36 61
36 76
36 86
36 105
36 107
36 115
37 65
37 67
37 79
37 80
37 109
38 51
38 79
38 81
38 83
38 99
38 100
38 111
39 40
39 42
39 44
39 47
39 53
39 59
39 60
39 62
39 64
39 66
39 67
39 76
39 85
39 90
39 107
39 115
39 119
40 57
40 64
40 75
40 86
40 91
40 94
40 103
40 108
41 84
41 89
41 92
41 98
41 104
41 113
42 47
42 55
42 60
42 61
42 65
42 86
42 93
42 98
42 108
43 47
43 54
43 61
43 68
43 77
43 79
43 84
43 86
43 96
43 98
43 103
43 107
43 115
44 49
44 57
44 65
44 66
44 70
44 97
44 102
45 49
45 62
45 78
45 95
45 102
45 107
45 111
45 118
46 48
46 100
47 50
47 51
47 52
47 54
47 56
47 62
47 63
47 64
47 68
47 84
47 92
47 101
47 105
48 54
48 55
48 71
48 74
48 92
48 94
48 101
48 102
48 107
49 58
49 63
49 66
49 71
49 72
49 74
49 78
49 96
49 97
49 100
49 104
49 114
50 56
50 58
50 62
50 73
50 77
50 83
50 94
50 102
50 110
50 116
51 65
51 74
51 77
51 97
51 109
51 110
52 57
52 63
52 64
52 67
52 69
52 80
52 84
53 54
53 68
53 78
53 87
53 93
53 97
53 100
54 92
54 109
55 103
55 108
55 118
56 67
56 104
56 114
56 119
57 90
57 99
58 60
58 66
58 71
58 77
58 78
58 80
58 87
58 92
58 105
58 117
59 63
59 87
59 91
59 99
59 109
59 117
60 66
60 71
60 82
60 89
60 98
60 116
61 76
61 101
61 103
62 70
63 100
63 117
64 72
64 81
64 91
64 110
64 112
64 113
65 69
65 81
65 82
65 84
65 88
65 99
65 113
65 114
66 72
66 86
66 90
66 93
66 111
66 112
67 69
67 81
67 84
67 87
68 72
68 75
68 117
68 118
69 75
69 79
69 89
69 99
70 73
70 88
70 101
70 113
71 79
71 85
71 93
71 100
71 117
72 94
72 100
73 77
73 85
74 75
74 91
74 98
75 76
75 95
76 104
76 106
77 83
77 96
77 102
77 105
77 111
78 87
78 90
78 109
79 89
80 81
80 119
81 88
81 102
81 107
82 83
82 95
83 99
83 110
83 115
84 102
85 98
87 98
87 104
87 106
87 109
88 119
89 103
89 108
90 93
90 107
92 99
92 108
92 115
93 106
93 118
95 106
97 106
98 112
99 108
100 103
100 115
100 118
102 114
111 119
114 117
