0 1
0 2
0 3
0 4
0 6
0 10
0 16
0 17
0 18
0 47
0 49
0 59
0 73
0 76
0 90
0 107
0 108
0 110
1 5
1 8
1 9
1 10
1 13
1 41
1 83
1 97
2 3
2 4
2 5
2 6
2 7
2 20
2 33
2 44
2 46
2 65
3 11
3 13
3 35
3 72
3 77
3 96
3 114
3 118
4 30
5 11
5 85
6 7
6 8
6 12
6 17
6 22
6 26
6 29
6 34
6 42
6 43
6 45
6 46
6 50
6 62
6 103
6 104
6 106
6 117
7 9
7 14
7 16
7 23
7 32
7 45
7 48
7 53
7 61
7 74
7 84
8 15
8 74
8 77
8 81
8 86
8 88
8 92
9 29
9 32
9 55
9 60
9 62
9 79
9 98
9 102
9 109
10 14
10 24
10 28
10 31
10 42
10 43
10 54
10 58
10 70
10 105
11 12
11 106
12 15
12 18
12 19
12 58
12 80
12 89
12 99
13 21
13 36
13 65
13 87
14 68
14 100
15 20
15 22
15 27
15 37
15 53
15 67
15 119
16 21
16 26
16 33
16 37
16 56
16 60
16 73
16 83
16 87
16 90
16 114
17 19
17 25
17 50
18 23
18 38
18 56
18 78
18 109
19 39
19 40
19 52
19 95
20 28
20 48
20 61
20 70
20 72
21 25
21 27
21 51
21 59
22 24
22 36
22 63
22 79
23 34
23 39
23 75
23 78
23 82
23 92
23 110
23 112
24 38
24 57
24 68
24 71
24 112
24 113
25 52
25 81
25 98
26 66
26 69
27 49
28 30
28 31
28 101
29 66
30 47
30 93
31 111
31 115
32 104
33 35
33 41
33 89
35 54
35 102
35 107
35 116
37 40
37 44
37 51
38 111
39 69
40 71
40 88
45 80
46 57
49 55
49 63
49 82
49 91
49 101
49 117
50 64
50 94
56 96
58 95
59 94
59 108
62 64
63 67
64 76
64 84
68 93
72 75
72 105
74 97
75 85
79 91
82 86
86 103
86 118
89 115
91 113
96 99
99 100
102 116
104 119
