0 2
0 5
0 8
0 10
0 14
0 15
0 16
0 17
0 19
0 20
0 23
0 26
0 27
0 28
0 32
0 34
0 35
0 39
0 40
0 41
0 42
0 45
0 47
0 54
0 59
1 7
1 8
1 9
1 12
1 20
1 22
1 29
1 33
1 35
1 38
1 39
1 40
1 41
1 43
1 45
1 49
1 51
1 54
1 55
1 77
2 6
2 8
2 11
2 12
2 13
2 14
2 15
2 16
2 17
2 21
2 23
2 24
2 25
2 26
2 27
2 29
2 30
2 31
2 32
2 34
2 35
2 39
2 40
2 41
2 42
2 44
2 46
2 47
2 51
2 54
2 58
2 59
2 67
3 6
3 7
3 11
3 19
3 20
3 21
3 22
3 27
3 28
3 29
3 31
3 36
3 44
3 50
3 51
3 53
3 55
3 57
3 58
4 6
4 8
4 10
4 15
4 17
4 18
4 22
4 24
4 27
4 28
4 29
4 31
4 32
4 34
4 35
4 37
4 39
4 44
4 46
4 50
4 51
4 59
4 71
5 12
5 14
5 17
5 22
5 29
5 31
5 32
5 33
5 34
5 37
5 40
5 45
5 46
5 47
5 49
5 58
5 106
6 8
6 10
6 12
6 14
6 15
6 27
6 31
6 32
6 33
6 37
6 38
6 43
6 44
6 46
6 49
6 52
6 53
6 54
6 56
6 58
7 11
7 13
7 19
7 20
7 21
7 23
7 24
7 25
7 26
7 27
7 28
7 30
7 37
7 39
7 40
7 43
7 44
7 45
7 49
7 51
7 52
7 53
7 54
7 55
7 57
8 9
8 10
8 15
8 16
8 17
8 18
8 19
8 23
8 24
8 28
8 29
8 30
8 31
8 33
8 35
8 36
8 37
8 40
8 49
8 50
8 51
8 58
9 12
9 15
9 17
9 18
9 20
9 22
9 24
9 33
9 35
9 37
9 39
9 41
9 43
9 46
9 47
9 54
9 55
9 56
9 58
9 59
9 102
10 11
10 14
10 15
10 16
10 17
10 18
10 20
10 24
10 25
10 26
10 28
10 30
10 36
10 39
10 41
10 44
10 46
10 48
10 51
10 53
10 56
10 57
10 79
10 82
11 13
11 14
11 17
11 18
11 24
11 27
11 32
11 33
11 35
11 37
11 39
11 40
11 43
11 46
11 47
11 50
11 51
11 52
11 53
11 55
11 56
11 61
11 63
12 13
12 15
12 17
12 21
12 29
12 31
12 35
12 37
12 38
12 39
12 49
12 51
12 52
12 53
12 54
12 57
12 58
12 68
12 98
13 14
13 15
13 16
13 17
13 18
13 21
13 25
13 26
13 29
13 31
13 34
13 35
13 36
13 40
13 41
13 44
13 53
13 56
13 57
13 58
13 81
14 15
14 18
14 19
14 23
14 24
14 25
14 26
14 31
14 32
14 33
14 35
14 36
14 40
14 41
14 46
14 47
14 49
14 54
14 56
14 58
14 115
15 19
15 20
15 21
15 25
15 27
15 28
15 29
15 31
15 32
15 33
15 48
15 49
15 51
15 52
15 54
16 17
16 18
16 20
16 26
16 29
16 30
16 34
16 35
16 40
16 42
16 44
16 45
16 46
16 47
16 52
16 53
16 55
16 56
16 57
16 59
17 24
17 25
17 26
17 28
17 30
17 31
17 32
17 34
17 36
17 39
17 41
17 47
17 48
17 50
17 51
17 54
17 55
17 58
17 59
17 64
17 88
17 96
18 23
18 24
18 26
18 28
18 29
18 31
18 33
18 34
18 36
18 38
18 39
18 40
18 42
18 45
18 50
18 52
18 53
18 56
18 57
18 59
19 20
19 21
19 24
19 29
19 30
19 31
19 32
19 33
19 34
19 35
19 37
19 40
19 43
19 45
19 48
19 57
20 23
20 24
20 28
20 31
20 33
20 34
20 35
20 36
20 39
20 41
20 46
20 47
20 49
20 50
20 52
20 57
20 71
21 22
21 25
21 30
21 31
21 32
21 34
21 36
21 39
21 41
21 42
21 45
21 48
21 49
21 55
21 56
21 58
21 83
21 85
21 105
22 25
22 26
22 31
22 32
22 40
22 44
22 54
22 55
22 56
22 119
23 27
23 32
23 33
23 35
23 37
23 38
23 41
23 42
23 46
23 50
23 53
23 58
23 99
23 107
24 26
24 28
24 29
24 32
24 38
24 40
24 41
24 42
24 49
24 56
24 58
24 59
24 72
24 82
24 105
25 26
25 27
25 30
25 36
25 38
25 42
25 43
25 46
25 47
25 49
25 51
25 53
25 54
25 59
25 86
26 28
26 31
26 33
26 34
26 36
26 42
26 46
26 49
26 56
26 57
26 58
26 112
27 31
27 35
27 37
27 39
27 41
27 44
27 47
27 48
27 55
27 57
27 58
27 59
27 108
28 29
28 31
28 36
28 38
28 42
28 43
28 44
28 45
28 54
28 56
28 59
28 67
29 30
29 38
29 42
29 43
29 44
29 46
29 47
29 50
29 51
29 54
29 55
29 58
29 59
30 31
30 33
30 37
30 39
30 43
30 45
30 47
30 52
30 53
30 54
30 56
31 36
31 37
31 40
31 41
31 42
31 45
31 46
31 47
31 49
31 51
31 54
31 56
31 57
32 35
32 36
32 37
32 41
32 42
32 43
32 47
32 50
32 52
32 53
32 55
32 91
32 114
33 35
33 37
33 39
33 40
33 41
33 43
33 45
33 51
33 52
33 54
34 36
34 38
34 41
34 47
34 50
34 52
34 53
34 56
34 58
34 59
35 39
35 40
35 46
35 47
35 48
35 51
35 53
35 58
35 59
35 107
35 114
36 37
36 38
36 40
36 41
36 44
36 45
36 46
36 47
36 49
36 51
36 53
36 54
36 56
37 43
37 46
37 51
37 55
37 56
37 58
38 39
38 40
38 43
38 46
38 48
38 53
38 54
38 57
38 104
39 40
39 41
39 46
39 51
39 58
39 59
39 92
39 106
40 44
40 48
40 51
40 52
40 53
40 54
40 55
40 104
41 42
41 45
41 49
41 50
41 52
41 57
41 59
41 99
42 44
42 45
42 48
42 54
42 55
42 57
42 59
42 103
43 45
43 46
43 47
43 48
43 51
43 52
43 53
43 56
43 57
43 98
44 45
44 46
44 51
44 58
45 46
45 47
45 48
45 50
45 52
45 53
45 54
45 55
45 58
45 66
45 80
46 47
46 48
46 51
46 52
46 54
46 58
46 59
46 102
47 53
47 55
47 56
47 57
47 58
47 59
48 49
48 52
48 53
48 54
48 55
48 57
48 59
48 81
49 50
49 53
49 56
49 57
49 59
49 96
49 105
50 53
50 59
50 71
51 52
51 59
51 100
52 54
52 58
52 71
53 56
53 94
53 107
54 56
54 57
54 71
55 58
56 57
56 58
56 59
58 59
58 112
60 61
60 73
60 74
60 78
60 80
60 82
60 89
60 93
60 94
60 95
60 97
60 102
60 105
60 108
60 112
60 116
61 69
61 70
61 71
61 76
61 80
61 81
61 90
61 93
61 100
61 103
61 105
61 109
61 111
61 113
61 116
61 117
61 118
61 119
62 66
62 67
62 72
62 74
62 75
62 76
62 78
62 83
62 84
62 85
62 86
62 94
62 104
62 105
62 109
62 110
63 66
63 69
63 70
63 76
63 79
63 81
63 82
63 84
63 85
63 86
63 90
63 92
63 93
63 94
63 100
63 103
63 107
63 108
63 110
63 115
64 67
64 68
64 80
64 81
64 84
64 88
64 89
64 90
64 95
64 102
64 107
64 119
65 68
65 72
65 73
65 80
65 83
65 85
65 86
65 89
65 90
65 92
65 94
65 99
65 100
65 103
65 105
65 109
65 111
65 113
65 115
65 116
65 119
66 68
66 71
66 72
66 73
66 76
66 78
66 79
66 85
66 89
66 92
66 94
66 97
66 108
66 114
66 117
66 118
66 119
67 68
67 75
67 79
67 80
67 81
67 92
67 93
67 98
67 103
67 104
67 105
67 106
67 107
67 116
67 117
68 70
68 71
68 72
68 74
68 78
68 81
68 82
68 83
68 85
68 88
68 90
68 91
68 93
68 95
68 96
68 97
68 100
68 101
68 104
68 106
68 108
68 111
68 115
68 117
69 74
69 76
69 81
69 87
69 89
69 91
69 93
69 95
69 98
69 103
69 105
69 106
69 107
69 114
69 118
70 75
70 81
70 83
70 89
70 90
70 97
70 100
70 101
70 108
70 112
70 114
70 115
70 116
70 117
71 72
71 76
71 77
71 81
71 82
71 84
71 86
71 87
71 92
71 95
71 100
71 102
71 108
71 112
71 113
71 115
71 119
72 74
72 78
72 81
72 88
72 89
72 96
72 98
72 106
73 75
73 77
73 80
73 82
73 83
73 84
73 90
73 98
73 102
73 105
73 109
73 110
73 112
73 113
73 117
73 119
74 76
74 80
74 81
74 83
74 84
74 87
74 88
74 90
74 95
74 99
74 102
74 111
74 112
74 113
74 116
74 117
74 118
74 119
75 76
75 82
75 84
75 85
75 88
75 95
75 99
75 102
75 104
75 110
75 115
76 78
76 79
76 81
76 85
76 87
76 89
76 90
76 91
76 94
76 95
76 98
76 100
76 101
76 103
76 113
76 117
76 118
77 79
77 80
77 90
77 96
77 100
77 104
77 105
77 106
77 115
77 117
77 119
78 81
78 83
78 88
78 96
78 97
78 106
78 108
78 116
79 81
79 84
79 85
79 86
79 104
79 106
79 111
79 116
79 117
80 81
80 84
80 86
80 90
80 96
80 98
80 100
80 105
80 106
80 107
80 109
80 110
80 113
80 114
80 116
80 119
81 82
81 83
81 87
81 98
81 102
81 103
81 107
81 108
81 112
81 117
81 118
82 83
82 98
82 104
82 108
82 111
82 112
82 113
83 85
83 87
83 90
83 91
83 94
83 96
83 97
83 98
83 101
83 105
83 109
83 112
83 113
83 115
83 116
83 119
84 87
84 92
84 94
84 95
84 104
84 105
84 110
84 111
84 114
84 115
84 119
85 98
85 104
85 105
85 110
85 112
86 88
86 90
86 97
86 98
86 102
86 104
86 105
86 107
86 109
86 112
87 88
87 89
87 97
87 107
87 113
87 115
87 118
88 91
88 98
88 100
88 106
88 109
88 112
88 113
88 118
89 93
89 96
89 98
89 110
89 111
89 116
90 92
90 95
90 97
90 101
90 104
90 105
90 108
90 113
90 116
90 118
91 96
91 102
91 105
91 107
91 111
91 112
91 115
91 118
91 119
92 103
92 104
92 111
92 112
92 116
93 94
93 96
93 100
93 101
93 103
93 104
93 105
93 106
93 107
93 108
93 109
93 110
93 119
94 97
94 98
94 99
94 112
94 115
94 116
94 117
94 119
95 103
95 109
95 111
95 118
96 98
96 104
96 105
96 109
97 98
97 105
97 110
97 111
97 112
97 113
97 117
98 100
98 101
98 107
98 115
98 117
98 118
99 103
99 105
99 107
99 111
99 112
99 113
99 117
100 101
100 102
100 115
100 116
100 119
101 102
101 105
101 107
101 108
101 111
101 113
102 104
102 105
102 116
102 119
103 106
103 107
103 108
103 110
103 116
103 119
104 106
104 107
104 109
105 107
105 109
105 114
105 116
105 119
106 118
107 111
108 109
109 117
109 118
109 119
110 111
110 114
110 115
110 117
111 115
111 118
111 119
112 116
112 118
113 115
113 116
114 116
115 118
116 118
117 119
