0 1
0 105
0 28
0 14
0 18
0 48
0 25
0 19
1 21
1 59
1 71
1 63
1 53
1 106
1 69
2 3
2 38
2 12
2 105
2 61
2 66
2 65
2 70
3 85
3 30
3 41
3 45
3 99
3 119
3 56
4 5
4 67
4 102
4 23
4 108
4 98
4 84
4 47
5 22
5 27
5 79
5 77
5 82
5 114
5 108
6 7
6 56
6 24
6 53
6 111
6 25
6 49
6 22
7 37
7 25
7 93
7 107
7 59
7 99
7 96
8 9
8 47
8 31
8 114
8 73
8 13
8 36
8 98
9 14
9 43
9 54
9 105
9 26
9 92
9 104
10 11
10 83
10 17
10 91
10 21
10 49
10 62
10 115
11 51
11 119
11 12
11 66
11 69
11 20
11 92
12 13
12 36
12 58
12 63
12 43
12 65
13 75
13 22
13 109
13 43
13 41
13 99
14 62
14 34
14 67
14 56
14 87
14 17
15 16
15 71
15 80
15 113
15 52
15 62
15 99
15 95
16 74
16 82
16 84
16 64
16 86
16 78
16 66
17 18
17 69
17 52
17 73
17 27
17 72
18 70
18 76
18 90
18 37
18 103
18 115
19 20
19 97
19 76
19 62
19 71
19 78
19 33
20 48
20 92
20 44
20 79
20 95
20 56
21 22
21 107
21 44
21 105
21 28
21 50
22 81
22 72
22 105
22 92
23 24
23 79
23 54
23 91
23 85
23 88
23 58
24 60
24 69
24 42
24 61
24 44
24 97
25 26
25 96
25 84
25 86
25 101
26 57
26 112
26 78
26 37
26 110
26 69
27 28
27 66
27 119
27 110
27 30
27 54
28 77
28 60
28 46
28 101
28 54
29 30
29 43
29 31
29 102
29 89
29 119
29 110
29 106
30 114
30 41
30 104
30 89
30 110
31 32
31 35
31 52
31 83
31 58
31 81
32 33
32 72
32 94
32 49
32 76
32 55
32 110
33 34
33 66
33 42
33 96
33 119
33 74
34 45
34 49
34 40
34 119
34 41
34 104
35 97
35 116
35 93
35 83
35 54
35 53
35 82
36 47
36 93
36 40
36 109
36 38
36 95
37 38
37 41
37 46
37 104
37 88
38 46
38 92
38 87
38 101
38 97
39 40
39 42
39 73
39 107
39 100
39 112
39 113
39 64
40 71
40 52
40 82
40 84
40 80
41 48
41 104
41 91
42 57
42 108
42 71
42 100
42 67
43 60
43 88
43 92
43 89
44 45
44 51
44 97
44 103
44 102
45 70
45 76
45 114
45 86
45 111
46 73
46 98
46 63
46 47
46 88
47 76
47 99
47 68
47 103
48 65
48 63
48 64
48 115
48 116
49 50
49 72
49 100
49 51
50 99
50 112
50 93
50 110
50 91
50 117
51 59
51 56
51 67
51 83
51 87
52 56
52 68
52 91
52 98
53 54
53 55
53 60
53 75
53 93
54 67
54 55
55 94
55 98
55 118
55 66
55 85
56 64
56 90
57 58
57 89
57 111
57 118
57 116
57 85
58 83
58 93
58 69
58 117
59 61
59 101
59 115
59 100
59 79
60 103
60 96
60 72
60 87
61 95
61 65
61 68
61 80
61 100
62 63
62 89
62 85
62 88
63 88
63 81
63 117
64 65
64 70
64 84
64 77
65 87
65 91
65 77
66 116
66 113
67 68
67 102
67 94
68 106
68 103
68 111
68 84
69 103
69 99
70 72
70 90
70 108
70 104
71 94
71 89
71 113
72 81
72 92
73 104
73 103
73 107
73 118
74 75
74 78
74 115
74 85
74 101
74 109
75 95
75 82
75 108
75 98
75 109
76 101
76 100
76 83
77 98
77 102
77 94
77 80
78 82
78 119
78 117
78 87
79 80
79 95
79 119
79 85
80 102
80 112
80 106
81 86
81 109
81 90
81 116
82 106
82 96
83 96
83 115
84 87
84 107
85 95
86 96
86 110
86 112
86 116
87 88
88 117
89 113
89 96
90 91
90 107
90 97
90 94
91 94
92 118
93 118
93 112
94 98
95 113
97 99
97 109
100 105
100 108
101 118
101 106
102 113
102 105
103 109
104 109
105 112
106 118
106 117
107 114
107 113
108 111
108 112
110 111
111 114
111 115
114 115
114 116
116 117
117 118
