0 1
0 2
0 3
0 6
0 8
0 15
0 16
0 17
0 18
0 19
0 28
0 29
0 31
0 34
0 38
0 39
0 46
0 49
0 60
0 62
0 70
0 71
0 74
0 77
0 79
0 81
0 85
0 86
0 90
0 94
0 95
0 98
0 100
0 105
0 106
0 110
0 112
0 113
0 115
0 117
1 2
1 9
1 10
1 12
1 15
1 16
1 17
1 22
1 23
1 30
1 31
1 36
1 41
1 44
1 45
1 53
1 56
1 59
1 60
1 63
1 75
1 76
1 83
1 87
1 88
1 97
1 98
1 100
1 105
1 108
1 110
2 5
2 8
2 12
2 13
2 15
2 18
2 25
2 28
2 29
2 33
2 42
2 45
2 47
2 48
2 50
2 52
2 57
2 60
2 62
2 65
2 68
2 70
2 72
2 76
2 78
2 82
2 84
2 86
2 87
2 88
2 90
2 91
2 94
2 95
2 97
2 99
2 104
2 107
2 111
2 112
2 113
3 5
3 6
3 10
3 14
3 15
3 17
3 22
3 26
3 28
3 29
3 31
3 35
3 37
3 44
3 45
3 46
3 48
3 49
3 58
3 70
3 71
3 74
3 76
3 84
3 85
3 87
3 88
3 91
3 96
3 100
3 102
3 103
3 107
3 110
3 113
3 115
3 116
3 119
4 5
4 10
4 14
4 19
4 27
4 31
4 34
4 36
4 41
4 45
4 46
4 49
4 50
4 52
4 56
4 62
4 64
4 65
4 67
4 69
4 71
4 75
4 77
4 81
4 94
4 95
4 96
4 97
4 101
4 102
4 110
4 117
5 9
5 12
5 13
5 14
5 15
5 26
5 31
5 33
5 35
5 44
5 51
5 52
5 53
5 54
5 55
5 57
5 59
5 61
5 63
5 66
5 71
5 72
5 75
5 78
5 82
5 83
5 87
5 89
5 91
5 94
5 95
5 96
5 98
5 99
5 106
5 111
5 112
6 9
6 15
6 17
6 18
6 20
6 21
6 24
6 31
6 35
6 37
6 39
6 40
6 43
6 44
6 45
6 50
6 51
6 54
6 55
6 56
6 60
6 64
6 66
6 69
6 70
6 75
6 76
6 80
6 83
6 86
6 95
6 96
6 103
6 105
6 107
6 109
6 112
6 114
6 115
6 116
7 8
7 11
7 13
7 14
7 16
7 17
7 19
7 23
7 24
7 28
7 29
7 35
7 37
7 40
7 48
7 52
7 53
7 60
7 69
7 74
7 77
7 82
7 83
7 84
7 89
7 93
7 94
7 95
7 98
7 100
7 102
7 103
7 107
7 113
7 115
7 116
7 117
7 118
8 14
8 20
8 23
8 24
8 30
8 31
8 33
8 38
8 41
8 43
8 46
8 53
8 59
8 60
8 61
8 64
8 65
8 67
8 71
8 74
8 75
8 76
8 79
8 81
8 82
8 83
8 86
8 87
8 91
8 95
8 96
8 99
8 102
8 105
8 109
8 110
8 114
9 10
9 15
9 16
9 22
9 32
9 35
9 38
9 42
9 44
9 52
9 57
9 63
9 64
9 65
9 70
9 73
9 75
9 79
9 89
9 96
9 103
9 108
9 109
9 111
9 116
10 11
10 14
10 16
10 17
10 23
10 26
10 27
10 28
10 33
10 35
10 41
10 42
10 43
10 51
10 53
10 55
10 56
10 57
10 58
10 73
10 75
10 76
10 77
10 82
10 83
10 85
10 90
10 94
10 96
10 99
10 100
10 105
10 108
10 112
10 114
10 117
11 18
11 20
11 21
11 24
11 26
11 27
11 28
11 29
11 30
11 31
11 34
11 36
11 39
11 42
11 48
11 49
11 50
11 51
11 52
11 59
11 64
11 68
11 69
11 70
11 71
11 74
11 76
11 77
11 85
11 87
11 88
11 91
11 93
11 94
11 97
11 98
11 106
11 108
11 114
11 116
11 117
11 118
11 119
12 13
12 14
12 15
12 17
12 22
12 25
12 36
12 40
12 42
12 50
12 53
12 63
12 64
12 70
12 72
12 73
12 74
12 76
12 77
12 82
12 85
12 87
12 97
12 98
12 99
12 101
12 102
12 103
12 104
12 105
12 107
12 108
12 109
12 110
12 111
12 114
12 117
12 118
13 19
13 22
13 24
13 26
13 30
13 33
13 37
13 38
13 42
13 45
13 46
13 47
13 48
13 53
13 55
13 56
13 58
13 60
13 62
13 67
13 68
13 69
13 70
13 74
13 77
13 79
13 80
13 82
13 85
13 86
13 89
13 90
13 92
13 94
13 98
13 103
13 104
13 105
13 111
13 113
13 114
13 116
13 117
14 15
14 16
14 17
14 20
14 21
14 22
14 24
14 26
14 29
14 35
14 37
14 40
14 44
14 46
14 50
14 51
14 53
14 63
14 66
14 70
14 72
14 73
14 75
14 77
14 79
14 80
14 81
14 85
14 86
14 92
14 98
14 101
14 103
14 106
14 107
14 113
14 114
15 19
15 20
15 24
15 26
15 29
15 36
15 39
15 44
15 47
15 49
15 53
15 54
15 56
15 57
15 59
15 60
15 62
15 67
15 71
15 76
15 81
15 82
15 84
15 85
15 88
15 89
15 90
15 92
15 93
15 95
15 99
15 101
15 103
15 104
15 107
15 108
15 119
16 17
16 19
16 26
16 30
16 32
16 34
16 35
16 36
16 40
16 41
16 42
16 44
16 45
16 53
16 54
16 56
16 64
16 66
16 67
16 70
16 73
16 76
16 77
16 81
16 82
16 88
16 95
16 97
16 104
16 107
16 108
16 109
16 110
16 115
17 22
17 30
17 33
17 37
17 39
17 42
17 45
17 50
17 51
17 54
17 58
17 63
17 64
17 65
17 69
17 71
17 72
17 73
17 80
17 84
17 93
17 95
17 96
17 98
17 99
17 102
17 108
17 111
17 113
17 115
17 116
18 25
18 29
18 31
18 35
18 37
18 40
18 42
18 48
18 50
18 55
18 57
18 60
18 61
18 62
18 64
18 65
18 67
18 68
18 70
18 73
18 79
18 85
18 87
18 88
18 89
18 91
18 96
18 101
18 103
18 111
18 114
18 116
18 117
18 118
19 24
19 26
19 35
19 36
19 40
19 41
19 42
19 49
19 50
19 51
19 54
19 55
19 59
19 60
19 61
19 64
19 65
19 79
19 90
19 91
19 92
19 94
19 95
19 97
19 105
19 108
20 25
20 31
20 32
20 35
20 37
20 39
20 44
20 45
20 48
20 49
20 51
20 52
20 53
20 56
20 57
20 58
20 63
20 65
20 68
20 70
20 71
20 73
20 78
20 79
20 80
20 90
20 100
20 102
20 103
20 104
20 108
20 109
20 112
20 113
20 116
20 118
20 119
21 22
21 25
21 36
21 37
21 44
21 51
21 52
21 54
21 58
21 61
21 62
21 65
21 66
21 67
21 68
21 75
21 76
21 82
21 87
21 97
21 98
21 99
21 102
21 106
21 108
21 114
21 116
22 23
22 26
22 27
22 30
22 31
22 36
22 41
22 42
22 43
22 50
22 52
22 54
22 55
22 56
22 57
22 60
22 62
22 65
22 67
22 70
22 78
22 83
22 84
22 94
22 96
22 100
22 101
22 105
22 107
22 109
22 110
22 113
22 115
22 119
23 25
23 27
23 29
23 32
23 36
23 41
23 42
23 43
23 44
23 46
23 47
23 48
23 49
23 51
23 55
23 58
23 60
23 64
23 66
23 67
23 72
23 80
23 82
23 88
23 89
23 101
23 103
23 105
23 106
23 107
23 113
24 30
24 31
24 33
24 35
24 37
24 39
24 40
24 41
24 42
24 43
24 44
24 45
24 48
24 49
24 54
24 56
24 57
24 58
24 59
24 62
24 64
24 65
24 66
24 67
24 70
24 77
24 80
24 83
24 86
24 90
24 92
24 95
24 102
24 103
24 106
24 113
24 114
24 116
25 31
25 36
25 37
25 41
25 43
25 44
25 50
25 51
25 53
25 55
25 57
25 60
25 62
25 65
25 69
25 71
25 73
25 81
25 83
25 84
25 85
25 88
25 91
25 92
25 94
25 100
25 102
25 106
25 107
25 110
25 118
25 119
26 30
26 38
26 39
26 40
26 42
26 43
26 44
26 45
26 46
26 48
26 50
26 54
26 56
26 59
26 60
26 63
26 65
26 68
26 69
26 73
26 74
26 76
26 80
26 82
26 84
26 86
26 94
26 95
26 96
26 101
26 105
26 106
26 107
26 115
26 116
27 28
27 30
27 31
27 32
27 33
27 35
27 38
27 47
27 48
27 50
27 55
27 59
27 60
27 62
27 71
27 72
27 75
27 76
27 79
27 80
27 92
27 93
27 95
27 96
27 99
27 106
27 107
27 112
27 114
27 117
27 119
28 32
28 38
28 40
28 47
28 48
28 55
28 57
28 58
28 61
28 64
28 65
28 71
28 73
28 76
28 84
28 86
28 88
28 92
28 95
28 101
28 102
28 103
28 105
28 107
28 108
28 111
28 112
28 115
28 118
28 119
29 31
29 35
29 36
29 38
29 44
29 49
29 53
29 58
29 72
29 73
29 74
29 79
29 80
29 84
29 85
29 86
29 87
29 93
29 94
29 95
29 96
29 99
29 105
29 110
29 111
29 115
29 119
30 31
30 35
30 39
30 47
30 49
30 54
30 55
30 56
30 59
30 60
30 63
30 66
30 69
30 70
30 71
30 72
30 74
30 77
30 82
30 87
30 88
30 90
30 92
30 95
30 97
30 100
30 101
30 103
30 104
30 111
30 114
30 116
31 33
31 41
31 43
31 47
31 74
31 78
31 81
31 84
31 86
31 87
31 92
31 94
31 95
31 101
31 102
31 105
31 106
31 107
31 111
31 114
31 117
31 119
32 33
32 38
32 39
32 40
32 43
32 44
32 45
32 47
32 51
32 53
32 57
32 60
32 63
32 66
32 67
32 76
32 77
32 79
32 80
32 81
32 82
32 85
32 89
32 93
32 94
32 95
32 96
32 97
32 98
32 101
32 102
32 104
32 105
32 106
32 107
32 108
32 109
32 113
32 118
33 36
33 37
33 41
33 44
33 51
33 53
33 56
33 58
33 59
33 61
33 62
33 63
33 66
33 67
33 71
33 73
33 75
33 77
33 78
33 80
33 81
33 82
33 83
33 85
33 91
33 95
33 103
33 105
33 109
33 110
33 111
33 115
33 116
33 117
33 118
33 119
34 36
34 38
34 40
34 44
34 45
34 46
34 50
34 51
34 52
34 53
34 54
34 62
34 63
34 65
34 74
34 76
34 77
34 79
34 80
34 81
34 86
34 94
34 99
34 105
34 113
34 115
34 118
34 119
35 37
35 38
35 40
35 44
35 49
35 50
35 51
35 52
35 53
35 56
35 57
35 60
35 62
35 65
35 67
35 68
35 71
35 78
35 81
35 83
35 89
35 90
35 95
35 96
35 98
35 99
35 100
35 107
35 109
35 110
35 112
35 114
35 116
36 37
36 42
36 49
36 50
36 54
36 56
36 59
36 67
36 70
36 73
36 75
36 76
36 79
36 84
36 86
36 89
36 90
36 95
36 96
36 98
36 100
36 101
36 110
36 116
37 38
37 41
37 48
37 49
37 55
37 56
37 61
37 69
37 74
37 75
37 80
37 85
37 92
37 96
37 97
37 99
37 101
37 102
37 103
37 109
37 112
37 115
37 117
37 119
38 39
38 40
38 41
38 45
38 46
38 47
38 48
38 51
38 52
38 53
38 58
38 59
38 61
38 63
38 64
38 67
38 71
38 76
38 77
38 79
38 80
38 84
38 88
38 90
38 92
38 95
38 99
38 101
38 105
38 107
38 118
38 119
39 41
39 43
39 46
39 47
39 48
39 49
39 50
39 52
39 57
39 63
39 64
39 66
39 78
39 79
39 80
39 83
39 84
39 89
39 91
39 93
39 101
39 105
39 106
39 108
39 109
39 110
39 111
39 113
39 115
40 41
40 45
40 46
40 52
40 60
40 63
40 66
40 67
40 69
40 70
40 72
40 77
40 84
40 89
40 91
40 93
40 95
40 98
40 99
40 104
40 112
40 113
40 115
40 119
41 43
41 56
41 57
41 59
41 60
41 62
41 64
41 65
41 67
41 68
41 70
41 72
41 74
41 79
41 83
41 84
41 86
41 88
41 91
41 92
41 94
41 99
41 100
41 108
41 109
41 111
42 44
42 46
42 48
42 49
42 50
42 56
42 57
42 61
42 63
42 64
42 66
42 69
42 75
42 81
42 87
42 91
42 92
42 95
42 96
42 97
42 98
42 101
42 102
42 107
42 112
42 113
42 116
42 118
43 44
43 45
43 46
43 49
43 51
43 53
43 55
43 56
43 57
43 59
43 60
43 67
43 69
43 70
43 79
43 83
43 87
43 89
43 91
43 92
43 94
43 95
43 96
43 97
43 102
43 103
43 104
43 106
43 112
43 116
43 117
44 45
44 46
44 49
44 50
44 54
44 55
44 69
44 72
44 75
44 78
44 81
44 83
44 85
44 86
44 88
44 90
44 95
44 96
44 98
44 99
44 101
44 110
44 115
44 116
44 119
45 46
45 47
45 48
45 50
45 51
45 52
45 54
45 60
45 62
45 64
45 68
45 70
45 71
45 73
45 74
45 77
45 81
45 85
45 86
45 87
45 91
45 95
45 96
45 97
45 101
45 104
45 109
45 110
45 114
45 116
45 118
45 119
46 49
46 50
46 51
46 53
46 55
46 62
46 64
46 65
46 67
46 79
46 83
46 86
46 87
46 90
46 91
46 92
46 96
46 102
46 106
46 107
46 109
46 111
46 114
46 116
47 51
47 54
47 55
47 56
47 58
47 63
47 64
47 67
47 68
47 69
47 70
47 72
47 73
47 75
47 80
47 82
47 83
47 84
47 86
47 89
47 91
47 94
47 98
47 100
47 102
47 104
47 110
47 112
47 118
48 51
48 56
48 57
48 64
48 70
48 71
48 75
48 76
48 77
48 79
48 83
48 84
48 85
48 90
48 91
48 94
48 97
48 100
48 104
48 106
48 110
48 111
48 113
48 115
48 117
49 51
49 56
49 58
49 65
49 67
49 71
49 73
49 74
49 77
49 85
49 87
49 90
49 91
49 94
49 97
49 98
49 101
49 102
49 104
49 106
49 108
49 109
49 113
49 119
50 53
50 54
50 58
50 59
50 61
50 63
50 64
50 65
50 69
50 72
50 73
50 74
50 80
50 84
50 92
50 95
50 97
50 98
50 99
50 100
50 103
50 106
50 109
50 114
50 115
50 116
50 119
51 52
51 59
51 61
51 62
51 63
51 66
51 72
51 75
51 78
51 79
51 82
51 84
51 85
51 86
51 92
51 94
51 95
51 97
51 98
51 99
51 101
51 102
51 103
51 104
51 105
51 107
51 114
51 116
51 117
52 53
52 60
52 62
52 70
52 73
52 74
52 79
52 81
52 83
52 84
52 86
52 88
52 89
52 90
52 92
52 93
52 94
52 97
52 100
52 101
52 102
52 106
52 108
52 109
52 110
52 112
53 56
53 61
53 67
53 72
53 73
53 78
53 80
53 83
53 84
53 89
53 96
53 102
53 104
53 106
53 108
53 112
53 113
53 116
53 119
54 55
54 58
54 59
54 66
54 72
54 75
54 88
54 89
54 92
54 96
54 98
54 99
54 100
54 102
54 104
54 105
54 106
54 111
55 58
55 60
55 64
55 65
55 66
55 69
55 71
55 72
55 73
55 75
55 77
55 79
55 80
55 81
55 87
55 95
55 96
55 97
55 98
55 101
55 103
55 104
55 106
55 108
55 111
55 115
55 117
55 118
56 58
56 60
56 62
56 70
56 71
56 72
56 75
56 81
56 86
56 89
56 98
56 101
56 102
56 107
56 108
56 110
56 111
56 116
56 119
57 62
57 71
57 72
57 73
57 74
57 80
57 81
57 87
57 88
57 89
57 91
57 93
57 95
57 101
57 103
57 106
57 107
57 108
57 109
57 114
57 118
58 59
58 67
58 74
58 76
58 77
58 84
58 86
58 89
58 93
58 94
58 98
58 102
58 104
58 106
58 111
58 112
58 114
58 117
59 61
59 63
59 64
59 67
59 69
59 72
59 77
59 78
59 80
59 81
59 85
59 88
59 90
59 91
59 92
59 93
59 101
59 104
59 105
59 113
59 114
59 116
59 117
60 71
60 74
60 76
60 79
60 84
60 87
60 90
60 92
60 94
60 95
60 98
60 103
60 111
60 115
60 116
61 66
61 68
61 70
61 71
61 74
61 76
61 79
61 85
61 88
61 89
61 91
61 93
61 96
61 98
61 100
61 102
61 104
61 107
61 118
62 64
62 65
62 68
62 69
62 70
62 72
62 78
62 79
62 82
62 88
62 95
62 96
62 97
62 106
62 107
62 110
62 111
62 112
62 115
63 65
63 67
63 68
63 69
63 73
63 74
63 85
63 87
63 88
63 89
63 93
63 94
63 95
63 101
63 103
63 105
63 115
63 118
64 65
64 67
64 78
64 79
64 82
64 84
64 86
64 87
64 89
64 94
64 95
64 109
64 110
64 111
64 116
65 66
65 67
65 70
65 76
65 78
65 80
65 81
65 85
65 86
65 87
65 88
65 89
65 90
65 91
65 92
65 93
65 95
65 96
65 98
65 100
65 103
65 104
65 105
65 110
65 111
65 112
66 68
66 69
66 71
66 73
66 76
66 77
66 78
66 79
66 81
66 82
66 85
66 87
66 93
66 95
66 100
66 102
66 103
66 110
66 112
66 114
66 117
66 118
67 71
67 74
67 89
67 94
67 99
67 100
67 103
67 104
67 106
67 108
67 109
67 111
67 113
67 114
67 116
67 118
67 119
68 73
68 74
68 76
68 78
68 79
68 82
68 84
68 85
68 86
68 90
68 91
68 96
68 99
68 100
68 101
68 106
68 107
68 109
68 115
68 117
69 70
69 71
69 72
69 75
69 79
69 81
69 83
69 86
69 90
69 91
69 93
69 94
69 96
69 99
69 100
69 101
69 105
69 109
69 110
69 113
69 115
69 117
70 74
70 81
70 83
70 86
70 98
70 102
70 104
70 107
70 110
70 115
70 118
71 72
71 75
71 81
71 82
71 83
71 85
71 86
71 87
71 89
71 90
71 95
71 96
71 97
71 98
71 99
71 104
71 106
71 108
71 109
71 112
71 118
72 78
72 80
72 81
72 85
72 87
72 89
72 97
72 103
72 104
72 107
72 108
72 111
72 114
73 80
73 87
73 90
73 95
73 99
73 102
73 103
73 110
73 112
74 78
74 79
74 84
74 87
74 88
74 90
74 91
74 94
74 95
74 101
74 102
74 103
74 104
74 106
74 108
74 114
74 116
74 117
74 118
75 76
75 78
75 79
75 80
75 83
75 84
75 87
75 88
75 91
75 93
75 94
75 95
75 106
75 107
75 110
75 114
75 115
75 117
75 118
76 77
76 78
76 79
76 81
76 82
76 86
76 88
76 100
76 102
76 108
76 110
76 114
77 81
77 84
77 85
77 88
77 89
77 92
77 93
77 95
77 97
77 98
77 100
77 102
77 103
77 107
77 109
77 111
77 113
77 116
77 118
77 119
78 79
78 82
78 83
78 85
78 88
78 90
78 91
78 93
78 94
78 100
78 106
78 107
78 111
78 117
79 80
79 81
79 83
79 92
79 93
79 95
79 98
79 100
79 104
79 105
79 107
79 108
79 109
79 111
79 115
79 117
79 119
80 81
80 83
80 94
80 98
80 99
80 103
80 107
80 108
80 111
80 112
80 113
80 117
80 119
81 86
81 90
81 93
81 97
81 98
81 101
81 117
82 86
82 97
82 99
82 106
82 111
82 116
82 118
82 119
83 84
83 87
83 88
83 90
83 91
83 95
83 101
83 107
83 109
83 115
83 118
83 119
84 85
84 86
84 89
84 93
84 96
84 98
84 100
84 102
84 103
84 107
84 108
84 111
84 113
84 118
84 119
85 86
85 87
85 89
85 94
85 95
85 96
85 99
85 103
85 104
85 110
85 113
85 114
85 116
85 119
86 88
86 91
86 94
86 98
86 105
86 106
86 111
86 115
86 116
86 117
87 92
87 94
87 101
87 103
87 104
87 105
87 107
87 111
87 116
88 90
88 98
88 99
88 101
88 102
88 104
88 105
88 106
88 109
88 112
89 90
89 92
89 94
89 95
89 99
89 102
89 108
89 109
89 111
89 113
89 114
89 115
89 116
89 117
89 118
90 92
90 94
90 97
90 98
90 113
90 115
90 117
90 118
91 92
91 96
91 103
91 106
91 107
91 109
91 111
91 113
91 115
92 95
92 97
92 99
92 101
92 104
92 107
92 110
92 112
92 115
92 116
92 117
92 118
93 100
93 104
93 106
93 113
93 117
94 95
94 97
94 102
94 105
94 110
94 111
94 118
94 119
95 96
95 99
95 101
95 105
95 107
95 108
95 109
95 115
96 99
96 101
96 112
96 117
96 118
97 99
97 100
97 101
97 110
97 112
97 113
97 115
97 117
97 119
98 103
98 107
98 110
98 111
98 118
99 105
99 106
99 110
99 111
99 112
99 118
100 104
100 105
100 107
100 108
100 115
101 111
101 112
101 117
102 104
102 107
102 118
103 106
103 108
103 112
103 116
104 108
104 110
104 114
104 117
105 106
105 107
105 115
105 119
106 107
106 111
106 116
107 108
107 110
107 112
107 115
107 116
107 117
108 113
108 119
109 110
109 111
109 113
109 116
109 117
110 111
110 113
110 114
110 115
110 116
110 118
110 119
111 112
111 113
111 114
111 115
112 119
113 119
114 117
115 116
116 118
117 119
118 119
