0 1
0 2
0 3
0 4
0 5
0 6
0 7
0 8
0 9
0 10
0 11
0 12
0 13
0 14
0 15
0 16
0 17
0 18
0 19
0 20
0 23
0 25
0 26
0 28
0 29
0 30
0 37
0 38
0 40
0 41
0 42
0 46
0 47
0 49
0 50
0 55
0 56
0 57
0 58
0 62
0 63
0 66
0 67
0 68
0 69
0 71
0 76
0 78
0 81
0 85
0 86
0 90
0 93
0 102
0 113
1 11
1 12
1 13
1 14
1 15
1 16
1 20
1 28
1 32
1 37
1 51
1 61
1 62
1 64
1 79
1 83
1 100
1 103
1 115
2 11
2 12
2 18
2 19
2 21
2 22
2 23
2 30
2 31
2 32
2 39
2 55
2 56
2 63
2 68
2 82
2 96
3 11
3 12
3 13
3 14
3 15
3 16
3 17
3 20
3 21
3 22
3 23
3 29
3 31
3 32
3 33
3 34
3 35
3 36
3 38
3 40
3 41
3 44
3 52
3 57
3 64
3 68
3 70
3 71
3 77
3 80
3 81
3 82
3 92
3 94
3 97
3 101
3 102
3 103
3 112
4 11
4 12
4 13
4 14
4 15
4 16
4 17
4 21
4 22
4 24
4 27
4 34
4 35
4 37
4 39
4 61
4 106
4 116
5 11
5 13
5 16
5 18
5 20
5 31
5 33
5 35
5 45
5 59
5 86
5 90
5 98
5 108
6 11
6 12
6 16
6 19
6 20
6 25
6 26
6 27
6 28
6 33
6 35
6 36
6 38
6 52
6 54
6 60
6 63
6 72
6 73
6 80
6 85
6 89
6 114
6 117
6 119
7 11
7 12
7 13
7 14
7 15
7 16
7 17
7 18
7 19
7 20
7 22
7 24
7 27
7 31
7 34
7 36
7 38
7 40
7 41
7 45
7 48
7 58
7 59
7 65
7 71
7 79
7 84
7 87
7 92
7 97
7 101
7 103
7 119
8 11
8 12
8 14
8 18
8 34
8 42
8 43
8 47
8 60
8 61
8 72
8 74
8 78
8 87
8 93
9 12
9 13
9 14
9 17
9 19
9 21
9 25
9 31
9 36
9 40
9 42
9 50
9 56
9 60
9 78
9 79
9 84
10 11
10 13
10 15
10 18
10 21
10 22
10 23
10 27
10 33
10 37
10 44
10 47
10 58
10 70
10 108
11 12
11 13
11 14
11 15
11 16
11 18
11 19
11 20
11 23
11 25
11 26
11 33
11 37
11 44
11 45
11 46
11 53
11 55
11 56
11 57
11 58
11 66
11 72
11 73
11 74
11 79
11 88
11 90
11 94
11 103
11 106
11 111
11 115
11 119
12 13
12 14
12 15
12 16
12 17
12 18
12 24
12 26
12 27
12 28
12 38
12 42
12 43
12 44
12 45
12 50
12 52
12 56
12 59
12 62
12 69
12 73
12 77
12 79
12 87
12 89
12 104
12 108
12 109
12 112
13 14
13 15
13 17
13 18
13 20
13 21
13 22
13 23
13 24
13 25
13 26
13 29
13 30
13 32
13 35
13 37
13 38
13 39
13 42
13 49
13 50
13 53
13 55
13 57
13 60
13 62
13 64
13 65
13 68
13 69
13 72
13 75
13 76
13 84
13 91
13 92
13 98
13 103
13 111
13 119
14 15
14 16
14 17
14 18
14 21
14 22
14 25
14 30
14 31
14 32
14 34
14 39
14 44
14 45
14 49
14 55
14 56
14 58
14 60
14 61
14 63
14 70
14 71
14 76
14 81
14 85
14 86
14 91
14 94
14 95
14 101
14 102
14 104
14 106
14 108
14 109
14 115
15 17
15 19
15 23
15 24
15 25
15 26
15 27
15 28
15 30
15 35
15 37
15 39
15 43
15 44
15 46
15 50
15 54
15 61
15 62
15 65
15 69
15 70
15 71
15 80
15 82
15 83
15 85
15 90
15 92
15 93
15 95
15 97
15 99
15 106
15 107
15 111
16 17
16 19
16 20
16 21
16 22
16 25
16 28
16 29
16 30
16 32
16 36
16 41
16 42
16 43
16 46
16 48
16 49
16 57
16 59
16 78
16 92
16 113
16 115
17 19
17 23
17 24
17 25
17 27
17 31
17 32
17 33
17 41
17 44
17 46
17 60
17 64
17 75
17 76
17 77
17 81
17 96
17 100
17 105
17 112
17 113
17 118
18 19
18 20
18 22
18 23
18 24
18 26
18 30
18 32
18 35
18 44
18 46
18 47
18 51
18 53
18 54
18 57
18 59
18 67
18 68
18 70
18 74
18 76
18 78
18 80
18 81
18 84
18 86
18 88
18 92
18 98
18 100
18 111
18 115
19 21
19 22
19 23
19 24
19 26
19 27
19 28
19 29
19 30
19 31
19 35
19 36
19 40
19 43
19 45
19 46
19 47
19 49
19 53
19 57
19 60
19 62
19 64
19 65
19 66
19 69
19 75
19 80
19 81
19 82
19 89
19 96
19 106
19 111
19 119
20 21
20 25
20 26
20 27
20 28
20 29
20 31
20 32
20 34
20 45
20 46
20 49
20 50
20 51
20 52
20 54
20 55
20 65
20 66
20 67
20 68
20 80
20 83
20 84
20 89
20 95
20 104
20 105
20 109
20 117
21 24
21 27
21 30
21 31
21 32
21 38
21 42
21 47
21 48
21 53
21 59
21 67
21 78
21 87
21 111
21 114
22 24
22 29
22 30
22 33
22 35
22 36
22 37
22 40
22 43
22 44
22 46
22 47
22 48
22 50
22 61
22 64
22 66
22 67
22 71
22 74
22 76
22 80
22 83
22 94
22 100
22 104
22 109
22 115
23 26
23 28
23 34
23 50
23 64
23 66
23 69
23 74
23 76
23 77
23 91
23 97
23 101
23 108
23 117
24 34
24 43
24 68
24 69
24 71
24 91
24 99
24 105
25 29
25 33
25 37
25 39
25 45
25 48
25 53
25 55
25 57
25 65
25 67
25 70
25 71
25 82
25 86
25 95
25 99
25 100
25 101
25 105
25 106
25 107
25 110
25 111
26 29
26 33
26 47
26 52
26 53
26 56
26 62
26 72
26 86
26 94
26 115
27 28
27 29
27 36
27 41
27 50
27 52
27 54
27 60
27 73
27 94
27 99
27 108
28 34
28 35
28 36
28 38
28 41
28 49
28 51
28 58
28 61
28 64
28 73
28 88
28 98
28 113
28 116
29 33
29 41
29 45
29 57
29 65
29 68
29 70
29 78
29 98
29 116
30 39
30 40
30 41
30 42
30 48
30 58
30 61
30 62
30 69
30 74
30 75
30 83
30 90
30 99
30 103
30 117
31 34
31 36
31 38
31 39
31 43
31 44
31 72
31 79
32 39
32 62
32 76
32 83
32 95
33 37
33 40
33 54
33 55
33 58
33 59
33 69
33 81
33 90
33 102
33 114
34 40
34 43
34 45
34 48
34 49
34 59
34 67
34 80
34 82
34 90
34 91
34 93
34 101
34 104
35 38
35 39
35 46
35 47
35 49
35 60
35 66
35 78
35 79
35 92
36 42
36 51
36 53
36 54
36 59
36 73
36 75
36 79
36 81
36 89
36 101
36 105
36 118
37 48
37 51
37 55
37 61
37 63
37 67
37 68
37 89
37 100
37 105
37 111
38 78
38 88
38 89
38 99
38 100
38 118
39 40
39 52
39 80
39 93
40 41
40 52
40 73
40 87
40 103
40 109
40 117
41 42
41 43
41 51
41 52
41 54
41 67
41 75
41 81
41 82
41 96
42 51
42 61
42 62
42 63
42 95
42 101
42 112
42 113
42 114
43 71
43 75
43 79
43 83
43 84
43 90
43 91
43 93
43 99
43 100
43 104
43 106
43 117
44 48
44 49
44 53
44 56
44 64
44 65
44 70
44 74
44 84
44 110
45 48
45 51
45 71
45 76
45 86
45 96
45 97
45 107
45 110
45 116
46 47
46 56
46 60
46 63
46 73
46 82
46 90
46 96
46 98
46 112
47 59
47 85
48 54
48 63
48 65
48 72
48 80
48 84
49 50
49 51
49 52
49 75
49 77
49 83
49 93
50 53
50 72
50 74
50 75
50 88
50 98
50 105
51 57
51 63
51 64
51 82
51 88
51 95
51 110
52 54
52 65
52 66
52 73
52 77
52 105
53 55
53 77
53 87
53 93
53 97
53 109
54 58
54 75
54 87
54 88
54 96
54 102
54 104
54 107
54 113
54 114
55 56
55 79
55 110
55 117
55 119
56 58
56 63
56 69
56 92
58 73
58 82
58 89
58 90
58 94
58 99
58 110
58 111
59 88
59 105
59 107
59 118
60 68
60 70
60 83
60 86
60 88
60 102
60 108
60 115
61 67
61 74
61 91
61 97
61 103
61 104
61 108
61 116
61 117
62 72
62 76
62 84
62 87
62 112
63 66
63 85
63 86
63 89
63 93
63 100
63 105
63 119
64 66
64 85
64 86
64 87
64 114
65 118
66 70
66 72
66 78
66 84
66 101
66 103
66 106
66 116
67 81
67 83
67 97
68 89
68 99
68 109
69 74
69 106
70 77
70 85
70 102
72 77
72 88
72 95
72 96
72 106
72 116
72 119
73 77
73 92
73 109
74 102
74 107
75 96
75 113
76 94
76 99
76 119
77 85
77 101
77 115
78 118
79 87
79 110
79 113
80 85
80 109
81 91
81 107
81 109
81 112
81 118
82 91
82 92
82 102
82 103
82 110
83 97
83 112
85 110
85 111
85 114
85 116
86 94
86 104
86 107
86 108
86 116
87 93
87 98
87 100
87 118
88 95
88 114
89 96
90 91
90 94
90 95
90 107
90 114
90 115
92 97
93 98
95 98
95 104
95 112
95 119
97 107
97 117
98 118
99 102
100 112
102 113
104 108
104 110
107 114
108 116
108 118
111 113
115 117
