0 3
0 6
0 7
0 12
0 18
0 20
0 22
0 70
0 76
1 2
1 4
1 13
1 16
1 19
1 22
1 23
1 35
1 46
1 92
2 5
2 6
2 7
2 9
2 10
2 13
2 14
2 16
2 20
2 21
2 22
2 27
2 42
2 79
2 80
3 4
3 6
3 10
3 12
3 13
3 17
3 18
3 20
3 22
3 23
3 60
3 66
3 75
4 5
4 8
4 9
4 10
4 12
4 14
4 19
4 20
4 23
4 55
4 58
4 104
4 108
4 115
5 9
5 10
5 11
5 14
5 15
5 19
5 20
5 22
5 23
5 47
5 69
5 72
5 74
5 113
6 7
6 9
6 14
6 16
6 17
6 18
6 21
6 22
6 32
6 119
7 10
7 13
7 14
7 19
7 25
7 29
7 75
7 86
7 99
7 106
7 118
8 9
8 10
8 15
8 16
8 18
8 23
8 33
8 34
8 52
8 55
8 61
8 64
8 72
8 89
8 114
9 13
9 14
9 15
9 18
9 19
9 22
9 28
9 63
9 98
9 100
10 12
10 13
10 14
10 15
10 16
10 18
10 19
10 20
10 39
10 58
10 110
11 13
11 16
11 18
11 20
11 21
11 23
11 32
11 82
11 89
11 100
12 13
12 14
12 20
12 22
12 23
12 59
12 114
13 14
13 15
13 18
13 19
13 22
13 23
13 38
13 55
13 78
13 93
14 15
14 17
14 20
14 22
14 35
14 40
14 54
14 59
14 81
14 87
14 98
14 99
15 16
15 17
15 18
15 21
15 23
15 33
15 42
15 84
15 115
16 17
16 18
16 19
16 23
16 34
16 36
16 101
16 117
17 20
17 21
17 42
17 43
17 45
17 62
17 66
17 74
17 85
17 107
17 117
18 21
18 51
18 53
18 82
18 90
18 94
19 23
19 27
19 30
19 34
19 63
19 119
20 21
20 36
20 38
20 39
20 43
20 74
20 102
20 112
21 22
21 38
21 64
21 66
21 93
21 101
21 110
22 40
22 48
22 55
22 68
22 74
22 77
22 84
22 85
22 91
22 102
22 105
23 25
23 28
23 37
23 62
23 73
23 117
23 119
24 25
24 29
24 32
24 36
24 37
24 41
24 44
24 45
24 48
24 60
24 92
25 32
25 33
25 35
25 38
25 40
25 41
25 44
25 47
25 72
25 73
25 85
25 87
25 92
26 27
26 30
26 31
26 34
26 36
26 37
26 40
26 42
26 45
26 50
27 28
27 29
27 34
27 40
27 41
27 42
27 44
27 45
27 46
27 63
27 83
27 105
27 106
28 32
28 33
28 34
28 35
28 40
28 41
28 42
28 43
28 44
28 46
28 49
28 61
28 74
28 90
28 111
29 30
29 31
29 33
29 39
29 41
29 42
29 47
29 49
29 58
29 71
29 105
29 116
29 119
30 39
30 40
30 43
30 45
30 47
30 72
30 81
30 108
31 32
31 34
31 40
31 47
31 86
31 94
32 33
32 36
32 37
32 39
32 40
32 50
32 77
32 119
33 35
33 40
33 41
33 43
33 47
33 59
33 109
33 111
34 36
34 38
34 39
34 45
34 47
34 62
34 79
34 95
35 37
35 38
35 40
35 43
35 47
35 66
35 72
35 76
35 113
36 38
36 40
36 42
36 43
36 44
36 51
37 38
37 40
37 41
37 43
37 46
37 53
37 54
37 112
38 41
38 42
38 46
38 111
38 115
39 40
39 41
39 48
40 41
40 43
40 47
40 90
40 99
41 42
41 45
41 46
41 47
41 65
42 45
42 46
42 47
42 49
42 65
42 71
42 73
42 90
42 94
42 106
43 45
43 56
43 117
44 47
44 62
44 117
45 47
45 55
45 57
45 77
45 119
46 47
46 51
46 55
46 84
46 99
46 106
47 49
47 54
47 91
48 50
48 51
48 56
48 58
48 59
48 61
48 62
48 63
48 67
48 68
48 69
48 70
48 77
48 86
48 104
49 50
49 51
49 56
49 59
49 60
49 64
49 65
49 67
49 68
49 69
49 70
49 71
49 74
49 81
49 93
49 108
49 114
50 52
50 54
50 56
50 58
50 60
50 61
50 62
50 66
50 67
50 68
50 69
50 70
50 71
50 94
51 52
51 55
51 61
51 65
51 66
51 68
51 81
51 117
52 56
52 61
52 62
52 66
52 69
52 79
53 55
53 60
53 61
53 62
53 66
53 67
53 70
53 118
54 57
54 58
54 65
54 67
54 68
54 99
54 106
54 118
55 56
55 57
55 59
55 60
55 61
55 62
55 64
55 66
55 71
55 102
56 63
56 65
56 66
56 69
56 70
56 81
56 95
56 112
57 60
57 62
57 63
57 67
57 71
57 105
57 116
58 59
58 64
58 65
58 71
58 78
58 88
58 114
59 60
59 63
59 66
59 69
59 70
59 76
59 79
59 102
59 119
60 64
60 67
60 68
60 70
60 71
60 72
60 92
60 97
60 118
61 64
61 65
61 67
61 69
62 63
62 65
62 66
62 70
62 99
62 113
63 64
63 76
63 82
63 97
63 105
63 106
64 65
64 66
64 67
64 70
64 71
64 89
64 92
65 66
65 67
65 68
65 69
65 73
65 91
66 68
66 69
66 71
66 119
67 69
67 95
67 102
68 70
68 71
68 78
69 70
69 71
69 84
69 85
69 101
69 103
70 83
70 86
71 77
71 107
71 117
72 80
72 81
72 87
72 90
72 91
72 93
72 94
73 74
73 76
73 77
73 78
73 80
73 82
73 84
73 85
73 87
73 88
73 89
73 92
73 110
74 78
74 79
74 80
74 83
74 94
74 95
74 118
75 77
75 79
75 81
75 86
75 87
75 89
75 90
75 97
75 103
76 78
76 84
76 85
76 87
76 92
76 95
77 80
77 81
77 83
77 87
77 88
77 90
77 92
77 94
78 80
78 88
78 89
78 91
78 92
78 95
79 81
79 82
79 83
79 84
79 85
79 86
79 88
79 90
79 91
80 84
80 93
80 116
80 119
81 82
81 83
81 84
81 87
81 88
81 93
81 100
81 112
82 83
82 86
82 88
82 89
82 92
82 94
82 95
82 99
83 85
83 86
83 87
83 90
83 100
84 88
84 90
84 91
84 93
84 94
84 95
84 103
84 112
85 87
85 88
85 92
85 93
86 87
86 93
86 94
86 98
86 110
87 90
87 92
88 92
88 93
88 94
89 91
89 93
89 94
89 95
89 104
90 91
90 92
90 93
90 96
90 105
90 107
90 115
91 93
91 95
91 115
92 93
92 119
93 110
94 100
94 101
94 116
95 103
96 97
96 99
96 100
96 102
96 103
96 104
96 106
96 107
96 110
96 111
96 117
96 119
97 101
97 102
97 103
97 106
97 107
97 109
97 115
97 117
97 119
98 100
98 103
98 107
98 110
98 111
98 113
98 116
98 118
99 100
99 105
99 106
99 108
99 111
99 112
99 115
99 118
100 109
100 110
100 111
100 112
100 114
100 119
101 103
101 106
101 107
101 110
101 113
102 104
102 106
102 108
102 109
102 112
102 114
102 115
102 118
103 104
103 106
103 115
104 106
104 108
104 112
104 119
105 108
105 109
105 112
105 114
105 115
105 117
106 109
106 112
106 115
106 116
107 108
107 114
107 117
107 119
108 113
108 114
108 117
109 112
109 113
109 114
109 115
110 113
110 115
110 116
111 117
111 118
112 113
112 117
112 118
113 115
113 116
113 117
113 119
114 116
114 117
115 117
115 118
117 119
