0 5
0 7
0 11
0 15
0 16
0 17
0 18
0 19
0 20
0 23
0 24
0 26
0 27
0 38
0 42
0 46
0 48
0 51
0 52
0 56
0 57
0 78
0 88
0 99
1 2
1 3
1 9
1 10
1 13
1 18
1 19
1 22
1 23
1 24
1 26
1 28
1 30
1 31
1 32
1 33
1 39
1 40
1 42
1 44
1 45
1 46
1 47
1 50
1 53
1 54
1 56
1 59
2 3
2 4
2 7
2 15
2 17
2 20
2 22
2 25
2 27
2 29
2 30
2 35
2 38
2 41
2 42
2 43
2 44
2 47
2 51
2 52
2 53
2 55
2 59
2 60
2 63
2 103
2 114
3 5
3 6
3 7
3 9
3 11
3 13
3 14
3 17
3 20
3 23
3 24
3 25
3 26
3 27
3 28
3 31
3 38
3 40
3 41
3 45
3 46
3 48
3 49
3 50
3 52
3 53
3 55
3 56
3 57
3 58
3 59
4 9
4 10
4 11
4 14
4 15
4 17
4 20
4 21
4 24
4 31
4 34
4 37
4 38
4 40
4 41
4 43
4 44
4 47
4 49
4 50
4 54
4 79
4 81
5 6
5 7
5 8
5 16
5 20
5 22
5 25
5 31
5 32
5 33
5 36
5 38
5 45
5 51
5 52
5 53
5 56
5 59
6 9
6 11
6 15
6 17
6 19
6 20
6 21
6 22
6 23
6 26
6 27
6 29
6 31
6 35
6 38
6 40
6 47
6 50
6 53
6 56
6 57
6 58
7 13
7 15
7 19
7 20
7 23
7 24
7 31
7 33
7 34
7 35
7 37
7 39
7 41
7 43
7 45
7 48
7 50
7 54
7 58
7 76
7 99
8 9
8 11
8 17
8 18
8 20
8 21
8 28
8 29
8 31
8 32
8 34
8 35
8 37
8 42
8 43
8 44
8 47
8 50
8 51
8 52
8 55
8 59
8 76
9 11
9 13
9 18
9 19
9 22
9 23
9 24
9 26
9 30
9 31
9 35
9 37
9 40
9 42
9 43
9 45
9 46
9 48
9 57
9 58
9 59
10 11
10 16
10 19
10 20
10 25
10 26
10 29
10 37
10 38
10 42
10 44
10 46
10 50
10 51
10 52
10 56
10 57
10 58
10 59
11 14
11 15
11 17
11 19
11 25
11 27
11 29
11 30
11 35
11 36
11 37
11 38
11 39
11 43
11 45
11 46
11 49
11 50
11 52
11 55
11 58
11 59
12 13
12 14
12 18
12 20
12 24
12 27
12 28
12 29
12 33
12 35
12 37
12 39
12 42
12 47
12 49
12 50
12 51
12 54
12 56
12 57
13 14
13 16
13 22
13 25
13 29
13 30
13 37
13 40
13 43
13 47
13 48
13 49
13 50
13 52
13 53
13 55
13 59
13 77
14 21
14 23
14 24
14 25
14 26
14 28
14 29
14 30
14 34
14 37
14 38
14 39
14 41
14 42
14 44
14 45
14 46
14 48
14 57
14 59
14 64
14 116
15 21
15 22
15 25
15 27
15 28
15 29
15 31
15 36
15 38
15 39
15 41
15 43
15 45
15 46
15 50
15 52
15 53
15 55
15 56
15 84
16 17
16 19
16 21
16 22
16 23
16 24
16 25
16 27
16 28
16 30
16 31
16 34
16 40
16 42
16 45
16 46
16 47
16 49
16 52
16 54
16 57
16 77
16 108
16 114
17 18
17 19
17 29
17 31
17 37
17 38
17 43
17 45
17 51
17 52
17 54
17 55
17 56
17 58
17 59
17 119
18 26
18 31
18 32
18 33
18 35
18 37
18 39
18 40
18 43
18 44
18 47
18 50
18 51
18 55
18 56
18 57
18 58
18 59
18 116
19 20
19 21
19 22
19 24
19 25
19 26
19 27
19 28
19 29
19 31
19 34
19 35
19 37
19 41
19 42
19 45
19 46
19 49
19 50
19 52
19 53
19 59
20 21
20 23
20 26
20 29
20 30
20 36
20 43
20 46
20 48
20 49
20 52
20 53
20 55
20 57
20 59
20 95
21 24
21 25
21 30
21 31
21 33
21 34
21 36
21 39
21 42
21 43
21 44
21 45
21 46
21 50
21 52
21 53
21 55
21 56
21 70
21 78
21 112
22 23
22 25
22 28
22 31
22 32
22 33
22 35
22 38
22 39
22 40
22 41
22 42
22 43
22 46
22 47
22 48
22 49
22 54
22 57
22 58
22 106
23 25
23 27
23 30
23 32
23 35
23 39
23 42
23 45
23 47
23 48
23 51
23 54
23 56
23 58
23 70
23 91
24 25
24 26
24 37
24 39
24 44
24 45
24 47
24 49
24 52
24 55
24 58
24 59
24 68
25 29
25 30
25 31
25 32
25 33
25 38
25 40
25 41
25 42
25 48
25 49
25 51
25 52
25 55
25 56
25 59
26 28
26 29
26 31
26 34
26 36
26 42
26 45
26 50
26 51
26 53
26 55
26 57
26 58
26 62
27 28
27 29
27 33
27 34
27 35
27 36
27 42
27 43
27 44
27 46
27 48
27 54
27 56
27 58
27 67
28 30
28 33
28 35
28 37
28 38
28 40
28 41
28 47
28 50
28 54
28 58
28 93
28 94
29 30
29 31
29 32
29 33
29 34
29 35
29 36
29 37
29 40
29 41
29 43
29 44
29 50
29 51
29 59
29 89
30 35
30 36
30 37
30 39
30 40
30 42
30 49
30 50
30 52
30 56
30 59
30 94
30 96
30 112
31 32
31 35
31 36
31 39
31 40
31 51
31 53
31 57
31 59
32 41
32 42
32 44
32 45
32 47
32 51
32 55
32 56
33 34
33 36
33 37
33 41
33 42
33 43
33 44
33 45
33 47
33 51
33 53
33 56
33 58
34 36
34 38
34 40
34 41
34 44
34 45
34 47
34 50
34 52
34 56
34 70
35 36
35 43
35 44
35 47
35 48
35 50
35 52
35 58
35 59
36 39
36 40
36 41
36 42
36 49
36 51
36 52
36 53
36 59
37 40
37 44
37 45
37 49
37 50
37 52
37 53
37 54
37 55
37 80
38 39
38 43
38 45
38 48
38 49
38 52
38 53
38 59
39 40
39 43
39 46
39 52
39 53
39 56
39 59
39 102
39 119
40 43
40 48
40 51
40 53
40 54
41 45
41 46
41 47
41 48
41 49
41 50
41 54
41 55
41 56
41 57
41 58
41 59
41 75
42 45
42 46
42 53
42 54
42 55
42 58
42 59
42 83
43 49
43 55
43 58
43 59
44 46
44 48
44 54
44 57
44 59
44 86
44 110
45 46
45 47
45 49
45 51
45 53
45 55
45 57
45 59
45 107
46 48
46 49
46 50
46 51
46 52
46 54
46 55
46 56
46 58
46 59
46 89
46 90
47 53
47 54
47 56
47 57
47 61
47 83
48 49
48 50
48 52
48 54
48 55
48 56
48 58
49 51
49 52
49 53
49 58
49 59
49 106
49 116
50 54
50 57
50 59
51 59
51 65
51 114
51 118
52 53
52 54
52 56
52 63
53 55
53 56
53 57
53 98
54 56
54 57
54 58
54 59
55 56
55 78
55 109
56 57
56 58
56 59
56 88
56 94
56 119
57 69
58 66
58 114
60 63
60 70
60 72
60 75
60 77
60 78
60 82
60 86
60 91
60 92
60 98
60 102
60 104
60 105
60 108
60 109
60 110
60 116
61 64
61 67
61 68
61 69
61 72
61 74
61 82
61 83
61 84
61 85
61 86
61 87
61 93
61 96
61 97
61 99
61 100
61 103
61 104
61 105
61 109
61 113
61 119
62 66
62 69
62 71
62 72
62 79
62 83
62 95
62 97
62 99
62 100
62 103
62 105
62 110
62 113
62 114
62 116
63 67
63 72
63 73
63 80
63 81
63 82
63 87
63 91
63 92
63 93
63 103
63 105
63 107
63 108
63 109
63 110
63 112
63 116
63 118
64 65
64 71
64 74
64 79
64 80
64 83
64 88
64 89
64 90
64 92
64 94
64 96
64 99
64 102
64 103
64 107
64 108
64 109
64 112
65 66
65 69
65 72
65 73
65 77
65 78
65 79
65 80
65 82
65 89
65 90
65 100
65 103
65 105
65 106
65 112
65 114
65 117
66 72
66 74
66 75
66 82
66 83
66 84
66 89
66 91
66 92
66 94
66 101
66 104
66 106
66 107
66 108
66 113
66 114
66 118
67 68
67 76
67 81
67 82
67 87
67 88
67 89
67 90
67 91
67 98
67 104
67 106
67 110
67 111
67 114
68 73
68 76
68 81
68 86
68 88
68 92
68 95
68 97
68 104
68 109
68 111
68 113
68 116
68 117
69 71
69 73
69 77
69 79
69 81
69 82
69 84
69 85
69 89
69 90
69 95
69 97
69 98
69 99
69 105
69 112
69 115
69 118
70 74
70 75
70 84
70 85
70 86
70 91
70 92
70 94
70 97
70 104
70 113
70 114
70 116
70 117
70 118
71 76
71 79
71 83
71 85
71 88
71 93
71 95
71 96
71 99
71 100
71 102
71 103
71 104
71 105
71 108
71 110
71 111
71 114
72 74
72 75
72 76
72 77
72 79
72 81
72 82
72 83
72 98
72 101
72 104
72 106
72 109
72 112
73 76
73 80
73 82
73 87
73 91
73 92
73 93
73 99
73 101
73 111
73 114
73 116
73 117
74 82
74 89
74 93
74 99
74 100
74 105
74 106
75 87
75 89
75 92
75 93
75 99
75 102
75 106
75 108
75 112
76 78
76 81
76 83
76 85
76 89
76 93
76 94
76 96
76 97
76 98
76 99
76 101
76 103
76 106
76 113
76 115
76 116
76 117
77 79
77 80
77 86
77 97
77 99
77 103
77 107
77 116
77 118
78 79
78 81
78 82
78 87
78 89
78 92
78 93
78 94
78 97
78 99
78 100
78 101
78 102
78 111
78 113
78 114
78 118
79 81
79 85
79 89
79 92
79 93
79 94
79 96
79 97
79 100
79 107
79 117
79 118
79 119
80 83
80 86
80 92
80 97
80 102
80 104
80 110
80 111
80 115
80 116
80 117
81 84
81 89
81 96
81 99
81 102
81 103
81 104
81 105
81 107
81 109
81 114
82 84
82 85
82 88
82 92
82 99
82 100
82 105
82 107
82 108
82 110
82 117
82 119
83 85
83 91
83 95
83 100
83 104
83 105
83 109
83 111
83 112
83 116
83 117
83 119
84 86
84 99
84 100
84 107
84 111
84 115
84 116
85 87
85 91
85 96
85 100
85 101
85 104
85 114
85 116
86 88
86 89
86 90
86 91
86 92
86 93
86 97
86 101
86 109
86 111
86 116
87 88
87 92
87 98
87 104
87 105
87 118
88 89
88 92
88 94
88 95
88 97
88 99
88 101
88 106
88 108
88 114
88 115
88 119
89 93
89 103
89 107
89 112
89 113
89 116
89 117
90 92
90 94
90 107
90 108
90 112
90 115
90 116
90 119
91 92
91 94
91 95
91 96
91 105
91 112
92 93
92 94
92 98
92 99
92 100
92 101
92 104
92 105
92 108
92 109
92 113
92 116
92 118
93 100
93 103
93 104
93 107
93 109
93 111
93 118
93 119
94 95
94 96
94 103
94 108
94 113
94 114
94 119
95 98
95 100
95 101
95 102
95 104
95 106
95 108
95 114
95 119
96 99
96 102
96 107
96 114
96 115
96 116
96 119
97 100
97 101
97 107
97 109
97 110
97 112
97 113
97 119
98 102
98 103
98 104
98 105
98 109
98 113
98 115
98 116
99 100
99 101
99 102
99 104
99 111
99 113
99 116
99 118
99 119
100 101
100 102
100 104
100 105
100 109
100 110
100 113
101 109
101 111
101 113
101 115
101 117
102 103
102 104
102 105
102 106
102 111
102 112
102 115
102 116
102 118
103 104
103 106
103 112
103 115
104 107
104 108
104 109
104 118
105 107
105 110
105 111
105 115
105 116
105 118
106 109
106 111
106 118
106 119
107 111
107 117
107 118
108 109
108 114
109 112
109 115
109 117
109 118
109 119
111 112
111 113
111 116
111 119
112 114
112 119
113 116
114 118
114 119
115 117
115 119
116 119
117 119
