0 1
0 119
0 2
0 118
0 3
0 117
1 2
1 3
1 119
1 118
1 14
1 72
1 113
2 3
2 4
2 5
2 119
2 108
3 4
3 5
3 70
4 5
4 7
4 82
4 28
5 6
5 7
5 8
5 85
6 7
6 8
6 81
7 8
7 9
7 40
7 116
7 61
8 11
8 86
8 20
8 16
8 63
9 10
9 11
9 28
9 67
10 11
10 12
10 13
10 33
10 44
11 12
11 13
11 14
12 13
12 14
12 15
12 22
13 14
13 15
13 55
13 90
14 17
14 79
15 17
15 18
15 40
15 91
16 17
16 20
16 77
17 19
17 20
17 61
17 83
17 97
18 20
18 32
18 115
18 45
19 20
19 21
19 22
20 27
20 65
21 23
21 24
21 96
22 23
22 47
22 60
23 24
23 77
23 50
23 60
24 26
24 27
24 29
24 34
24 62
25 26
25 27
25 28
25 41
26 27
26 28
26 29
27 28
27 29
27 30
27 36
28 31
28 116
28 68
28 99
29 30
29 31
29 32
30 33
30 78
30 77
30 41
30 51
31 32
31 33
31 118
32 33
32 34
32 35
32 45
33 35
33 36
33 50
34 36
34 37
35 37
35 38
35 81
36 37
36 38
36 43
36 44
37 38
37 39
37 40
38 39
38 41
38 47
38 68
39 40
39 41
39 42
39 91
40 42
40 43
40 87
41 42
41 77
42 43
42 44
42 45
42 72
43 83
43 71
43 60
44 46
45 46
45 48
46 47
46 48
46 49
46 78
47 50
47 115
48 49
48 50
48 51
48 93
49 50
49 51
49 52
49 114
50 51
51 52
51 54
51 105
52 54
52 55
52 109
52 65
53 54
53 55
53 56
53 102
54 55
54 56
54 57
54 107
55 56
55 58
55 66
56 58
56 59
56 105
57 59
57 60
57 66
58 59
58 60
58 61
59 60
59 61
59 62
59 104
60 62
60 63
60 101
61 62
61 63
61 64
62 63
62 65
62 108
63 64
63 66
63 84
63 113
64 65
64 67
64 118
65 66
65 68
66 67
66 68
67 68
67 70
67 109
67 92
68 70
69 70
69 72
69 78
69 107
70 71
70 72
70 73
71 72
71 74
71 85
72 73
73 74
73 75
73 76
74 76
74 77
74 102
74 92
75 76
75 77
75 78
76 77
76 78
76 79
77 79
77 80
78 79
78 115
79 80
79 81
79 82
80 82
80 101
80 114
80 91
81 82
81 84
81 96
82 85
82 117
83 84
83 85
84 85
84 87
85 87
86 87
86 88
86 89
86 102
87 88
87 98
88 89
88 90
88 91
89 90
89 91
89 92
90 91
90 92
90 93
90 112
91 92
91 104
92 95
93 94
93 107
94 95
94 96
94 97
94 110
95 96
95 97
95 98
96 97
96 98
96 99
97 98
97 99
98 99
98 100
98 101
99 101
99 102
100 101
100 102
100 103
101 102
101 103
101 104
102 104
103 104
103 105
103 106
104 107
105 107
105 108
106 107
106 108
106 109
107 108
108 111
109 110
109 111
109 112
110 111
110 112
111 112
111 113
111 114
112 114
112 115
113 114
113 115
114 115
115 117
115 118
116 118
116 119
117 118
117 119
118 119
