0 1
0 91
0 104
0 9
0 113
0 58
0 76
0 117
1 9
1 92
1 63
1 76
1 102
1 72
1 82
2 3
2 20
2 102
2 89
2 49
2 94
2 64
2 55
3 21
3 66
3 103
3 60
3 46
3 33
3 118
4 5
4 72
4 97
4 101
4 24
4 33
4 110
4 116
5 96
5 28
5 61
5 46
5 69
5 45
5 22
6 7
6 60
6 49
6 14
6 16
6 79
6 91
6 59
7 85
7 81
7 89
7 12
7 86
7 43
7 99
8 9
8 63
8 23
8 37
8 35
8 82
8 31
8 112
9 34
9 78
9 105
9 108
9 94
10 11
10 57
10 109
10 39
10 13
10 51
10 85
10 37
11 12
11 23
11 105
11 48
11 74
11 44
11 107
12 13
12 34
12 19
12 113
12 84
12 28
13 73
13 90
13 83
13 57
13 96
13 79
14 15
14 65
14 92
14 39
14 38
14 29
14 69
15 78
15 93
15 114
15 65
15 36
15 92
15 52
16 17
16 70
16 90
16 80
16 102
16 83
16 53
17 23
17 109
17 72
17 85
17 33
17 44
17 20
18 19
18 75
18 85
18 100
18 87
18 26
18 103
18 112
19 47
19 44
19 89
19 30
19 62
19 50
20 93
20 62
20 88
20 109
20 95
20 36
21 29
21 44
21 104
21 74
21 43
21 63
21 101
22 23
22 45
22 57
22 61
22 71
22 25
22 111
23 28
23 29
23 68
23 40
24 25
24 35
24 102
24 82
24 118
24 77
24 51
25 83
25 81
25 95
25 65
25 62
25 51
26 27
26 44
26 108
26 116
26 41
26 56
26 86
27 43
27 57
27 105
27 106
27 108
27 59
27 70
28 67
28 99
28 116
28 60
28 81
29 72
29 42
29 80
29 61
29 86
30 31
30 56
30 35
30 65
30 81
30 90
30 91
31 66
31 79
31 87
31 80
31 114
31 83
32 33
32 64
32 70
32 96
32 65
32 62
32 101
32 80
33 55
33 68
33 97
33 69
34 44
34 54
34 48
34 71
34 75
34 119
35 36
35 61
35 110
35 45
35 74
36 66
36 84
36 106
36 98
36 60
37 38
37 65
37 53
37 78
37 103
37 79
38 68
38 90
38 94
38 67
38 112
38 108
39 40
39 84
39 42
39 54
39 115
39 46
40 94
40 58
40 49
40 56
40 107
40 77
41 42
41 107
41 70
41 92
41 58
41 99
41 73
42 65
42 112
42 59
42 113
42 119
43 75
43 88
43 103
43 106
43 53
44 100
44 74
45 46
45 61
45 84
45 100
45 70
46 47
46 66
46 49
46 83
47 62
47 59
47 92
47 96
47 104
47 89
48 49
48 90
48 112
48 115
48 52
48 50
49 56
49 65
49 109
50 51
50 98
50 59
50 111
50 54
50 78
51 69
51 58
51 114
51 115
52 53
52 72
52 74
52 95
52 118
52 81
53 68
53 89
53 87
53 106
54 100
54 79
54 75
54 71
54 114
55 63
55 84
55 66
55 104
55 73
55 67
56 83
56 107
56 116
56 97
57 58
57 117
57 119
57 104
58 103
58 106
58 74
59 60
59 95
59 119
60 100
60 117
60 87
61 70
61 103
61 116
62 63
62 111
62 94
63 89
63 105
63 98
64 97
64 100
64 116
64 112
64 118
64 107
66 78
66 93
66 69
67 71
67 113
67 93
67 84
67 102
68 115
68 81
68 86
68 109
69 75
69 114
69 98
70 80
70 91
71 97
71 80
71 89
71 96
72 98
72 87
72 99
73 74
73 107
73 109
73 111
73 96
74 108
75 109
75 89
75 97
76 77
76 79
76 88
76 119
76 93
76 94
77 99
77 112
77 117
77 98
77 113
78 79
78 106
78 94
79 96
80 84
80 116
81 82
81 107
82 101
82 112
82 114
82 110
83 84
83 91
85 92
85 88
85 86
85 90
86 87
86 113
86 110
87 118
87 102
88 95
88 115
88 93
88 97
90 91
90 106
91 105
91 114
92 100
92 104
93 98
93 102
94 115
95 101
95 111
95 113
96 110
97 119
98 108
99 107
99 109
99 117
100 116
101 105
101 108
101 111
102 111
103 110
103 115
104 110
104 113
105 117
105 119
106 119
108 117
110 118
111 115
114 118
117 118
