0 3
0 7
0 11
0 13
0 15
0 21
0 22
0 30
0 32
0 40
0 43
0 44
0 49
0 50
0 52
0 53
0 54
0 55
0 56
0 57
0 58
0 60
0 62
0 63
0 67
0 70
0 71
0 72
0 76
0 77
0 79
0 86
0 90
0 92
0 95
0 97
0 98
0 104
0 105
0 107
0 110
0 113
0 114
1 3
1 4
1 5
1 7
1 9
1 10
1 11
1 14
1 18
1 23
1 24
1 26
1 28
1 29
1 30
1 34
1 36
1 37
1 38
1 39
1 42
1 44
1 45
1 47
1 49
1 52
1 58
1 59
1 61
1 62
1 64
1 68
1 71
1 72
1 73
1 74
1 76
1 79
1 80
1 83
1 84
1 86
1 88
1 91
1 92
1 93
1 94
1 96
1 97
1 98
1 99
1 100
1 104
1 106
1 109
1 111
1 115
1 116
1 119
2 3
2 6
2 7
2 10
2 11
2 13
2 14
2 16
2 18
2 29
2 30
2 31
2 33
2 38
2 41
2 42
2 45
2 53
2 54
2 56
2 60
2 63
2 66
2 70
2 71
2 74
2 75
2 83
2 84
2 85
2 86
2 87
2 91
2 95
2 98
2 101
2 108
2 114
2 117
3 5
3 9
3 11
3 16
3 18
3 24
3 28
3 31
3 32
3 34
3 36
3 37
3 43
3 45
3 46
3 52
3 56
3 58
3 62
3 66
3 68
3 69
3 71
3 72
3 73
3 74
3 75
3 79
3 80
3 81
3 82
3 84
3 87
3 89
3 93
3 99
3 104
3 106
3 108
3 111
3 112
3 114
3 119
4 12
4 14
4 15
4 16
4 17
4 19
4 21
4 22
4 25
4 32
4 38
4 39
4 44
4 47
4 50
4 51
4 53
4 57
4 58
4 61
4 70
4 71
4 73
4 75
4 81
4 82
4 83
4 87
4 88
4 93
4 95
4 96
4 97
4 99
4 100
4 101
4 104
4 117
4 118
5 7
5 8
5 9
5 15
5 17
5 18
5 23
5 24
5 25
5 28
5 40
5 42
5 47
5 49
5 50
5 53
5 58
5 64
5 65
5 70
5 71
5 72
5 73
5 76
5 79
5 82
5 83
5 92
5 97
5 104
5 106
5 107
5 115
5 118
6 8
6 9
6 13
6 18
6 20
6 21
6 23
6 26
6 28
6 30
6 34
6 37
6 39
6 45
6 47
6 57
6 60
6 61
6 62
6 64
6 65
6 68
6 72
6 73
6 74
6 75
6 76
6 77
6 78
6 79
6 83
6 86
6 87
6 90
6 91
6 96
6 98
6 100
6 104
6 108
6 109
6 110
6 112
6 113
6 116
6 117
7 8
7 9
7 11
7 12
7 22
7 23
7 24
7 25
7 26
7 27
7 35
7 36
7 42
7 43
7 50
7 51
7 54
7 59
7 62
7 63
7 65
7 71
7 72
7 76
7 82
7 83
7 85
7 86
7 90
7 92
7 93
7 94
7 95
7 97
7 100
7 104
7 105
7 107
7 110
7 115
7 116
7 119
8 9
8 13
8 16
8 18
8 24
8 25
8 26
8 30
8 31
8 32
8 33
8 34
8 35
8 36
8 37
8 40
8 42
8 48
8 50
8 58
8 59
8 60
8 61
8 62
8 63
8 68
8 71
8 73
8 74
8 75
8 77
8 79
8 80
8 81
8 82
8 83
8 86
8 91
8 93
8 94
8 95
8 100
8 101
8 102
8 103
8 109
8 110
8 111
8 112
8 113
8 114
8 116
8 117
8 118
8 119
9 12
9 14
9 17
9 26
9 31
9 38
9 41
9 43
9 45
9 47
9 48
9 50
9 51
9 52
9 56
9 59
9 62
9 63
9 66
9 68
9 69
9 72
9 73
9 81
9 82
9 83
9 84
9 90
9 91
9 92
9 93
9 96
9 97
9 100
9 102
9 108
9 110
9 111
9 118
9 119
10 12
10 17
10 19
10 21
10 24
10 32
10 33
10 37
10 39
10 43
10 48
10 55
10 56
10 57
10 58
10 62
10 64
10 67
10 68
10 69
10 74
10 75
10 76
10 79
10 80
10 83
10 84
10 88
10 89
10 91
10 93
10 99
10 100
10 101
10 102
10 104
10 105
10 108
10 110
10 111
11 15
11 22
11 26
11 27
11 28
11 34
11 37
11 40
11 41
11 45
11 55
11 57
11 58
11 59
11 62
11 63
11 69
11 70
11 71
11 77
11 79
11 81
11 82
11 83
11 85
11 86
11 90
11 91
11 92
11 93
11 95
11 99
11 100
11 101
11 104
11 105
11 106
11 107
11 110
11 111
11 112
11 114
11 117
12 13
12 21
12 29
12 30
12 31
12 32
12 33
12 34
12 35
12 36
12 37
12 40
12 42
12 47
12 53
12 54
12 55
12 58
12 61
12 62
12 63
12 65
12 67
12 69
12 72
12 80
12 82
12 83
12 84
12 88
12 89
12 90
12 91
12 92
12 95
12 96
12 101
12 103
12 104
12 107
12 108
12 111
12 113
12 114
13 14
13 15
13 24
13 26
13 31
13 32
13 36
13 38
13 39
13 40
13 42
13 45
13 46
13 56
13 60
13 62
13 64
13 68
13 69
13 72
13 79
13 80
13 81
13 82
13 83
13 84
13 87
13 88
13 89
13 94
13 96
13 100
13 104
13 107
13 108
13 109
13 111
13 115
13 117
13 118
13 119
14 15
14 18
14 20
14 21
14 24
14 25
14 28
14 30
14 35
14 36
14 39
14 42
14 44
14 48
14 50
14 51
14 58
14 64
14 73
14 75
14 77
14 80
14 81
14 82
14 83
14 87
14 89
14 91
14 93
14 94
14 96
14 97
14 98
14 101
14 102
14 104
14 111
14 112
15 19
15 22
15 24
15 28
15 29
15 30
15 33
15 34
15 35
15 36
15 38
15 40
15 41
15 45
15 50
15 52
15 54
15 56
15 61
15 64
15 65
15 67
15 68
15 71
15 75
15 77
15 78
15 79
15 82
15 83
15 84
15 86
15 88
15 90
15 96
15 108
15 109
15 110
15 113
15 118
16 19
16 24
16 26
16 28
16 31
16 32
16 37
16 38
16 39
16 43
16 47
16 48
16 49
16 50
16 56
16 57
16 67
16 72
16 73
16 76
16 77
16 78
16 79
16 84
16 88
16 90
16 92
16 96
16 99
16 104
16 108
16 109
16 112
16 119
17 20
17 23
17 24
17 25
17 29
17 30
17 32
17 33
17 39
17 44
17 46
17 49
17 51
17 61
17 62
17 64
17 66
17 69
17 73
17 75
17 80
17 81
17 82
17 86
17 88
17 90
17 94
17 98
17 99
17 102
17 103
17 106
17 107
17 108
17 111
17 116
18 21
18 27
18 29
18 32
18 33
18 34
18 36
18 40
18 45
18 46
18 47
18 48
18 49
18 58
18 59
18 61
18 64
18 79
18 81
18 83
18 85
18 88
18 89
18 96
18 99
18 101
18 105
18 106
18 108
18 112
18 113
19 23
19 24
19 30
19 34
19 36
19 37
19 39
19 42
19 45
19 46
19 51
19 53
19 54
19 62
19 63
19 64
19 66
19 67
19 73
19 74
19 77
19 80
19 83
19 84
19 85
19 86
19 88
19 90
19 92
19 93
19 94
19 101
19 104
19 106
19 107
19 114
19 115
19 118
20 22
20 23
20 24
20 26
20 28
20 36
20 37
20 38
20 39
20 40
20 41
20 43
20 46
20 47
20 55
20 66
20 70
20 72
20 74
20 79
20 85
20 87
20 88
20 90
20 96
20 98
20 107
20 109
20 110
20 111
20 116
20 117
21 23
21 27
21 28
21 31
21 32
21 33
21 36
21 40
21 41
21 42
21 43
21 46
21 47
21 50
21 55
21 56
21 57
21 59
21 61
21 68
21 69
21 71
21 75
21 77
21 78
21 79
21 84
21 86
21 88
21 89
21 92
21 98
21 99
21 100
21 101
21 103
21 108
21 110
21 111
21 112
21 117
21 118
21 119
22 25
22 26
22 28
22 31
22 34
22 36
22 37
22 43
22 56
22 58
22 64
22 67
22 71
22 72
22 75
22 80
22 81
22 85
22 89
22 90
22 91
22 97
22 98
22 99
22 103
22 104
22 107
22 110
22 111
22 113
22 114
22 116
22 118
23 28
23 36
23 37
23 40
23 43
23 44
23 46
23 48
23 49
23 54
23 55
23 56
23 57
23 58
23 59
23 63
23 64
23 65
23 69
23 70
23 71
23 73
23 74
23 75
23 77
23 79
23 81
23 82
23 84
23 90
23 94
23 95
23 96
23 101
23 105
23 106
23 107
23 108
23 113
23 116
23 117
24 26
24 27
24 28
24 29
24 30
24 33
24 36
24 38
24 41
24 46
24 48
24 50
24 54
24 55
24 56
24 57
24 58
24 63
24 65
24 66
24 68
24 69
24 72
24 73
24 74
24 77
24 79
24 82
24 88
24 89
24 91
24 93
24 94
24 96
24 97
24 101
24 107
24 113
24 114
25 26
25 27
25 33
25 34
25 36
25 37
25 43
25 50
25 51
25 52
25 53
25 57
25 58
25 64
25 72
25 74
25 76
25 86
25 87
25 90
25 92
25 96
25 99
25 104
25 106
25 110
25 113
25 115
25 117
25 119
26 27
26 28
26 32
26 34
26 35
26 36
26 37
26 38
26 42
26 45
26 46
26 49
26 51
26 52
26 53
26 55
26 56
26 57
26 65
26 67
26 70
26 71
26 72
26 74
26 79
26 80
26 86
26 91
26 94
26 96
26 97
26 98
26 105
26 107
26 111
26 115
26 116
27 28
27 34
27 35
27 36
27 39
27 48
27 49
27 52
27 53
27 58
27 59
27 62
27 67
27 70
27 76
27 78
27 79
27 80
27 81
27 82
27 83
27 87
27 88
27 91
27 94
27 97
27 99
27 106
27 109
27 113
28 29
28 31
28 39
28 42
28 43
28 45
28 46
28 47
28 49
28 50
28 63
28 65
28 66
28 74
28 76
28 77
28 82
28 89
28 90
28 91
28 93
28 94
28 96
28 99
28 100
28 102
28 103
28 107
28 108
28 109
28 110
28 114
28 119
29 34
29 35
29 39
29 40
29 41
29 42
29 43
29 47
29 51
29 52
29 53
29 54
29 55
29 58
29 62
29 63
29 65
29 66
29 76
29 77
29 79
29 80
29 81
29 82
29 86
29 94
29 95
29 97
29 99
29 100
29 103
29 106
29 109
29 110
29 111
29 113
29 117
29 118
29 119
30 35
30 36
30 39
30 45
30 46
30 48
30 49
30 51
30 54
30 62
30 67
30 69
30 71
30 74
30 76
30 78
30 80
30 81
30 84
30 88
30 89
30 90
30 92
30 94
30 96
30 97
30 98
30 102
30 106
30 108
30 110
30 113
30 115
30 117
31 36
31 38
31 44
31 46
31 48
31 50
31 51
31 54
31 55
31 60
31 61
31 75
31 81
31 82
31 88
31 90
31 94
31 99
31 101
31 102
31 103
31 104
31 107
31 114
31 118
32 41
32 52
32 55
32 58
32 59
32 61
32 63
32 64
32 65
32 66
32 74
32 78
32 79
32 91
32 92
32 93
32 95
32 96
32 97
32 98
32 99
32 104
32 109
32 111
32 113
32 117
32 118
33 38
33 41
33 46
33 47
33 50
33 56
33 71
33 74
33 84
33 85
33 86
33 88
33 90
33 91
33 94
33 95
33 97
33 98
33 105
33 108
33 109
33 111
33 114
33 119
34 38
34 39
34 41
34 42
34 44
34 45
34 48
34 49
34 50
34 51
34 58
34 63
34 70
34 74
34 81
34 90
34 92
34 93
34 96
34 100
34 101
34 110
34 115
34 117
34 118
34 119
35 37
35 39
35 40
35 44
35 47
35 48
35 52
35 54
35 56
35 60
35 61
35 62
35 64
35 68
35 71
35 76
35 77
35 82
35 83
35 88
35 91
35 92
35 95
35 98
35 103
35 116
36 38
36 39
36 42
36 43
36 44
36 47
36 48
36 49
36 53
36 55
36 62
36 65
36 66
36 67
36 68
36 69
36 71
36 75
36 76
36 80
36 81
36 82
36 84
36 91
36 94
36 95
36 96
36 97
36 102
36 107
36 109
36 111
36 114
36 115
36 116
37 39
37 42
37 44
37 45
37 47
37 49
37 52
37 53
37 54
37 56
37 58
37 63
37 66
37 67
37 68
37 74
37 79
37 81
37 85
37 87
37 89
37 90
37 93
37 96
37 100
37 102
37 103
37 104
37 107
37 111
37 112
37 113
37 114
37 115
37 118
38 46
38 51
38 52
38 56
38 57
38 58
38 59
38 64
38 66
38 67
38 72
38 73
38 75
38 77
38 78
38 81
38 82
38 83
38 84
38 85
38 87
38 88
38 91
38 93
38 98
38 101
38 102
38 103
38 106
38 107
38 108
38 112
38 115
38 117
38 119
39 42
39 45
39 50
39 53
39 54
39 58
39 60
39 61
39 63
39 65
39 66
39 67
39 70
39 71
39 72
39 73
39 79
39 81
39 82
39 85
39 86
39 91
39 92
39 103
39 107
39 112
39 113
39 115
39 116
39 117
39 119
40 42
40 45
40 46
40 51
40 56
40 63
40 66
40 72
40 74
40 76
40 77
40 84
40 85
40 86
40 87
40 91
40 94
40 96
40 97
40 98
40 99
40 101
40 102
40 103
40 104
40 105
40 107
40 110
40 117
40 118
40 119
41 42
41 43
41 44
41 46
41 48
41 56
41 60
41 63
41 68
41 71
41 72
41 73
41 78
41 80
41 87
41 88
41 90
41 92
41 94
41 95
41 97
41 98
41 104
41 105
41 112
41 114
41 115
41 117
42 47
42 58
42 59
42 60
42 61
42 62
42 67
42 72
42 74
42 75
42 77
42 79
42 81
42 84
42 88
42 92
42 95
42 98
42 100
42 103
42 105
42 108
42 109
42 110
42 112
42 114
42 116
42 118
42 119
43 44
43 45
43 48
43 49
43 51
43 52
43 55
43 57
43 58
43 60
43 63
43 64
43 65
43 66
43 70
43 73
43 75
43 82
43 86
43 89
43 95
43 98
43 99
43 100
43 103
43 106
43 107
43 109
43 111
43 114
43 115
43 118
43 119
44 50
44 51
44 52
44 54
44 55
44 57
44 60
44 66
44 68
44 72
44 74
44 78
44 79
44 82
44 84
44 88
44 91
44 96
44 99
44 100
44 103
44 105
44 107
44 111
44 113
44 115
44 116
44 118
44 119
45 47
45 48
45 53
45 59
45 60
45 61
45 62
45 68
45 71
45 72
45 81
45 82
45 84
45 89
45 92
45 97
45 98
45 100
45 101
45 103
45 112
45 113
45 114
45 117
46 50
46 52
46 57
46 59
46 61
46 62
46 70
46 73
46 75
46 79
46 80
46 86
46 88
46 91
46 96
46 99
46 100
46 106
46 111
46 112
46 113
46 116
46 118
47 48
47 52
47 53
47 62
47 69
47 73
47 81
47 83
47 88
47 90
47 94
47 103
47 105
47 106
47 107
47 111
47 115
47 117
48 49
48 50
48 52
48 53
48 58
48 60
48 65
48 66
48 70
48 72
48 73
48 75
48 77
48 78
48 79
48 82
48 84
48 87
48 90
48 93
48 97
48 99
48 100
48 103
48 104
48 111
48 113
48 114
48 116
48 119
49 51
49 53
49 54
49 58
49 59
49 61
49 65
49 66
49 67
49 69
49 70
49 74
49 76
49 78
49 80
49 84
49 86
49 89
49 91
49 95
49 100
49 101
49 109
49 112
49 115
49 116
49 118
50 51
50 53
50 55
50 57
50 60
50 61
50 62
50 66
50 68
50 69
50 72
50 80
50 81
50 82
50 83
50 87
50 88
50 92
50 94
50 95
50 101
50 112
50 113
50 114
50 115
50 116
50 117
51 52
51 54
51 55
51 56
51 57
51 61
51 63
51 64
51 65
51 67
51 72
51 77
51 79
51 80
51 86
51 88
51 91
51 94
51 97
51 108
51 109
51 110
51 111
51 112
51 113
51 116
51 117
51 118
51 119
52 58
52 59
52 61
52 62
52 64
52 65
52 72
52 75
52 82
52 84
52 85
52 87
52 90
52 91
52 96
52 98
52 101
52 102
52 109
52 113
52 115
52 119
53 55
53 58
53 59
53 63
53 64
53 65
53 66
53 67
53 70
53 73
53 79
53 80
53 88
53 90
53 92
53 99
53 101
53 102
53 103
53 106
53 108
53 115
53 117
53 119
54 59
54 60
54 61
54 65
54 69
54 72
54 74
54 78
54 79
54 80
54 81
54 84
54 85
54 89
54 94
54 95
54 97
54 98
54 99
54 101
54 102
54 106
54 107
54 108
54 110
55 61
55 62
55 65
55 67
55 70
55 71
55 72
55 74
55 78
55 80
55 83
55 86
55 87
55 92
55 97
55 98
55 99
55 102
55 105
55 108
55 116
56 57
56 60
56 62
56 70
56 71
56 75
56 77
56 86
56 87
56 89
56 94
56 96
56 97
56 98
56 100
56 108
56 117
56 119
57 58
57 60
57 62
57 67
57 69
57 74
57 75
57 76
57 81
57 85
57 89
57 90
57 94
57 96
57 101
57 104
57 108
57 109
57 113
57 115
57 118
58 60
58 62
58 64
58 66
58 70
58 71
58 72
58 75
58 77
58 78
58 79
58 83
58 87
58 89
58 96
58 98
58 101
58 102
58 106
58 109
58 117
58 118
59 64
59 72
59 76
59 78
59 80
59 83
59 85
59 90
59 94
59 99
59 100
59 108
59 109
59 111
59 112
59 114
59 115
59 118
60 61
60 63
60 73
60 74
60 75
60 77
60 79
60 81
60 84
60 92
60 94
60 97
60 100
60 101
60 102
60 103
60 106
60 109
60 113
60 117
61 63
61 66
61 69
61 70
61 71
61 72
61 75
61 76
61 80
61 82
61 84
61 91
61 96
61 99
61 100
61 102
61 103
61 106
61 112
61 113
61 114
61 115
61 116
61 118
62 63
62 67
62 69
62 74
62 75
62 79
62 81
62 82
62 83
62 84
62 89
62 95
62 96
62 99
62 101
62 104
62 112
62 116
62 119
63 65
63 66
63 67
63 68
63 73
63 75
63 79
63 85
63 88
63 89
63 91
63 94
63 97
63 98
63 99
63 100
63 101
63 102
63 106
63 117
63 118
64 69
64 71
64 72
64 73
64 76
64 80
64 86
64 87
64 91
64 92
64 96
64 100
64 101
64 111
64 112
64 113
64 117
65 67
65 70
65 75
65 82
65 83
65 84
65 85
65 86
65 87
65 90
65 91
65 97
65 98
65 99
65 105
65 107
65 109
65 111
65 118
66 69
66 71
66 72
66 74
66 82
66 84
66 86
66 87
66 91
66 96
66 98
66 99
66 100
66 103
66 104
66 116
67 68
67 72
67 73
67 79
67 80
67 83
67 84
67 88
67 90
67 93
67 95
67 96
67 97
67 106
67 109
67 110
67 114
67 116
67 118
68 69
68 71
68 75
68 78
68 81
68 82
68 83
68 89
68 91
68 92
68 93
68 104
68 110
68 114
68 116
68 117
69 70
69 71
69 73
69 75
69 77
69 80
69 92
69 95
69 96
69 100
69 104
69 105
69 108
69 116
69 117
70 78
70 79
70 80
70 81
70 87
70 91
70 95
70 99
70 100
70 102
70 104
70 106
70 109
70 110
70 114
70 115
70 117
71 72
71 73
71 74
71 75
71 79
71 81
71 83
71 90
71 92
71 96
71 102
71 104
71 112
71 113
71 114
71 115
71 117
72 75
72 76
72 78
72 79
72 82
72 90
72 95
72 99
72 100
72 101
72 104
72 111
72 113
72 116
72 118
72 119
73 74
73 76
73 82
73 84
73 85
73 88
73 91
73 92
73 105
73 109
73 115
74 77
74 78
74 81
74 83
74 84
74 95
74 97
74 101
74 103
74 105
74 108
74 109
75 77
75 78
75 83
75 85
75 88
75 89
75 94
75 99
75 104
75 107
75 109
75 112
75 116
75 117
75 118
76 77
76 81
76 84
76 86
76 89
76 93
76 95
76 98
76 99
76 103
76 105
76 108
76 111
76 114
76 119
77 84
77 85
77 86
77 88
77 90
77 91
77 92
77 95
77 96
77 98
77 100
77 102
77 103
77 104
77 111
77 113
77 115
77 117
77 118
77 119
78 80
78 81
78 82
78 84
78 85
78 86
78 87
78 89
78 90
78 95
78 96
78 106
78 107
78 109
78 113
78 116
79 80
79 81
79 82
79 99
79 101
79 103
79 106
79 107
79 111
79 112
79 113
79 118
80 89
80 91
80 92
80 93
80 94
80 98
80 99
80 106
80 109
80 113
81 86
81 97
81 101
81 102
81 104
81 108
81 111
81 114
81 116
81 117
81 119
82 83
82 86
82 87
82 90
82 98
82 102
82 103
82 104
82 107
82 108
82 109
82 112
82 115
82 116
82 118
83 85
83 90
83 91
83 99
83 101
83 103
83 104
83 105
83 106
83 118
84 85
84 87
84 92
84 96
84 98
84 99
84 101
84 107
84 109
84 112
84 118
85 91
85 97
85 99
85 100
85 102
85 105
85 106
85 107
85 110
85 113
86 88
86 89
86 94
86 96
86 101
86 103
86 104
86 109
86 112
86 114
87 93
87 94
87 96
87 97
87 98
87 99
87 105
87 108
87 109
87 110
87 111
87 116
87 118
87 119
88 99
88 100
88 102
88 104
88 105
88 107
88 109
88 115
88 117
89 90
89 93
89 96
89 100
89 101
89 104
89 106
89 110
89 111
89 114
89 115
89 118
90 93
90 96
90 101
90 102
90 104
90 105
90 107
90 110
90 111
90 114
91 94
91 95
91 100
91 101
91 105
91 112
91 115
92 93
92 105
92 111
92 114
92 117
93 96
93 97
93 103
93 104
93 105
93 107
93 112
94 95
94 98
94 99
94 111
94 114
94 115
94 117
94 119
95 96
95 97
95 101
95 103
95 117
96 97
96 98
96 100
96 107
96 111
96 114
96 115
96 119
97 100
97 101
97 108
97 110
97 113
97 115
98 100
98 104
98 108
98 119
99 100
99 102
99 106
99 115
100 102
100 106
100 107
100 108
100 109
100 111
100 115
100 117
101 102
101 103
101 105
101 110
101 111
101 112
101 113
101 114
101 115
101 119
102 104
102 105
102 109
102 110
102 115
102 119
103 104
103 105
103 109
103 110
103 111
103 112
103 119
104 108
104 109
104 110
104 116
105 109
105 113
105 114
105 116
105 117
105 119
106 107
106 113
106 116
106 118
107 110
107 115
107 119
108 109
108 110
108 112
108 113
108 114
108 117
108 119
109 114
109 116
110 114
110 115
110 116
111 113
111 115
111 117
111 118
111 119
112 114
112 117
112 118
112 119
113 114
113 119
114 117
116 117
