0 1
0 119
0 2
0 118
0 117
0 86
0 39
0 15
0 25
0 53
1 2
1 3
1 118
1 94
1 6
2 3
2 5
2 36
2 110
2 95
3 5
3 33
3 23
3 89
4 6
4 11
4 10
5 6
5 7
5 8
5 11
5 119
6 7
6 8
6 20
7 8
7 10
7 12
7 103
8 9
8 95
8 103
9 10
9 11
9 12
10 11
10 82
10 115
10 100
11 12
11 14
11 37
12 14
12 48
13 15
13 16
13 32
14 16
14 99
14 109
15 117
15 23
16 18
16 113
16 41
16 63
17 18
17 19
17 20
17 63
17 119
18 19
18 21
18 26
18 55
19 22
19 81
19 100
19 103
19 96
20 22
20 23
21 22
21 23
21 59
21 62
22 23
22 25
22 95
23 24
23 98
24 27
24 91
24 60
24 99
25 26
25 27
26 27
26 28
26 29
26 43
27 29
27 30
27 49
28 30
28 31
28 67
28 29
28 66
29 31
29 32
29 42
29 48
29 85
30 31
30 32
30 83
31 34
31 114
31 71
32 33
32 34
32 35
33 34
33 36
33 75
33 79
34 35
34 36
34 37
35 36
35 37
35 38
35 54
36 38
36 66
37 38
37 39
37 99
38 40
38 105
38 86
39 40
39 41
39 42
39 63
40 41
40 42
40 43
41 42
41 44
41 79
41 62
42 44
42 45
43 46
43 103
44 46
44 97
44 70
44 106
45 46
45 47
45 48
46 47
46 48
46 49
47 48
47 50
47 62
47 72
48 51
48 80
49 50
49 51
49 52
50 51
50 52
50 81
51 52
51 53
51 64
52 54
52 55
52 74
53 54
53 55
54 55
54 57
55 56
55 58
56 57
56 58
56 59
57 58
57 59
57 60
58 59
58 60
58 61
59 60
59 99
60 61
60 62
60 63
60 115
61 62
61 63
61 64
62 65
62 103
62 115
64 65
64 66
64 67
65 66
65 68
65 87
66 67
66 89
67 69
67 70
67 82
68 69
68 71
68 93
68 97
69 71
69 72
69 115
70 72
70 73
70 86
71 72
71 74
71 88
72 73
72 74
73 74
73 75
73 76
73 108
74 75
74 76
74 77
74 85
74 104
75 76
75 78
75 94
76 77
76 78
76 79
77 78
77 79
77 80
77 116
78 79
78 80
78 117
78 112
79 80
79 82
79 96
80 81
80 83
80 117
81 82
81 83
81 84
82 83
82 84
82 85
83 84
83 85
83 86
84 85
84 86
84 87
85 88
86 89
87 88
87 89
87 90
88 89
88 90
88 91
89 90
89 91
89 92
89 110
90 91
90 92
90 93
90 99
91 92
91 93
91 94
92 93
92 94
92 95
93 95
93 96
93 107
94 95
94 96
94 97
95 96
95 98
96 97
96 98
97 98
97 99
97 100
98 99
98 100
98 101
99 108
100 102
101 102
101 103
101 104
102 103
102 104
102 105
103 105
103 106
104 105
104 107
105 106
105 107
105 108
106 107
106 108
106 109
107 109
107 110
108 109
109 110
109 111
109 112
110 112
110 113
111 112
111 113
111 114
112 113
112 114
112 119
113 114
113 115
113 116
114 115
114 116
114 117
115 118
116 117
116 118
117 119
118 119
