0 4
0 8
0 13
0 14
0 19
0 20
0 21
0 26
0 30
0 31
0 32
0 35
0 36
0 37
0 40
0 43
0 45
0 46
0 48
0 53
0 55
0 57
0 111
1 4
1 7
1 11
1 14
1 15
1 21
1 24
1 26
1 27
1 28
1 29
1 32
1 34
1 35
1 38
1 39
1 40
1 43
1 44
1 49
1 50
1 52
1 53
1 56
1 67
1 108
2 5
2 6
2 8
2 11
2 13
2 15
2 19
2 21
2 22
2 23
2 24
2 26
2 27
2 30
2 35
2 37
2 42
2 46
2 57
2 58
3 6
3 7
3 10
3 12
3 15
3 17
3 18
3 19
3 21
3 24
3 26
3 28
3 29
3 34
3 35
3 37
3 38
3 39
3 40
3 41
3 42
3 46
3 48
3 57
3 58
3 100
4 7
4 9
4 10
4 11
4 17
4 21
4 23
4 28
4 33
4 36
4 37
4 38
4 40
4 44
4 46
4 47
4 49
4 51
4 52
4 54
4 58
4 59
4 69
5 6
5 12
5 17
5 21
5 29
5 30
5 33
5 34
5 36
5 37
5 38
5 40
5 41
5 43
5 49
5 50
5 51
5 56
5 59
5 69
5 88
5 114
6 7
6 13
6 18
6 21
6 23
6 24
6 34
6 35
6 36
6 37
6 38
6 43
6 48
6 49
6 53
6 57
6 61
6 62
6 69
6 71
6 105
7 8
7 10
7 11
7 14
7 20
7 21
7 22
7 25
7 26
7 28
7 31
7 35
7 39
7 40
7 41
7 43
7 47
7 49
7 50
7 53
7 55
7 57
7 58
8 10
8 11
8 16
8 21
8 24
8 26
8 28
8 29
8 32
8 36
8 37
8 39
8 41
8 47
8 53
8 54
8 58
8 59
8 110
9 10
9 11
9 13
9 14
9 16
9 17
9 19
9 24
9 26
9 28
9 30
9 33
9 34
9 35
9 36
9 37
9 38
9 39
9 42
9 44
9 48
9 55
9 102
10 13
10 14
10 15
10 21
10 22
10 23
10 25
10 29
10 34
10 35
10 40
10 41
10 48
10 50
10 53
10 55
10 56
10 57
10 95
11 12
11 14
11 20
11 24
11 25
11 27
11 28
11 29
11 30
11 31
11 32
11 33
11 34
11 35
11 36
11 38
11 41
11 42
11 43
11 44
11 50
11 51
11 52
11 55
11 57
11 59
11 71
12 13
12 14
12 15
12 18
12 19
12 23
12 24
12 27
12 29
12 33
12 36
12 37
12 40
12 43
12 44
12 45
12 47
12 48
12 51
12 54
12 55
12 58
12 59
12 65
13 15
13 16
13 21
13 24
13 31
13 34
13 39
13 40
13 48
13 50
13 51
13 52
13 54
13 59
13 69
14 16
14 17
14 18
14 22
14 23
14 24
14 28
14 33
14 41
14 42
14 44
14 45
14 49
14 51
14 53
14 56
14 58
14 70
15 16
15 19
15 20
15 26
15 35
15 36
15 38
15 43
15 45
15 47
15 49
15 50
15 56
15 57
15 110
16 19
16 20
16 23
16 27
16 29
16 35
16 37
16 38
16 40
16 41
16 45
16 46
16 47
16 50
16 54
16 59
16 63
16 101
17 21
17 24
17 30
17 34
17 36
17 38
17 41
17 43
17 44
17 47
17 49
17 51
17 53
17 55
18 20
18 24
18 29
18 31
18 32
18 33
18 35
18 37
18 41
18 44
18 45
18 47
18 48
18 51
18 52
18 55
18 59
18 95
18 96
19 21
19 23
19 24
19 25
19 37
19 38
19 40
19 43
19 46
19 47
19 51
19 53
19 55
19 56
19 58
19 59
20 21
20 22
20 24
20 26
20 31
20 33
20 35
20 37
20 38
20 39
20 40
20 43
20 44
20 45
20 47
20 48
20 52
20 55
20 59
20 109
21 23
21 25
21 31
21 34
21 36
21 40
21 42
21 46
21 47
21 49
21 51
21 52
21 53
21 54
21 55
21 56
21 65
21 78
22 23
22 28
22 31
22 34
22 37
22 38
22 40
22 41
22 43
22 49
22 55
22 59
22 71
22 91
23 29
23 31
23 34
23 41
23 43
23 47
23 55
23 59
23 89
23 119
24 33
24 35
24 41
24 44
24 47
24 49
24 51
24 52
24 53
24 54
24 55
24 58
24 77
24 103
25 27
25 29
25 33
25 37
25 39
25 40
25 44
25 45
25 46
25 47
25 51
25 53
25 55
25 56
25 58
25 71
26 33
26 36
26 37
26 40
26 41
26 42
26 45
26 46
26 54
26 55
26 56
26 57
26 59
26 87
26 88
26 91
26 107
27 29
27 31
27 37
27 40
27 43
27 45
27 54
27 56
28 29
28 32
28 33
28 34
28 44
28 45
28 47
28 49
28 50
28 52
28 54
28 59
28 65
28 83
28 87
28 108
29 32
29 33
29 37
29 39
29 40
29 46
29 48
29 49
29 50
29 51
29 52
29 53
29 58
29 75
30 36
30 39
30 41
30 44
30 46
30 47
30 51
30 56
30 59
31 33
31 34
31 35
31 38
31 39
31 41
31 44
31 47
31 48
31 51
31 53
31 73
31 82
32 33
32 38
32 39
32 40
32 41
32 45
32 48
32 49
32 51
32 54
32 56
32 57
32 59
32 104
33 35
33 36
33 37
33 40
33 41
33 42
33 43
33 44
33 48
33 52
33 53
33 54
33 55
33 57
34 35
34 36
34 38
34 39
34 40
34 41
34 45
34 52
34 53
34 54
34 59
34 92
34 110
35 36
35 38
35 41
35 42
35 44
35 46
35 47
35 49
35 54
35 57
35 75
36 38
36 42
36 45
36 49
36 50
36 51
36 52
36 55
36 57
36 58
36 79
36 107
37 43
37 45
37 51
37 53
37 54
37 57
37 60
37 102
38 40
38 45
38 53
38 56
38 58
38 80
39 40
39 42
39 43
39 45
39 47
39 49
39 52
39 55
39 57
39 69
40 41
40 42
40 43
40 52
40 53
40 54
40 56
40 57
41 44
41 50
41 53
41 55
41 56
41 59
41 92
42 45
42 47
42 48
42 52
42 54
42 55
42 56
42 106
43 51
43 55
43 58
43 109
44 45
44 50
44 51
44 55
44 59
44 91
45 47
45 51
45 53
45 58
46 47
46 48
46 49
46 50
46 51
46 58
46 59
46 100
47 48
47 49
47 53
47 54
47 56
47 58
48 49
48 51
48 52
48 55
49 56
49 58
49 102
50 51
50 52
50 53
50 54
50 56
50 57
50 59
50 92
51 52
51 58
51 63
51 65
52 53
52 58
53 54
53 55
53 57
53 59
53 100
54 55
54 56
54 57
55 56
55 57
55 59
55 97
55 119
56 57
56 58
56 83
58 59
58 93
59 74
60 66
60 76
60 79
60 84
60 85
60 90
60 100
60 101
60 102
60 104
60 108
60 113
61 70
61 79
61 80
61 98
61 99
61 100
61 103
61 104
61 105
61 113
61 116
62 70
62 71
62 76
62 77
62 82
62 89
62 97
62 102
62 108
62 116
62 119
63 66
63 68
63 75
63 77
63 79
63 80
63 81
63 87
63 91
63 96
63 99
63 107
63 111
63 114
63 115
63 116
63 119
64 65
64 70
64 71
64 72
64 73
64 75
64 77
64 78
64 79
64 80
64 87
64 89
64 90
64 92
64 95
64 97
64 99
64 101
64 103
64 107
64 110
64 112
64 113
64 115
64 116
65 66
65 68
65 74
65 79
65 81
65 82
65 85
65 91
65 92
65 93
65 98
65 101
65 104
65 109
65 110
65 111
65 114
65 119
66 67
66 70
66 74
66 76
66 82
66 86
66 87
66 89
66 93
66 96
66 97
66 99
66 101
66 110
66 112
66 113
66 114
66 115
66 118
66 119
67 68
67 70
67 73
67 76
67 88
67 96
67 97
67 107
67 109
67 117
68 69
68 70
68 71
68 78
68 79
68 83
68 85
68 86
68 88
68 92
68 95
68 99
68 101
68 103
68 105
68 108
68 112
68 113
68 114
68 115
68 118
68 119
69 70
69 74
69 75
69 76
69 84
69 85
69 89
69 91
69 92
69 93
69 94
69 95
69 100
69 110
69 111
70 74
70 75
70 78
70 90
70 92
70 96
70 97
70 99
70 101
70 102
70 114
70 117
71 72
71 74
71 81
71 83
71 84
71 98
71 105
71 110
71 113
71 115
72 79
72 81
72 83
72 84
72 85
72 87
72 96
72 98
72 99
72 100
72 104
72 112
72 115
72 116
72 118
72 119
73 76
73 77
73 81
73 84
73 85
73 86
73 89
73 93
73 95
73 98
73 99
73 103
73 105
73 113
73 118
74 77
74 81
74 82
74 83
74 88
74 95
74 96
74 98
74 100
74 101
74 108
74 115
74 116
74 117
74 118
74 119
75 77
75 78
75 83
75 84
75 88
75 93
75 94
75 99
75 103
75 108
75 109
75 111
75 115
75 117
75 119
76 77
76 78
76 80
76 84
76 91
76 93
76 95
76 96
76 98
76 116
76 118
77 81
77 84
77 85
77 88
77 95
77 96
77 99
77 101
77 104
77 109
77 113
77 115
77 117
78 80
78 86
78 93
78 103
78 106
78 107
79 84
79 93
79 94
79 97
79 101
79 102
79 104
79 108
79 111
80 85
80 92
80 93
80 100
80 103
80 110
80 113
80 115
80 119
81 83
81 102
81 106
81 108
81 109
81 112
81 117
81 118
82 83
82 85
82 91
82 92
82 102
82 104
82 108
82 110
83 85
83 89
83 90
83 91
83 93
83 97
83 99
83 101
83 103
83 104
83 107
83 108
83 110
83 111
83 114
83 115
84 86
84 87
84 88
84 93
84 94
84 96
84 100
84 105
84 106
84 117
85 86
85 87
85 92
85 93
85 96
85 97
85 98
85 101
85 102
85 105
85 110
85 119
86 89
86 92
86 94
86 98
86 99
86 100
86 101
86 103
86 104
86 105
86 108
86 110
86 112
86 114
87 88
87 89
87 90
87 92
87 96
87 102
87 109
87 110
87 115
88 95
88 100
88 105
88 111
88 112
88 113
89 97
89 98
89 104
89 105
89 108
89 110
89 111
89 112
89 114
89 115
90 96
90 101
90 102
90 103
90 104
90 105
90 107
90 111
90 115
91 92
91 99
91 100
91 101
91 106
91 108
91 115
92 94
92 95
92 96
92 105
92 106
92 112
92 115
92 117
93 94
93 95
93 97
93 101
93 104
93 106
93 108
93 115
94 95
94 99
94 105
94 107
94 108
94 113
94 118
95 100
95 102
95 105
95 111
95 112
95 113
95 114
95 117
96 97
96 99
96 100
96 103
96 107
96 110
96 113
96 118
96 119
97 102
97 104
97 112
98 104
98 105
98 107
98 113
98 116
98 119
99 104
99 116
99 118
100 101
100 105
100 106
100 107
100 108
100 114
100 118
101 104
101 110
101 111
101 113
101 118
101 119
102 106
102 110
102 114
102 115
102 119
103 111
104 108
104 110
104 111
104 115
104 117
105 107
105 111
105 113
105 118
105 119
106 109
106 111
106 113
106 114
107 108
107 109
107 113
107 117
107 118
108 109
108 112
109 113
110 112
110 113
111 117
112 115
112 118
113 115
113 118
114 115
114 117
115 116
115 118
115 119
117 118
