0 1
0 2
0 3
0 4
0 5
0 6
0 7
0 8
0 9
0 10
0 11
0 12
0 13
0 14
0 15
0 16
0 17
0 18
0 19
0 20
0 21
0 22
0 23
0 24
0 25
0 26
0 27
0 30
0 31
0 35
0 36
0 37
0 38
0 42
0 45
0 47
0 49
0 52
0 53
0 56
0 57
0 59
0 64
0 65
0 68
0 69
0 70
0 73
0 74
0 79
0 84
0 92
0 93
0 95
0 96
0 97
0 99
0 102
0 105
0 108
0 119
1 11
1 12
1 13
1 14
1 15
1 18
1 21
1 23
1 29
1 30
1 35
1 40
1 49
1 56
1 67
1 71
1 74
1 78
1 105
1 111
1 118
2 11
2 12
2 13
2 14
2 15
2 19
2 20
2 22
2 24
2 25
2 32
2 35
2 38
2 48
2 49
2 55
2 56
2 57
2 63
2 68
2 76
2 85
2 91
2 92
2 105
2 107
2 108
3 11
3 12
3 13
3 14
3 15
3 16
3 18
3 23
3 33
3 43
3 49
3 60
3 61
3 62
3 77
3 91
3 111
3 119
4 22
4 32
4 36
4 44
4 63
4 91
4 104
5 11
5 12
5 13
5 17
5 19
5 21
5 24
5 27
5 28
5 33
5 34
5 41
5 69
5 73
5 86
5 102
5 112
6 11
6 13
6 14
6 15
6 17
6 19
6 21
6 27
6 31
6 41
6 44
6 46
6 61
6 64
6 94
6 101
7 11
7 12
7 14
7 17
7 19
7 21
7 27
7 28
7 31
7 34
7 36
7 37
7 40
7 43
7 45
7 54
7 61
7 64
7 75
7 87
7 102
7 104
7 113
8 11
8 12
8 13
8 14
8 15
8 16
8 20
8 21
8 27
8 36
8 42
8 47
8 63
8 64
8 67
8 72
8 77
8 79
8 83
8 94
8 98
8 110
8 118
9 11
9 12
9 16
9 24
9 29
9 39
9 42
9 46
9 61
9 62
9 65
9 66
9 92
9 98
9 101
9 113
9 118
10 11
10 12
10 13
10 16
10 24
10 25
10 30
10 32
10 51
10 52
10 58
10 82
10 89
10 97
10 108
10 109
11 12
11 13
11 14
11 15
11 16
11 17
11 18
11 22
11 24
11 25
11 33
11 37
11 38
11 39
11 41
11 42
11 44
11 45
11 47
11 50
11 51
11 55
11 56
11 57
11 58
11 59
11 64
11 67
11 73
11 74
11 83
11 99
11 104
11 105
11 107
11 108
11 113
11 116
11 118
12 13
12 14
12 15
12 16
12 17
12 18
12 19
12 21
12 22
12 23
12 24
12 25
12 26
12 27
12 28
12 31
12 32
12 34
12 35
12 36
12 39
12 45
12 48
12 49
12 50
12 53
12 55
12 59
12 63
12 64
12 65
12 67
12 68
12 70
12 71
12 72
12 73
12 74
12 75
12 77
12 81
12 84
12 85
12 86
12 88
12 91
12 98
12 100
12 104
12 108
12 113
13 14
13 15
13 16
13 17
13 18
13 19
13 20
13 21
13 22
13 23
13 24
13 25
13 26
13 27
13 28
13 29
13 30
13 33
13 34
13 36
13 37
13 38
13 41
13 44
13 46
13 48
13 51
13 53
13 54
13 55
13 56
13 58
13 59
13 62
13 63
13 70
13 76
13 77
13 79
13 84
13 89
13 96
13 105
13 111
13 115
13 117
14 15
14 16
14 17
14 18
14 19
14 20
14 21
14 22
14 23
14 25
14 26
14 28
14 29
14 30
14 32
14 36
14 37
14 38
14 40
14 41
14 42
14 43
14 47
14 51
14 54
14 62
14 63
14 68
14 72
14 78
14 79
14 84
14 86
14 88
14 89
14 100
14 106
14 109
14 115
14 117
15 16
15 17
15 18
15 20
15 22
15 23
15 25
15 26
15 27
15 29
15 30
15 31
15 39
15 41
15 43
15 44
15 47
15 56
15 58
15 67
15 71
15 75
15 76
15 79
15 80
15 87
15 90
15 96
15 100
15 105
15 113
15 114
15 115
16 17
16 18
16 19
16 20
16 22
16 23
16 26
16 28
16 29
16 30
16 34
16 35
16 39
16 40
16 46
16 49
16 50
16 51
16 53
16 54
16 61
16 71
16 76
16 82
16 90
16 92
16 94
16 96
16 99
16 103
16 118
16 119
17 18
17 19
17 20
17 21
17 25
17 26
17 31
17 33
17 39
17 40
17 42
17 43
17 45
17 53
17 56
17 59
17 61
17 66
17 71
17 73
17 74
17 75
17 82
17 87
17 88
17 97
17 104
17 114
18 20
18 24
18 25
18 28
18 29
18 30
18 31
18 38
18 39
18 49
18 50
18 55
18 57
18 68
18 78
18 82
18 87
18 105
18 114
19 20
19 28
19 32
19 33
19 34
19 41
19 46
19 47
19 50
19 53
19 69
19 70
19 76
19 81
19 83
19 86
19 95
19 98
19 101
19 103
19 106
19 109
19 112
19 119
20 22
20 24
20 32
20 33
20 34
20 36
20 42
20 44
20 49
20 50
20 52
20 54
20 55
20 57
20 63
20 66
20 67
20 74
20 80
20 81
20 84
20 85
20 92
20 93
20 95
20 96
20 99
20 106
20 115
20 117
21 23
21 26
21 28
21 29
21 30
21 31
21 32
21 33
21 36
21 37
21 38
21 40
21 42
21 45
21 62
21 65
21 66
21 70
21 71
21 75
21 78
21 86
21 88
21 97
21 110
21 111
21 114
21 116
21 119
22 23
22 26
22 29
22 35
22 40
22 42
22 43
22 45
22 50
22 52
22 53
22 55
22 60
22 69
22 77
22 81
22 82
22 83
22 92
22 95
22 105
23 29
23 32
23 34
23 52
23 60
23 67
23 80
23 84
23 85
23 101
23 103
23 105
23 106
23 118
24 27
24 30
24 39
24 41
24 48
24 51
24 61
24 64
24 70
24 75
24 76
24 77
24 83
24 86
24 93
25 26
25 35
25 37
25 38
25 46
25 50
25 56
25 61
25 65
25 92
25 93
25 101
25 110
25 115
26 27
26 35
26 37
26 41
26 42
26 45
26 56
26 68
26 80
26 89
26 90
26 106
26 117
27 28
27 31
27 33
27 37
27 38
27 48
27 50
27 53
27 55
27 63
27 64
27 70
27 71
27 73
27 80
27 82
27 88
27 94
27 96
27 105
27 106
27 107
27 109
27 114
27 115
28 39
28 40
28 48
28 57
28 74
28 94
28 95
28 97
28 101
28 108
28 113
28 117
28 118
28 119
29 31
29 34
29 44
29 58
29 77
29 88
29 104
30 39
30 43
30 52
30 69
30 86
31 32
31 33
31 36
31 44
31 54
31 61
31 82
31 85
31 99
32 34
32 37
32 40
32 46
32 47
32 55
32 58
32 60
32 74
32 75
32 76
32 88
32 91
32 108
33 35
33 40
33 44
33 46
33 53
33 54
33 59
33 60
33 72
33 73
33 84
33 96
33 97
33 98
33 107
34 35
34 43
34 46
34 47
34 60
34 61
34 62
34 65
34 66
34 83
34 88
34 90
34 94
34 98
34 100
34 103
34 116
35 38
35 45
35 51
35 52
35 54
35 57
35 66
35 72
35 78
35 79
35 97
35 103
35 118
36 41
36 49
36 58
36 64
36 71
36 83
36 97
36 113
37 54
37 56
37 59
37 62
37 77
37 94
37 106
37 110
38 47
38 49
38 59
38 75
38 76
38 77
38 78
38 81
38 92
38 106
38 111
38 116
38 118
39 43
39 69
39 109
40 44
40 52
40 59
40 60
40 69
40 70
40 80
40 112
41 45
41 48
41 89
41 108
41 109
41 112
42 43
42 48
42 50
42 51
42 58
42 60
42 63
42 67
42 69
42 89
42 93
42 98
43 57
43 75
43 89
43 102
43 103
43 109
44 46
44 47
44 48
44 53
44 59
44 65
44 66
44 72
44 84
44 91
44 92
44 95
44 99
45 60
45 87
45 112
45 116
46 52
46 90
46 97
46 110
46 115
47 48
47 57
47 60
47 83
47 112
48 51
48 58
48 64
48 69
48 72
48 73
48 76
48 86
48 114
49 51
49 52
49 58
49 65
49 72
49 88
49 98
49 116
50 57
50 71
50 99
50 110
50 115
51 81
51 83
51 87
51 96
51 100
52 54
52 62
52 66
52 70
52 71
52 81
52 84
52 103
52 108
53 65
53 66
53 87
53 100
53 104
54 55
54 65
54 73
54 93
54 112
55 66
55 73
55 78
55 79
55 80
55 84
56 62
56 63
56 68
56 70
56 113
57 101
57 117
58 62
58 68
58 79
58 90
58 104
59 74
59 85
59 94
59 102
59 116
60 67
60 69
60 87
60 95
61 85
61 91
62 77
62 81
62 91
63 68
63 79
63 85
63 89
63 98
63 107
64 78
64 82
64 95
64 116
65 67
65 68
65 76
65 81
65 96
65 109
66 81
66 97
66 106
66 110
66 117
67 72
67 101
68 85
68 96
69 78
69 80
69 86
70 72
70 75
71 74
71 90
71 93
71 98
71 102
71 112
72 79
72 80
72 89
72 99
72 102
72 118
73 80
73 83
73 100
73 104
73 107
73 114
74 82
74 93
75 87
75 114
76 78
76 100
76 103
76 106
76 115
77 82
77 99
77 100
78 90
78 108
78 110
78 113
78 116
79 87
79 89
79 91
79 99
79 111
80 85
80 88
80 90
80 104
80 111
81 94
81 102
81 112
81 114
82 86
83 107
84 101
85 94
85 95
85 113
86 90
86 101
86 109
87 92
87 103
87 110
87 119
88 115
88 116
88 117
89 91
89 93
89 102
89 107
90 100
90 109
92 93
92 107
92 111
93 95
93 119
95 107
95 111
96 117
96 119
98 102
98 117
99 103
101 112
105 114
109 110
110 111
114 119
