0 1
0 2
0 3
0 4
0 5
0 6
0 7
0 8
0 9
0 10
0 11
0 12
0 13
0 14
0 15
0 16
0 17
0 19
0 20
0 21
0 23
0 25
0 29
0 34
0 37
0 40
0 44
0 46
0 47
0 50
0 51
0 53
0 54
0 55
0 57
0 64
0 66
0 71
0 72
0 73
0 74
0 78
0 79
0 83
0 86
0 90
0 100
0 106
0 112
0 115
1 11
1 12
1 13
1 14
1 16
1 17
1 18
1 19
1 20
1 26
1 30
1 34
1 35
1 39
1 42
1 46
1 54
1 59
1 67
1 70
1 74
1 88
1 90
1 98
1 113
1 118
2 11
2 12
2 14
2 15
2 16
2 18
2 21
2 31
2 47
2 49
2 60
2 62
2 69
2 70
2 73
2 75
2 110
2 111
2 116
3 11
3 12
3 13
3 15
3 17
3 21
3 25
3 26
3 28
3 42
3 44
3 48
3 52
3 53
3 54
3 69
3 86
3 91
3 93
3 97
3 104
4 13
4 14
4 15
4 18
4 20
4 21
4 43
4 50
4 52
4 77
4 83
4 87
4 98
4 108
4 118
5 11
5 12
5 17
5 27
5 32
5 37
5 45
5 54
5 62
6 11
6 12
6 13
6 14
6 15
6 16
6 17
6 19
6 21
6 22
6 24
6 26
6 27
6 29
6 30
6 35
6 36
6 39
6 40
6 41
6 46
6 49
6 61
6 62
6 63
6 64
6 65
6 66
6 75
6 86
6 87
6 90
6 91
6 107
6 109
6 117
6 119
7 11
7 12
7 14
7 16
7 19
7 22
7 24
7 25
7 27
7 28
7 29
7 30
7 34
7 36
7 42
7 45
7 52
7 55
7 61
7 64
7 69
7 72
7 78
7 80
7 95
7 98
7 108
7 112
7 117
8 11
8 13
8 14
8 18
8 19
8 20
8 29
8 35
8 37
8 42
8 45
8 55
8 58
8 60
8 68
8 70
8 71
8 76
8 80
8 83
8 89
8 104
8 107
8 111
9 11
9 12
9 13
9 20
9 23
9 25
9 29
9 39
9 44
9 55
9 64
9 69
9 71
9 74
9 76
10 11
10 12
10 13
10 14
10 15
10 16
10 20
10 21
10 22
10 23
10 25
10 30
10 31
10 32
10 34
10 36
10 42
10 51
10 56
10 62
10 67
10 68
10 75
10 76
10 83
10 85
11 12
11 13
11 15
11 16
11 17
11 18
11 19
11 20
11 22
11 24
11 25
11 27
11 30
11 33
11 35
11 36
11 40
11 42
11 43
11 47
11 49
11 50
11 51
11 53
11 54
11 59
11 65
11 66
11 70
11 72
11 74
11 76
11 79
11 85
11 90
11 93
11 118
12 13
12 14
12 15
12 16
12 17
12 20
12 21
12 24
12 26
12 28
12 29
12 31
12 32
12 33
12 34
12 38
12 40
12 45
12 46
12 48
12 49
12 51
12 61
12 67
12 72
12 75
12 77
12 78
12 79
12 83
12 86
12 88
12 92
12 93
12 95
12 98
12 99
12 100
12 104
12 106
13 14
13 15
13 16
13 17
13 18
13 19
13 20
13 21
13 22
13 23
13 24
13 25
13 28
13 30
13 32
13 34
13 35
13 36
13 38
13 42
13 60
13 67
13 70
13 71
13 78
13 80
13 81
13 95
13 112
13 113
14 15
14 16
14 17
14 18
14 19
14 22
14 23
14 24
14 27
14 28
14 30
14 32
14 34
14 40
14 43
14 44
14 45
14 47
14 48
14 53
14 56
14 58
14 60
14 67
14 71
14 81
14 86
14 93
14 95
14 99
14 102
14 109
14 114
14 115
15 18
15 23
15 24
15 27
15 31
15 33
15 37
15 38
15 43
15 47
15 48
15 49
15 51
15 54
15 57
15 60
15 68
15 70
15 74
15 76
15 77
15 84
15 87
15 88
15 98
15 115
16 17
16 18
16 21
16 22
16 23
16 25
16 26
16 27
16 28
16 39
16 40
16 42
16 49
16 50
16 51
16 55
16 58
16 60
16 63
16 64
16 65
16 73
16 74
16 75
16 76
16 77
16 78
16 79
16 81
16 82
16 85
16 87
16 92
16 93
16 95
16 104
16 107
16 109
17 18
17 19
17 20
17 21
17 22
17 23
17 24
17 25
17 27
17 28
17 33
17 35
17 37
17 39
17 43
17 44
17 47
17 52
17 53
17 55
17 56
17 61
17 63
17 67
17 68
17 83
17 90
17 96
17 99
17 105
17 109
17 115
18 19
18 22
18 26
18 27
18 38
18 39
18 40
18 42
18 43
18 44
18 46
18 47
18 51
18 52
18 63
18 70
18 73
18 77
18 79
18 83
18 88
18 90
18 94
18 95
18 116
19 25
19 28
19 29
19 30
19 31
19 37
19 40
19 42
19 45
19 47
19 51
19 56
19 59
19 67
19 69
19 74
19 88
19 94
19 98
19 108
19 113
20 22
20 23
20 26
20 32
20 33
20 39
20 41
20 44
20 46
20 47
20 51
20 52
20 57
20 58
20 60
20 63
20 66
20 69
20 71
20 82
20 87
20 96
20 101
20 105
20 116
21 26
21 27
21 29
21 30
21 33
21 58
21 71
21 72
21 77
21 80
21 85
21 96
21 99
21 105
21 109
21 110
21 119
22 23
22 24
22 26
22 37
22 38
22 41
22 43
22 50
22 53
22 54
22 62
22 63
22 64
22 66
22 67
22 77
22 81
22 92
22 95
22 104
22 106
22 115
23 24
23 26
23 31
23 35
23 36
23 41
23 46
23 92
24 28
24 31
24 32
24 33
24 35
24 36
24 52
24 53
24 55
24 58
24 84
24 94
24 99
24 105
24 107
24 110
24 119
25 28
25 32
25 45
25 60
25 104
25 118
26 29
26 30
26 31
26 33
26 34
26 36
26 38
26 39
26 55
26 59
26 60
26 62
26 63
26 68
26 71
26 81
26 86
26 96
26 98
26 104
26 108
26 111
26 118
26 119
27 31
27 32
27 34
27 41
27 43
27 44
27 45
27 48
27 50
27 56
27 57
27 66
27 69
27 72
27 80
27 84
27 87
27 93
27 103
27 108
27 110
27 111
27 112
27 117
28 29
28 31
28 32
28 33
28 37
28 40
28 51
28 52
28 56
28 59
28 72
28 76
28 80
28 82
28 84
28 97
28 102
29 43
29 45
29 49
29 59
29 114
29 116
30 48
30 49
30 73
30 74
30 111
31 33
31 35
31 38
31 59
31 61
31 62
31 70
31 84
31 86
31 96
31 98
31 103
31 106
31 109
31 111
31 112
31 114
31 117
32 34
32 35
32 36
32 37
32 38
32 41
32 48
32 50
32 61
32 64
32 74
32 81
32 100
32 106
32 118
33 36
33 38
33 40
33 41
33 43
33 48
33 62
33 65
33 68
33 84
33 90
33 91
33 92
33 100
33 111
33 113
33 118
34 61
34 75
34 97
34 105
35 37
35 41
35 46
35 64
35 66
35 73
35 78
35 79
35 91
35 103
35 114
35 115
36 38
36 39
36 41
36 47
36 53
36 54
36 59
36 62
36 63
36 64
36 78
36 81
36 88
36 91
36 93
36 100
36 113
36 119
37 59
37 66
37 79
37 83
37 96
37 108
37 119
38 39
38 41
38 54
38 57
38 63
38 102
39 44
39 46
39 55
39 57
39 58
39 82
39 85
39 91
39 92
39 100
39 101
39 102
39 114
39 116
40 55
40 57
40 71
40 87
40 94
40 109
41 49
41 50
41 53
41 65
41 76
41 82
41 83
41 97
41 102
41 104
42 44
42 64
42 94
43 45
43 46
43 48
43 50
43 52
43 57
43 58
43 76
43 80
43 82
43 101
43 113
44 54
44 104
44 112
45 48
45 56
45 58
45 65
45 72
45 93
46 49
46 56
46 57
46 66
46 71
46 103
46 110
46 119
47 56
47 57
47 65
47 69
47 88
47 92
47 97
47 114
47 117
48 50
48 94
48 100
48 103
49 53
49 58
49 60
49 61
49 65
49 87
49 105
49 110
49 114
50 68
50 91
50 102
50 107
51 52
51 65
51 70
51 80
51 106
51 111
51 112
51 115
52 56
52 70
52 82
52 94
52 104
52 117
53 63
53 66
53 73
53 76
53 99
53 103
53 109
54 72
54 74
54 75
54 82
54 84
54 93
54 107
54 110
55 69
55 73
55 77
55 85
55 89
55 90
55 105
55 108
57 59
57 61
57 77
57 80
57 86
57 101
57 107
58 75
58 81
58 94
58 97
58 112
59 77
59 83
59 99
59 111
60 61
60 62
60 65
60 73
60 81
60 99
60 116
60 117
61 89
61 90
61 93
61 96
62 67
62 68
62 69
62 73
62 84
62 86
62 89
62 92
62 98
62 101
62 115
63 75
63 108
63 114
64 91
64 96
64 107
65 68
65 78
65 88
65 91
65 97
65 103
65 106
65 113
65 116
66 67
66 68
66 78
66 82
66 87
66 97
66 99
66 100
66 107
67 72
67 79
67 81
67 94
67 95
67 111
68 79
68 89
68 106
68 108
69 75
69 78
69 85
69 89
69 94
69 114
70 85
70 89
70 95
71 82
71 102
71 108
71 113
72 80
72 85
72 89
72 103
72 107
73 109
73 118
74 79
74 88
74 105
75 99
75 102
75 110
75 113
76 117
77 86
77 87
77 88
77 91
77 95
77 110
77 115
78 84
78 96
78 97
78 101
79 118
80 84
80 100
81 89
81 102
81 119
82 85
83 103
83 112
83 113
83 119
84 90
85 92
85 115
86 89
87 92
87 101
87 105
89 101
89 106
90 98
90 106
90 117
91 101
92 100
93 96
94 105
94 109
94 116
95 103
96 97
97 101
97 114
100 102
100 116
101 110
101 112
104 116
107 119
113 118
115 117
