0 11
0 1
0 12
1 12
1 2
1 11
1 13
2 13
2 3
2 12
2 14
3 14
3 4
3 13
3 15
4 15
4 5
4 14
4 16
5 16
5 6
5 15
5 17
6 17
6 7
6 16
6 18
7 18
7 8
7 17
7 19
8 19
8 9
8 18
8 20
9 20
9 10
9 19
9 21
10 21
10 20
11 22
11 12
11 23
12 23
12 13
12 22
12 24
13 24
13 14
13 23
13 25
14 25
14 15
14 24
14 26
15 26
15 16
15 25
15 27
16 27
16 17
16 26
16 28
17 28
17 18
17 27
17 29
18 29
18 19
18 28
18 30
19 30
19 20
19 29
19 31
20 31
20 21
20 30
20 32
21 32
21 31
22 33
22 23
22 34
23 34
23 24
23 33
23 35
24 35
24 25
24 34
24 36
25 36
25 26
25 35
25 37
26 37
26 27
26 36
26 38
27 38
27 28
27 37
27 39
28 39
28 29
28 38
28 40
29 40
29 30
29 39
29 41
30 41
30 31
30 40
30 42
31 42
31 32
31 41
31 43
32 43
32 42
33 44
33 34
33 45
34 45
34 35
34 44
34 46
35 46
35 36
35 45
35 47
36 47
36 37
36 46
36 48
37 48
37 38
37 47
37 49
38 49
38 39
38 48
38 50
39 50
39 40
39 49
39 51
40 51
40 41
40 50
40 52
41 52
41 42
41 51
41 53
42 53
42 43
42 52
42 54
43 54
43 53
44 55
44 45
44 56
45 56
45 46
45 55
45 57
46 57
46 47
46 56
46 58
47 58
47 48
47 57
47 59
48 59
48 49
48 58
48 60
49 60
49 50
49 59
49 61
50 61
50 51
50 60
50 62
51 62
51 52
51 61
51 63
52 63
52 53
52 62
52 64
53 64
53 54
53 63
53 65
54 65
54 64
55 66
55 56
55 67
56 67
56 57
56 66
56 68
57 68
57 58
57 67
57 69
58 69
58 59
58 68
58 70
59 70
59 60
59 69
59 71
60 71
60 61
60 70
60 72
61 72
61 62
61 71
61 73
62 73
62 63
62 72
62 74
63 74
63 64
63 73
63 75
64 75
64 65
64 74
64 76
65 76
65 75
66 77
66 67
66 78
67 78
67 68
67 77
67 79
68 79
68 69
68 78
68 80
69 80
69 70
69 79
69 81
70 81
70 71
70 80
70 82
71 82
71 72
71 81
71 83
72 83
72 73
72 82
72 84
73 84
73 74
73 83
73 85
74 85
74 75
74 84
74 86
75 86
75 76
75 85
75 87
76 87
76 86
77 88
77 78
77 89
78 89
78 79
78 88
78 90
79 90
79 80
79 89
79 91
80 91
80 81
80 90
80 92
81 92
81 82
81 91
81 93
82 93
82 83
82 92
82 94
83 94
83 84
83 93
83 95
84 95
84 85
84 94
84 96
85 96
85 86
85 95
85 97
86 97
86 87
86 96
86 98
87 98
87 97
88 99
88 89
88 100
89 100
89 90
89 99
89 101
90 101
90 91
90 100
90 102
91 102
91 92
91 101
91 103
92 103
92 93
92 102
92 104
93 104
93 94
93 103
93 105
94 105
94 95
94 104
94 106
95 106
95 96
95 105
95 107
96 107
96 97
96 106
96 108
97 108
97 98
97 107
97 109
98 109
98 108
99 110
99 100
99 111
100 111
100 101
100 110
100 112
101 112
101 102
101 111
101 113
102 113
102 103
102 112
102 114
103 114
103 104
103 113
103 115
104 115
104 105
104 114
104 116
105 116
105 106
105 115
105 117
106 117
106 107
106 116
106 118
107 118
107 108
107 117
107 119
108 119
108 109
108 118
109 119
110 111
111 112
112 113
113 114
114 115
115 116
116 117
117 118
118 119
