0 1
0 2
0 3
0 4
0 11
0 13
0 15
0 19
0 20
0 26
0 38
0 41
0 46
0 52
0 56
0 70
0 83
0 88
0 102
1 3
1 5
1 6
1 8
1 9
1 10
1 11
1 14
1 16
1 17
1 20
1 21
1 22
1 23
1 24
1 27
1 30
1 38
1 39
1 42
1 43
1 51
1 59
1 65
1 68
1 81
1 104
1 107
1 109
2 4
2 16
2 25
2 26
2 29
2 31
2 46
2 62
2 71
2 82
2 96
3 5
3 7
3 9
3 12
3 14
3 25
3 27
3 28
3 31
3 34
3 36
3 37
3 39
3 44
3 45
3 51
3 54
3 55
3 56
3 69
3 76
3 84
3 93
3 96
3 117
4 6
4 7
4 8
4 10
4 18
4 28
4 30
4 33
4 37
4 40
4 64
4 77
4 83
4 91
4 94
4 105
4 108
4 114
4 116
5 12
6 107
6 111
7 13
7 47
7 59
7 80
9 68
9 71
9 78
9 86
10 88
11 45
12 29
12 33
12 35
12 44
12 47
12 48
12 52
12 57
12 58
12 69
12 87
12 112
13 15
13 17
13 18
13 22
13 61
13 63
13 80
14 50
14 99
14 101
15 100
17 19
17 21
17 42
17 49
17 97
18 41
18 58
18 65
19 32
19 57
19 74
19 100
20 48
20 53
20 79
20 86
20 97
20 111
20 114
21 55
22 23
22 81
23 24
25 61
25 63
26 60
26 82
26 85
27 85
29 35
29 36
29 67
29 115
30 32
30 54
30 64
30 67
30 113
32 34
32 50
35 66
35 103
36 40
36 49
36 60
36 75
36 78
36 79
36 105
37 119
38 43
38 101
40 118
41 119
42 53
42 87
43 91
49 116
51 72
51 89
51 110
52 76
52 90
52 112
52 113
53 108
54 70
54 103
55 73
55 95
57 84
58 62
60 92
61 66
61 77
61 98
62 74
62 75
62 106
62 115
68 72
68 92
68 95
70 73
70 89
70 102
72 90
74 98
76 99
79 106
79 109
81 94
85 104
90 110
91 93
103 118
106 117
