0 1
0 17
0 58
0 27
0 78
0 23
0 104
0 54
1 64
1 46
1 67
1 68
1 69
1 77
1 70
2 3
2 81
2 66
2 42
2 29
2 27
2 72
2 11
3 47
3 30
3 97
3 96
3 35
3 88
3 95
4 5
4 26
4 27
4 74
4 25
4 111
4 102
4 95
5 34
5 109
5 87
5 32
5 31
5 113
5 107
6 7
6 17
6 104
6 113
6 65
6 51
6 67
6 24
7 32
7 82
7 83
7 104
7 63
7 108
7 17
8 9
8 39
8 98
8 91
8 87
8 74
8 61
8 55
9 44
9 36
9 38
9 89
9 92
9 108
9 73
10 11
10 66
10 12
10 105
10 93
10 49
10 18
10 13
11 70
11 68
11 45
11 85
11 52
11 102
12 13
12 99
12 28
12 63
12 85
12 47
12 20
13 106
13 58
13 56
13 113
13 88
13 119
14 15
14 48
14 55
14 24
14 86
14 41
14 119
14 21
15 66
15 52
15 96
15 22
15 67
15 39
15 71
16 17
16 26
16 97
16 62
16 19
16 53
16 58
16 104
17 31
17 29
17 109
17 101
18 19
18 77
18 28
18 118
18 84
18 73
18 68
19 40
19 55
19 39
19 21
19 45
19 89
20 21
20 115
20 48
20 28
20 64
20 26
20 43
21 73
21 53
21 60
21 38
21 24
22 23
22 58
22 100
22 84
22 63
22 99
22 88
23 71
23 85
23 65
23 41
23 29
23 49
24 25
24 93
24 60
24 91
24 106
25 105
25 82
25 81
25 50
25 52
25 104
26 66
26 57
26 111
26 51
26 76
27 28
27 92
27 98
27 53
27 103
28 52
28 108
28 60
28 30
29 30
29 102
29 55
29 107
29 59
30 94
30 60
30 36
30 48
30 119
31 37
31 95
31 59
31 41
31 101
31 117
32 65
32 99
32 87
32 117
32 84
32 114
33 34
33 110
33 63
33 57
33 42
33 119
33 112
33 59
34 93
34 40
34 82
34 44
34 72
34 111
35 36
35 58
35 111
35 93
35 46
35 43
35 70
36 65
36 55
36 83
36 115
36 57
37 38
37 52
37 95
37 49
37 104
37 71
37 85
38 95
38 75
38 53
38 103
38 44
39 92
39 91
39 77
39 113
39 46
40 41
40 83
40 118
40 51
40 86
40 112
41 71
41 86
41 50
41 70
42 43
42 54
42 70
42 48
42 107
42 76
43 105
43 99
43 115
43 80
43 76
44 56
44 65
44 107
44 103
44 81
45 46
45 97
45 90
45 105
45 65
45 95
46 96
46 97
46 94
46 116
47 63
47 51
47 68
47 97
47 94
47 119
48 86
48 74
48 98
48 84
49 50
49 84
49 74
49 102
49 64
50 59
50 110
50 71
50 117
50 108
51 52
51 102
51 87
51 110
52 112
52 58
53 54
53 74
53 63
53 89
54 55
54 88
54 76
54 64
54 90
55 110
55 91
56 72
56 113
56 69
56 110
56 82
56 115
57 58
57 69
57 62
57 98
57 83
58 85
59 60
59 111
59 67
59 89
60 85
60 89
60 65
61 62
61 78
61 91
61 77
61 109
61 111
61 86
62 76
62 101
62 105
62 118
62 94
63 64
63 66
64 97
64 114
64 92
65 108
66 90
66 106
66 117
67 68
67 69
67 98
67 112
68 87
68 93
68 70
69 72
69 78
69 86
69 114
70 110
70 119
71 99
71 82
71 100
72 73
72 75
72 91
72 74
73 82
73 101
73 115
73 108
74 75
74 105
75 89
75 79
75 94
75 114
75 105
76 88
76 102
76 103
77 80
77 79
77 98
77 112
78 79
78 112
78 119
78 116
78 100
79 80
79 110
79 96
79 103
79 119
80 97
80 92
80 114
80 99
80 115
81 83
81 101
81 84
81 118
81 91
82 117
82 118
83 90
83 99
83 104
84 116
84 106
85 86
85 100
86 89
87 106
87 98
87 116
88 89
88 100
88 116
90 107
90 108
90 106
90 114
91 103
92 100
92 107
92 118
93 96
93 113
93 101
94 111
94 100
94 117
95 96
95 109
96 115
96 118
97 107
98 109
99 102
100 117
101 103
101 112
102 103
104 113
105 117
106 110
106 112
107 114
108 109
109 118
109 114
111 116
113 116
115 116
