0 1
0 4
0 5
0 12
0 20
0 21
0 25
0 28
0 33
0 35
0 37
0 40
0 42
0 43
0 45
0 49
0 55
0 62
0 67
0 70
0 73
0 76
0 77
0 80
0 81
0 83
0 89
0 90
0 93
0 96
0 97
0 101
0 104
0 106
0 108
0 111
0 112
0 116
1 4
1 8
1 9
1 13
1 14
1 16
1 20
1 21
1 23
1 27
1 28
1 30
1 36
1 37
1 38
1 39
1 40
1 42
1 43
1 44
1 47
1 50
1 52
1 53
1 55
1 56
1 59
1 60
1 61
1 62
1 63
1 70
1 71
1 77
1 83
1 86
1 88
1 92
1 98
1 101
1 102
1 106
1 115
1 116
1 119
2 12
2 14
2 18
2 20
2 22
2 26
2 28
2 29
2 31
2 37
2 42
2 48
2 49
2 50
2 51
2 53
2 54
2 55
2 57
2 58
2 59
2 62
2 68
2 72
2 73
2 75
2 79
2 85
2 86
2 87
2 88
2 95
2 99
2 105
2 109
2 112
2 114
2 117
3 9
3 12
3 14
3 22
3 23
3 26
3 27
3 28
3 29
3 33
3 35
3 36
3 39
3 40
3 44
3 45
3 49
3 52
3 53
3 54
3 57
3 60
3 63
3 65
3 66
3 71
3 75
3 76
3 78
3 79
3 81
3 83
3 95
3 96
3 104
3 106
3 108
3 109
3 114
3 117
3 119
4 15
4 16
4 19
4 23
4 24
4 30
4 31
4 33
4 35
4 37
4 39
4 40
4 41
4 42
4 44
4 45
4 47
4 50
4 54
4 59
4 63
4 67
4 68
4 71
4 73
4 74
4 75
4 77
4 82
4 83
4 84
4 88
4 90
4 91
4 92
4 93
4 97
4 99
4 102
4 103
4 107
4 110
4 112
4 115
4 118
5 8
5 13
5 18
5 19
5 20
5 22
5 28
5 30
5 31
5 33
5 34
5 35
5 36
5 37
5 40
5 41
5 42
5 44
5 47
5 49
5 51
5 56
5 57
5 58
5 59
5 62
5 66
5 71
5 77
5 78
5 79
5 82
5 83
5 85
5 88
5 89
5 90
5 91
5 92
5 93
5 95
5 97
5 99
5 101
5 105
5 106
5 109
5 113
5 118
6 7
6 8
6 9
6 12
6 13
6 14
6 22
6 23
6 24
6 25
6 26
6 32
6 36
6 40
6 47
6 50
6 54
6 56
6 57
6 58
6 61
6 62
6 66
6 67
6 69
6 70
6 72
6 73
6 74
6 76
6 78
6 82
6 83
6 86
6 88
6 96
6 98
6 99
6 100
6 103
6 108
6 110
6 113
6 114
6 115
6 116
6 118
7 10
7 11
7 12
7 19
7 21
7 33
7 38
7 40
7 41
7 42
7 48
7 52
7 53
7 54
7 60
7 62
7 64
7 72
7 73
7 74
7 75
7 79
7 81
7 83
7 85
7 91
7 92
7 93
7 94
7 96
7 97
7 99
7 107
7 108
8 10
8 13
8 14
8 16
8 23
8 30
8 36
8 40
8 42
8 46
8 49
8 53
8 56
8 60
8 62
8 64
8 66
8 67
8 68
8 78
8 79
8 83
8 85
8 93
8 97
8 100
8 107
8 108
8 109
8 114
8 116
8 118
9 12
9 13
9 16
9 18
9 23
9 26
9 30
9 32
9 33
9 38
9 39
9 40
9 42
9 44
9 48
9 51
9 53
9 57
9 59
9 60
9 66
9 69
9 75
9 80
9 89
9 94
9 97
9 99
9 104
9 106
9 107
9 109
9 111
9 112
9 115
9 117
10 13
10 14
10 18
10 22
10 28
10 32
10 33
10 35
10 37
10 39
10 42
10 44
10 46
10 47
10 48
10 50
10 55
10 59
10 62
10 63
10 64
10 68
10 69
10 75
10 76
10 80
10 91
10 96
10 97
10 100
10 102
10 105
10 106
10 109
10 114
10 115
10 116
10 117
10 118
11 13
11 18
11 19
11 23
11 25
11 26
11 27
11 28
11 29
11 30
11 34
11 36
11 40
11 41
11 44
11 45
11 49
11 50
11 54
11 58
11 61
11 67
11 69
11 74
11 77
11 79
11 80
11 82
11 90
11 92
11 94
11 97
11 99
11 100
11 102
11 104
11 106
11 107
11 109
11 114
11 118
12 14
12 17
12 20
12 27
12 33
12 40
12 45
12 46
12 47
12 49
12 50
12 54
12 56
12 57
12 62
12 63
12 65
12 66
12 69
12 77
12 81
12 82
12 83
12 86
12 89
12 92
12 98
12 101
12 103
12 104
12 105
12 106
12 111
12 117
12 119
13 16
13 18
13 19
13 27
13 28
13 30
13 31
13 32
13 36
13 40
13 41
13 42
13 43
13 48
13 55
13 57
13 64
13 66
13 73
13 77
13 78
13 85
13 88
13 91
13 95
13 96
13 98
13 100
13 108
13 110
13 111
13 112
13 114
13 115
13 119
14 16
14 18
14 20
14 21
14 22
14 31
14 34
14 38
14 40
14 54
14 58
14 59
14 60
14 61
14 65
14 70
14 72
14 74
14 76
14 78
14 86
14 88
14 89
14 94
14 95
14 96
14 99
14 101
14 102
14 103
14 106
14 109
14 110
14 114
14 117
15 16
15 26
15 27
15 29
15 32
15 34
15 38
15 40
15 46
15 48
15 50
15 51
15 52
15 63
15 66
15 67
15 69
15 74
15 76
15 79
15 80
15 84
15 87
15 88
15 92
15 93
15 95
15 96
15 98
15 100
15 103
15 107
15 108
15 109
15 113
15 117
16 17
16 20
16 23
16 28
16 32
16 35
16 37
16 39
16 41
16 43
16 44
16 50
16 52
16 53
16 54
16 55
16 58
16 59
16 60
16 64
16 65
16 66
16 72
16 73
16 76
16 77
16 84
16 85
16 90
16 91
16 92
16 93
16 97
16 100
16 111
16 112
16 113
16 117
17 19
17 20
17 22
17 23
17 27
17 28
17 29
17 32
17 34
17 40
17 42
17 49
17 50
17 51
17 52
17 57
17 60
17 61
17 71
17 74
17 76
17 79
17 96
17 100
17 102
17 104
17 107
17 111
17 114
17 116
17 117
17 118
17 119
18 23
18 24
18 25
18 31
18 33
18 34
18 36
18 37
18 40
18 41
18 43
18 44
18 50
18 51
18 52
18 59
18 60
18 63
18 68
18 71
18 74
18 75
18 77
18 78
18 79
18 81
18 85
18 87
18 88
18 92
18 94
18 95
18 96
18 97
18 99
18 101
18 104
18 105
18 106
18 108
18 113
18 114
18 115
18 116
19 20
19 21
19 25
19 29
19 32
19 41
19 42
19 45
19 48
19 54
19 55
19 57
19 77
19 78
19 79
19 87
19 89
19 93
19 95
19 100
19 102
19 105
19 107
19 109
19 113
19 114
19 116
19 118
19 119
20 21
20 30
20 31
20 32
20 33
20 34
20 36
20 38
20 40
20 43
20 48
20 59
20 60
20 67
20 71
20 72
20 75
20 81
20 82
20 83
20 85
20 90
20 94
20 96
20 97
20 99
20 100
20 101
20 103
20 106
20 108
20 110
20 111
20 113
20 115
20 116
20 119
21 27
21 30
21 32
21 33
21 34
21 37
21 39
21 45
21 47
21 56
21 59
21 60
21 63
21 65
21 72
21 74
21 75
21 93
21 115
22 23
22 25
22 28
22 30
22 33
22 39
22 40
22 42
22 48
22 49
22 50
22 54
22 55
22 56
22 57
22 66
22 67
22 69
22 70
22 71
22 72
22 82
22 83
22 85
22 86
22 92
22 93
22 99
22 101
22 102
22 108
22 112
22 113
22 114
23 25
23 29
23 33
23 35
23 39
23 41
23 53
23 55
23 61
23 62
23 66
23 67
23 70
23 72
23 74
23 75
23 78
23 82
23 83
23 86
23 91
23 96
23 98
23 99
23 100
23 108
23 111
23 114
23 115
23 118
23 119
24 25
24 26
24 36
24 37
24 44
24 49
24 54
24 56
24 57
24 58
24 68
24 71
24 76
24 78
24 79
24 81
24 84
24 86
24 90
24 93
24 97
24 98
24 100
24 101
24 102
24 106
24 110
24 111
25 27
25 28
25 30
25 33
25 35
25 36
25 37
25 39
25 42
25 43
25 44
25 45
25 48
25 50
25 51
25 52
25 53
25 55
25 58
25 62
25 65
25 66
25 69
25 70
25 71
25 73
25 75
25 76
25 82
25 87
25 90
25 91
25 92
25 95
25 96
25 97
25 102
25 104
25 106
25 108
25 110
25 111
25 114
25 115
25 116
25 117
25 119
26 42
26 50
26 51
26 55
26 62
26 66
26 67
26 69
26 75
26 76
26 78
26 79
26 80
26 87
26 89
26 95
26 96
26 97
26 98
26 101
26 104
26 106
26 108
26 109
26 113
26 115
26 118
27 28
27 29
27 30
27 31
27 34
27 36
27 37
27 42
27 48
27 60
27 61
27 65
27 67
27 69
27 70
27 73
27 75
27 84
27 85
27 86
27 87
27 88
27 92
27 93
27 96
27 98
27 103
27 104
27 106
27 108
27 111
27 112
27 118
28 29
28 33
28 35
28 36
28 40
28 41
28 42
28 43
28 44
28 45
28 56
28 58
28 62
28 63
28 66
28 73
28 74
28 77
28 85
28 86
28 89
28 90
28 94
28 96
28 99
28 103
28 104
28 105
28 106
28 109
28 111
28 112
28 116
28 117
29 30
29 33
29 35
29 36
29 41
29 42
29 43
29 44
29 47
29 48
29 54
29 55
29 60
29 62
29 63
29 65
29 73
29 83
29 90
29 91
29 95
29 99
29 103
29 106
29 107
29 113
29 115
29 117
30 33
30 34
30 36
30 42
30 43
30 52
30 64
30 69
30 72
30 74
30 75
30 76
30 78
30 80
30 88
30 90
30 91
30 92
30 98
30 99
30 103
30 106
30 107
30 109
30 115
31 33
31 37
31 40
31 41
31 44
31 48
31 49
31 53
31 56
31 62
31 69
31 71
31 73
31 74
31 75
31 79
31 82
31 83
31 84
31 85
31 86
31 88
31 89
31 90
31 93
31 97
31 105
31 106
31 118
32 36
32 38
32 39
32 40
32 42
32 47
32 50
32 52
32 55
32 56
32 57
32 61
32 66
32 70
32 71
32 74
32 76
32 77
32 81
32 88
32 92
32 93
32 94
32 95
32 96
32 99
32 100
32 102
32 109
32 110
32 111
32 113
32 119
33 34
33 40
33 41
33 43
33 44
33 46
33 47
33 48
33 49
33 52
33 55
33 56
33 60
33 62
33 63
33 64
33 69
33 74
33 76
33 78
33 81
33 83
33 87
33 90
33 91
33 95
33 96
33 97
33 99
33 100
33 101
33 102
33 103
33 107
33 108
33 110
33 111
33 117
33 118
34 39
34 41
34 45
34 49
34 51
34 53
34 54
34 71
34 72
34 75
34 76
34 83
34 85
34 90
34 93
34 98
34 100
34 107
34 112
34 115
34 116
34 117
35 36
35 37
35 39
35 40
35 42
35 47
35 49
35 51
35 52
35 53
35 58
35 64
35 70
35 80
35 81
35 84
35 85
35 87
35 94
35 97
35 100
35 103
35 104
35 106
35 109
35 110
35 111
35 114
36 43
36 48
36 51
36 52
36 57
36 59
36 61
36 64
36 70
36 71
36 74
36 75
36 82
36 83
36 85
36 88
36 94
36 95
36 97
36 98
36 100
36 102
36 103
36 104
36 107
36 110
36 113
36 116
36 119
37 39
37 42
37 43
37 44
37 45
37 48
37 49
37 51
37 53
37 54
37 56
37 63
37 65
37 68
37 69
37 70
37 72
37 76
37 78
37 80
37 81
37 82
37 84
37 85
37 88
37 90
37 91
37 93
37 94
37 95
37 96
37 97
37 98
37 103
37 104
37 113
37 114
37 115
38 39
38 43
38 50
38 51
38 54
38 55
38 60
38 61
38 62
38 68
38 70
38 74
38 76
38 78
38 80
38 81
38 83
38 84
38 91
38 98
38 99
38 100
38 106
38 111
38 113
38 115
38 118
38 119
39 46
39 47
39 53
39 56
39 58
39 60
39 63
39 66
39 70
39 72
39 75
39 77
39 80
39 83
39 84
39 85
39 86
39 88
39 90
39 92
39 102
39 103
39 104
39 107
39 113
39 117
40 41
40 42
40 46
40 48
40 49
40 52
40 55
40 57
40 58
40 62
40 66
40 68
40 71
40 72
40 77
40 90
40 91
40 99
40 101
40 102
40 112
40 114
40 117
40 119
41 42
41 44
41 45
41 52
41 53
41 54
41 59
41 65
41 66
41 67
41 70
41 71
41 72
41 74
41 77
41 78
41 80
41 83
41 84
41 86
41 88
41 89
41 92
41 94
41 96
41 98
41 100
41 101
41 107
41 110
41 112
41 113
41 116
41 117
41 118
42 43
42 50
42 52
42 54
42 57
42 67
42 69
42 70
42 73
42 74
42 76
42 79
42 81
42 86
42 91
42 96
42 99
42 100
42 103
42 104
42 106
42 108
42 110
42 111
42 116
42 117
43 54
43 55
43 56
43 63
43 65
43 70
43 71
43 72
43 74
43 81
43 87
43 88
43 89
43 90
43 91
43 92
43 93
43 94
43 104
43 112
43 114
43 117
44 48
44 51
44 54
44 56
44 57
44 58
44 59
44 60
44 62
44 65
44 66
44 67
44 69
44 73
44 74
44 75
44 77
44 84
44 86
44 87
44 90
44 91
44 93
44 94
44 98
44 105
44 106
44 107
44 109
44 111
44 113
44 115
44 119
45 54
45 55
45 58
45 59
45 61
45 64
45 71
45 74
45 75
45 77
45 81
45 83
45 90
45 92
45 95
45 98
45 100
45 102
45 103
45 108
45 109
45 112
45 116
45 117
45 119
46 48
46 51
46 56
46 60
46 67
46 68
46 72
46 73
46 75
46 77
46 82
46 85
46 90
46 97
46 99
46 100
46 101
46 102
46 107
46 108
46 113
46 114
46 116
46 117
47 53
47 54
47 64
47 70
47 78
47 82
47 84
47 88
47 89
47 92
47 102
47 106
47 113
47 116
47 119
48 52
48 55
48 56
48 60
48 63
48 67
48 69
48 70
48 71
48 73
48 76
48 79
48 85
48 87
48 91
48 92
48 96
48 97
48 98
48 100
48 101
48 102
48 103
48 112
48 114
48 117
48 118
49 52
49 56
49 59
49 60
49 62
49 63
49 67
49 70
49 80
49 84
49 88
49 91
49 93
49 96
49 97
49 99
49 100
49 103
49 106
49 111
49 116
49 119
50 52
50 55
50 56
50 57
50 65
50 66
50 70
50 71
50 84
50 85
50 89
50 90
50 93
50 96
50 97
50 102
50 107
50 110
50 112
50 114
51 53
51 55
51 59
51 62
51 65
51 71
51 73
51 74
51 79
51 81
51 82
51 84
51 87
51 95
51 97
51 102
51 106
51 109
51 114
51 116
51 117
52 54
52 56
52 57
52 59
52 60
52 61
52 64
52 69
52 76
52 77
52 79
52 81
52 84
52 86
52 88
52 89
52 91
52 97
52 100
52 110
52 111
52 113
52 116
52 117
52 118
52 119
53 55
53 59
53 62
53 63
53 67
53 75
53 77
53 81
53 84
53 86
53 87
53 88
53 89
53 90
53 93
53 103
53 110
53 111
53 113
54 56
54 58
54 61
54 62
54 63
54 65
54 66
54 69
54 70
54 72
54 74
54 76
54 77
54 79
54 88
54 95
54 98
54 100
54 101
54 103
54 106
54 107
54 108
54 109
54 115
54 117
54 118
55 59
55 64
55 69
55 72
55 73
55 81
55 87
55 88
55 90
55 92
55 95
55 96
55 98
55 100
55 101
55 102
55 105
55 108
55 109
55 113
55 116
55 118
55 119
56 62
56 67
56 70
56 71
56 78
56 85
56 93
56 96
56 97
56 99
56 102
56 105
56 108
56 109
56 111
56 114
56 118
56 119
57 64
57 67
57 71
57 75
57 77
57 81
57 82
57 85
57 86
57 87
57 88
57 89
57 90
57 92
57 93
57 105
57 113
57 118
57 119
58 60
58 62
58 64
58 66
58 67
58 69
58 76
58 79
58 80
58 84
58 86
58 93
58 98
58 104
58 109
58 110
58 111
58 112
58 113
58 114
58 115
58 116
59 62
59 64
59 65
59 66
59 67
59 68
59 69
59 70
59 72
59 73
59 74
59 79
59 80
59 83
59 84
59 85
59 88
59 91
59 94
59 96
59 99
59 102
59 104
59 109
59 113
59 117
59 118
60 61
60 63
60 64
60 69
60 71
60 74
60 76
60 79
60 80
60 84
60 85
60 93
60 97
60 100
60 104
60 105
60 109
60 117
61 62
61 64
61 65
61 66
61 67
61 71
61 79
61 80
61 84
61 86
61 87
61 89
61 92
61 96
61 100
61 102
61 103
61 104
61 111
61 112
61 118
61 119
62 66
62 71
62 72
62 74
62 76
62 83
62 84
62 90
62 91
62 93
62 97
62 104
62 108
62 111
62 112
62 113
62 114
63 64
63 67
63 68
63 71
63 73
63 77
63 80
63 87
63 90
63 109
63 112
63 113
63 116
64 65
64 69
64 70
64 71
64 74
64 77
64 80
64 81
64 83
64 84
64 88
64 90
64 92
64 93
64 95
64 97
64 100
64 105
64 111
64 113
64 115
64 116
64 117
65 66
65 67
65 69
65 70
65 72
65 73
65 75
65 79
65 80
65 83
65 84
65 86
65 88
65 89
65 93
65 94
65 95
65 97
65 106
65 110
65 113
65 114
66 70
66 72
66 73
66 74
66 86
66 87
66 94
66 96
66 97
66 99
66 109
66 110
66 118
67 68
67 72
67 76
67 78
67 79
67 83
67 84
67 85
67 87
67 89
67 92
67 94
67 95
67 96
67 99
67 101
67 102
67 106
67 109
67 110
67 112
67 118
68 69
68 73
68 74
68 82
68 86
68 88
68 90
68 93
68 94
68 96
68 98
68 99
68 100
68 101
68 102
68 107
68 109
68 110
68 114
69 71
69 77
69 78
69 87
69 89
69 92
69 93
69 95
69 97
69 98
69 99
69 106
69 108
69 111
69 115
69 116
70 72
70 74
70 76
70 78
70 80
70 84
70 87
70 88
70 89
70 95
70 101
70 106
70 107
70 108
70 109
70 112
70 113
70 114
70 117
70 118
71 73
71 74
71 82
71 86
71 87
71 88
71 89
71 90
71 91
71 95
71 96
71 104
71 105
71 107
71 109
71 110
71 111
72 77
72 83
72 87
72 89
72 91
72 93
72 97
72 98
72 105
72 106
72 107
72 108
72 113
72 117
73 81
73 82
73 84
73 85
73 88
73 95
73 97
73 98
73 104
73 105
73 107
73 108
73 110
73 111
73 115
74 75
74 77
74 83
74 85
74 91
74 92
74 94
74 95
74 97
74 100
74 101
74 102
74 105
74 106
74 107
74 108
74 109
74 110
74 115
74 116
74 117
74 118
75 76
75 79
75 82
75 85
75 88
75 90
75 93
75 97
75 103
75 106
75 111
75 117
76 79
76 81
76 84
76 85
76 88
76 91
76 93
76 94
76 98
76 99
76 100
76 101
76 103
76 105
76 112
76 113
76 118
76 119
77 80
77 81
77 83
77 85
77 88
77 92
77 95
77 96
77 98
77 103
77 104
77 106
77 107
77 112
77 113
77 114
78 84
78 90
78 91
78 102
78 105
78 106
78 108
78 111
78 113
78 115
78 119
79 80
79 82
79 84
79 85
79 89
79 94
79 98
79 101
79 102
79 103
79 104
79 105
79 106
79 110
79 111
79 116
79 119
80 81
80 84
80 88
80 90
80 93
80 95
80 96
80 99
80 100
80 106
80 109
80 111
80 113
80 114
80 116
80 118
81 84
81 85
81 89
81 91
81 95
81 96
81 106
81 107
81 113
81 114
81 117
82 83
82 84
82 86
82 87
82 88
82 95
82 96
82 102
82 106
82 107
82 109
82 110
82 111
82 116
83 84
83 88
83 92
83 93
83 95
83 97
83 98
83 103
83 106
83 107
83 109
83 112
83 114
83 117
84 85
84 86
84 88
84 89
84 94
84 96
84 98
84 100
84 101
84 103
84 106
84 107
84 108
84 111
84 113
84 116
85 86
85 89
85 93
85 94
85 95
85 97
85 102
85 103
85 109
85 110
85 113
85 115
85 116
85 117
85 119
86 87
86 89
86 91
86 93
86 105
86 111
86 115
86 117
87 88
87 90
87 94
87 96
87 101
87 106
87 107
87 108
87 112
87 113
87 118
88 89
88 95
88 97
88 99
88 100
88 106
88 107
88 115
89 91
89 96
89 97
89 98
89 100
89 103
89 104
89 105
89 107
89 108
89 111
89 112
89 116
89 118
90 97
90 99
90 100
90 104
90 106
90 107
90 112
90 115
90 117
90 118
90 119
91 95
91 96
91 103
91 104
91 106
91 108
91 113
91 117
91 118
92 93
92 94
92 97
92 99
92 104
92 107
92 112
92 115
93 97
93 105
93 107
93 109
93 110
93 112
93 114
93 116
93 118
94 102
94 104
94 108
94 111
94 113
94 119
95 96
95 99
95 105
95 107
95 108
95 109
95 110
95 113
95 117
96 97
96 98
96 103
96 104
96 105
96 106
96 108
96 111
96 118
96 119
97 102
97 106
97 107
97 108
97 112
97 115
97 116
97 118
98 99
98 100
98 101
98 102
98 106
98 110
98 112
98 113
98 119
99 100
99 101
99 104
99 112
99 114
99 117
99 119
100 101
100 102
100 104
100 108
100 110
100 114
100 115
101 105
101 106
102 103
102 108
102 111
102 115
103 112
103 114
103 117
104 105
104 106
104 110
104 119
105 111
105 118
106 117
106 118
106 119
107 108
107 110
107 113
107 114
107 118
108 109
108 110
108 115
108 116
109 110
109 118
110 111
110 113
110 117
110 119
111 112
112 115
112 117
113 115
114 115
114 116
