0 67
0 68
0 72
0 76
0 82
0 89
0 93
0 101
0 104
0 113
0 115
0 119
1 61
1 85
1 96
1 97
1 105
1 108
1 112
1 113
1 117
2 73
2 74
2 79
2 82
2 83
2 90
2 98
2 100
2 117
3 69
3 70
3 71
3 72
3 86
3 87
3 95
3 97
3 104
3 107
3 108
3 113
4 63
4 68
4 87
4 94
4 101
4 104
4 105
4 114
4 116
5 60
5 64
5 71
5 74
5 75
5 82
5 83
5 88
5 90
5 95
5 97
5 99
5 118
6 60
6 65
6 80
6 96
6 105
6 107
6 108
7 63
7 92
7 108
7 112
7 119
8 65
8 66
8 77
8 86
8 93
8 96
8 107
8 108
8 119
9 69
9 81
9 92
9 103
9 115
10 72
10 74
10 78
10 87
10 94
10 104
10 105
10 108
10 117
11 65
11 68
11 73
11 76
11 90
11 91
11 111
11 117
11 118
12 60
12 64
12 68
12 69
12 75
12 90
12 93
12 104
12 107
12 112
12 116
13 64
13 69
13 76
13 81
13 83
13 89
13 91
13 100
13 105
13 112
14 65
14 69
14 80
14 101
14 109
15 85
15 92
15 93
15 100
15 110
15 113
15 115
15 117
16 63
16 79
16 84
16 96
16 110
17 60
17 66
17 73
17 75
17 77
17 80
17 86
17 89
17 90
17 91
17 96
17 106
17 107
17 111
17 117
18 62
18 64
18 73
18 75
18 76
18 94
18 97
18 98
18 99
18 105
18 110
18 117
19 64
19 65
19 71
19 76
19 85
19 89
19 90
19 105
20 67
20 70
20 72
20 81
20 82
20 83
20 87
21 60
21 63
21 70
21 79
21 83
21 91
21 96
21 98
21 110
21 114
21 119
22 67
22 76
22 81
22 82
22 95
22 105
22 116
23 63
23 73
23 77
23 81
23 104
23 111
24 62
24 68
24 70
24 82
24 84
24 86
24 100
24 102
24 109
24 114
24 117
25 75
25 76
25 78
25 80
25 96
25 99
25 100
25 101
26 66
26 76
26 77
26 80
26 88
26 92
26 94
26 104
26 106
26 110
26 113
26 114
27 72
27 73
27 89
27 94
27 95
27 105
27 117
28 60
28 79
28 80
28 89
28 99
28 107
28 112
28 119
29 80
29 92
29 96
29 97
29 107
29 109
29 116
30 60
30 70
30 80
30 84
30 105
30 118
31 65
31 71
31 75
31 79
31 85
31 96
31 103
31 117
32 63
32 70
32 77
32 89
32 115
32 116
32 117
33 67
33 73
33 84
33 85
33 86
33 90
33 93
33 109
33 114
33 115
33 118
34 62
34 64
34 71
34 77
34 84
34 109
34 113
34 118
35 69
35 70
35 84
35 94
35 100
35 112
35 114
36 61
36 66
36 69
36 72
36 77
36 91
36 109
36 113
36 118
36 119
37 62
37 79
37 83
37 86
37 88
37 98
37 102
38 69
38 83
38 98
38 100
38 104
39 64
39 67
39 72
39 75
39 89
39 94
39 96
39 110
39 113
39 115
39 118
40 60
40 66
40 68
40 69
40 74
40 82
40 88
40 89
40 99
40 100
40 106
41 64
41 71
41 77
41 79
41 82
41 93
41 95
41 99
41 106
41 118
42 60
42 62
42 76
42 80
42 83
42 89
42 93
43 64
43 84
43 86
43 94
43 108
43 114
44 74
44 75
44 85
44 86
44 88
44 91
44 92
44 95
44 98
45 67
45 75
45 86
45 95
45 100
45 102
45 106
45 114
45 119
46 74
46 88
46 94
46 101
46 103
46 107
46 111
46 112
46 113
46 115
47 82
47 98
47 102
47 103
47 112
47 114
48 72
48 77
48 82
48 85
48 88
48 100
48 103
48 107
49 61
49 67
49 75
49 76
49 81
49 85
49 99
49 100
49 116
50 81
50 84
50 88
50 104
50 116
51 70
51 76
51 82
51 84
51 99
51 103
51 112
52 61
52 68
52 70
52 84
52 101
52 109
52 118
53 61
53 64
53 67
53 71
53 79
53 88
53 97
53 102
53 116
54 64
54 65
54 69
54 74
54 79
54 80
54 85
54 87
54 88
54 100
54 107
54 109
54 118
55 61
55 63
55 64
55 69
55 105
55 107
55 108
56 75
56 87
56 93
56 107
56 115
56 118
57 60
57 75
57 79
57 90
57 93
57 100
58 60
58 68
58 69
58 70
58 80
58 90
58 91
58 111
58 114
59 66
59 72
59 81
59 82
59 86
59 90
59 91
59 99
59 105
59 107
59 118
