0 1
0 44
0 110
0 81
1 69
1 110
1 7
2 3
2 98
2 83
2 8
3 47
3 82
3 59
4 5
4 22
4 19
4 13
5 36
5 86
5 112
6 7
6 109
6 90
6 46
7 102
7 21
8 9
8 46
8 52
9 57
9 96
9 47
10 11
10 116
10 24
10 33
11 52
11 54
11 85
12 13
12 47
12 37
12 40
13 63
13 103
14 15
14 33
14 34
14 101
15 22
15 68
15 89
16 17
16 58
16 85
16 72
17 27
17 92
17 56
18 19
18 67
18 81
18 104
19 35
19 107
20 21
20 38
20 61
20 76
21 90
21 119
22 28
22 91
23 24
23 61
23 70
23 80
24 53
24 88
25 26
25 41
25 33
25 117
26 42
26 62
26 118
27 37
27 29
27 114
28 91
28 76
28 115
29 30
29 74
29 107
30 39
30 99
30 84
31 32
31 109
31 101
31 117
32 108
32 95
32 85
33 110
34 35
34 56
34 115
35 87
35 105
36 55
36 94
36 57
37 38
37 117
38 67
38 119
39 40
39 100
39 59
40 43
40 66
41 88
41 114
41 116
42 49
42 81
42 45
43 44
43 86
43 95
44 73
44 111
45 46
45 55
45 99
46 92
47 51
48 49
48 51
48 56
48 97
49 74
49 119
50 51
50 79
50 113
50 73
51 112
52 61
52 93
53 54
53 60
53 79
54 65
54 82
55 56
55 78
57 93
57 114
58 59
58 88
58 118
59 103
60 73
60 75
60 116
61 92
62 114
62 83
62 72
63 66
63 77
63 71
64 65
64 83
64 103
64 75
65 86
65 99
66 71
66 115
67 97
67 98
68 94
68 95
68 99
69 77
69 119
69 113
70 83
70 111
70 86
71 93
71 100
72 73
72 74
74 117
75 76
75 118
76 104
77 78
77 107
78 94
78 100
79 80
79 95
80 91
80 108
81 88
82 102
82 96
84 85
84 98
84 106
87 100
87 96
87 111
89 90
89 97
89 101
90 111
91 108
92 106
93 105
94 109
96 101
97 118
98 115
102 113
102 116
103 106
104 105
104 113
105 112
106 107
108 109
110 112
