0 1
0 2
0 3
0 4
0 5
0 8
0 30
0 45
0 58
0 62
0 64
0 65
0 75
0 80
0 91
0 92
1 3
1 5
1 10
1 11
1 14
1 17
1 34
1 38
1 55
1 75
1 81
1 83
1 109
1 111
2 4
2 6
2 7
2 15
2 49
3 12
3 13
3 20
3 22
3 23
3 26
3 33
3 37
3 53
3 68
3 79
3 98
3 105
3 114
4 9
4 59
5 6
5 8
5 13
5 18
5 21
5 24
5 30
5 59
5 84
6 7
6 14
6 21
6 25
6 40
6 86
6 95
6 101
6 112
7 16
7 41
7 46
8 9
8 10
8 12
8 15
8 17
8 19
8 22
8 23
8 25
8 32
8 34
8 38
8 52
8 55
8 60
8 64
8 70
8 71
8 72
8 85
8 88
8 92
8 93
8 116
8 118
9 19
9 62
10 11
10 24
10 27
10 28
10 29
10 31
10 32
10 33
10 35
10 37
10 44
10 46
10 54
10 56
10 61
10 68
10 81
10 83
10 90
11 77
11 101
12 70
12 106
13 69
13 74
14 99
15 16
15 18
15 20
15 27
15 28
15 50
15 51
15 89
15 113
17 35
17 36
17 49
17 86
17 100
18 67
18 77
18 82
18 95
19 42
19 87
19 99
19 103
19 104
22 36
22 44
22 52
22 56
23 29
23 50
23 53
23 57
23 76
23 94
23 108
24 26
24 31
24 39
24 43
24 45
24 48
24 65
24 69
24 115
25 43
27 41
27 66
27 73
28 39
29 98
29 100
30 40
30 78
31 73
33 51
33 84
33 88
33 102
33 104
33 106
34 42
34 60
34 85
38 54
39 117
40 67
40 113
40 115
42 47
44 47
45 57
45 80
46 48
46 94
46 102
46 118
49 71
50 58
50 87
50 93
52 72
54 96
55 61
55 63
56 63
56 66
56 74
56 76
56 82
56 91
56 103
58 79
58 97
69 90
69 110
72 107
77 78
78 107
78 108
79 109
79 114
80 96
84 105
84 117
88 89
89 97
97 116
101 110
101 112
103 119
110 111
116 119
