0 31
0 48
0 49
0 57
0 75
0 90
0 99
0 111
1 2
1 35
1 46
1 98
1 104
1 112
2 7
2 23
2 28
2 33
2 55
2 63
2 89
2 92
2 109
3 11
3 27
3 30
3 32
3 34
3 35
3 64
3 71
3 81
3 83
3 85
3 89
3 96
3 117
4 6
4 7
4 16
4 17
4 22
4 23
4 40
4 45
4 47
4 68
4 82
4 86
4 100
4 108
4 110
5 27
5 46
5 66
5 67
5 78
5 88
5 110
6 7
6 15
6 18
6 30
6 38
6 41
6 51
6 52
6 61
6 69
6 74
6 87
6 95
6 96
6 107
6 116
7 10
7 15
7 38
7 52
7 74
7 78
7 104
7 106
7 118
8 21
8 25
8 27
8 54
8 56
8 62
8 64
8 78
8 81
8 88
8 89
9 10
9 15
9 37
9 46
9 49
9 55
9 72
9 78
9 82
9 102
10 14
10 23
10 41
10 55
10 66
10 73
10 84
10 96
10 114
11 15
11 35
11 40
11 53
11 66
11 70
11 85
11 96
11 110
11 115
12 26
12 36
12 43
12 58
12 65
12 102
12 104
12 107
13 15
13 20
13 31
13 47
13 54
13 86
14 34
14 35
14 59
14 62
14 64
14 66
14 78
14 86
14 118
15 27
15 44
15 59
15 88
15 98
15 101
15 102
15 115
16 33
16 40
16 56
16 64
16 65
16 75
16 76
16 78
16 83
16 84
16 90
16 97
16 102
17 19
17 33
17 45
17 47
17 53
17 56
17 69
17 79
17 81
17 87
17 96
17 97
17 109
18 42
18 45
18 58
18 60
18 61
18 64
18 70
18 78
18 80
18 82
18 87
18 111
19 28
19 38
19 50
19 56
19 61
19 64
19 77
19 81
19 88
19 110
20 27
20 39
20 40
20 59
20 61
20 64
20 69
20 78
20 106
20 111
21 58
21 61
21 85
21 94
21 99
21 117
22 24
22 26
22 28
22 33
22 46
22 48
22 57
22 65
22 94
22 117
23 33
23 35
23 36
23 37
23 38
23 40
23 43
23 44
23 60
23 79
23 96
23 98
23 106
23 118
24 27
24 34
24 43
24 46
24 82
24 99
24 113
25 55
25 60
25 96
25 101
25 105
25 113
26 35
26 36
26 44
26 45
26 62
26 79
26 86
26 104
26 111
27 29
27 36
27 60
27 67
27 68
27 74
27 77
27 100
28 72
28 75
28 90
28 101
28 107
28 114
28 116
29 42
29 59
29 67
29 94
29 106
29 111
30 54
30 66
30 69
30 77
30 82
30 111
31 41
31 42
31 51
31 55
31 71
31 73
31 74
31 76
31 79
31 83
31 87
31 91
32 46
32 59
32 93
32 94
32 95
32 101
32 116
33 77
33 80
33 101
34 36
34 47
34 49
34 65
34 70
34 97
34 109
35 37
35 45
35 52
35 53
35 58
35 59
35 77
35 104
35 111
35 115
35 117
35 118
36 43
36 53
36 63
36 82
36 97
37 43
37 50
37 91
37 94
37 112
37 113
38 66
38 74
38 116
39 57
39 59
39 79
39 88
39 92
40 43
40 47
40 63
40 94
40 100
40 110
41 74
41 82
41 97
41 113
42 56
42 90
42 95
42 102
42 119
43 50
43 109
43 112
43 113
44 52
44 76
44 78
44 109
45 51
45 55
45 61
45 71
45 84
45 98
45 111
46 48
46 56
46 63
46 66
46 67
46 84
46 90
46 96
46 104
46 106
46 109
46 110
46 112
46 117
46 118
47 91
47 113
47 117
48 76
48 84
48 89
48 92
48 93
48 94
49 61
49 78
49 114
49 115
50 58
50 84
50 85
50 87
50 105
50 110
51 60
51 67
51 76
51 87
51 93
51 101
51 118
52 61
52 75
52 83
52 89
52 94
52 103
53 56
53 62
53 66
53 83
53 85
53 102
53 106
53 107
53 110
54 60
54 74
54 76
54 78
54 97
54 99
54 108
54 115
55 60
55 89
55 94
55 97
55 110
55 111
55 117
56 82
56 91
57 59
57 70
57 77
57 95
57 100
57 101
58 63
58 79
58 85
58 104
58 111
59 61
59 86
59 89
59 96
59 102
59 108
60 65
60 66
60 70
60 87
60 117
61 67
61 68
61 77
61 92
61 110
62 82
62 118
63 71
63 103
64 69
64 108
64 117
64 119
65 104
65 119
66 85
66 101
66 102
66 107
67 70
67 94
67 105
68 75
68 79
68 87
68 102
68 104
68 111
70 75
70 77
70 91
71 85
71 98
71 102
72 83
72 109
72 115
73 74
73 79
73 82
73 84
73 92
73 101
73 102
73 110
73 114
73 118
74 110
74 113
75 87
75 97
76 83
76 98
76 117
77 82
77 84
77 87
77 88
77 104
77 109
77 113
78 87
78 90
78 107
78 114
80 112
81 82
81 89
81 92
81 99
81 113
81 115
82 90
82 94
82 97
82 116
82 117
82 118
82 119
83 91
83 96
83 100
83 108
83 119
84 89
84 97
84 102
85 91
85 94
85 105
85 107
85 114
86 89
86 104
86 108
86 118
87 98
88 91
88 95
88 101
88 104
88 105
89 105
89 118
90 103
90 110
91 119
92 109
93 112
94 98
94 107
95 117
96 115
96 118
97 112
98 105
98 117
99 101
99 113
100 118
100 119
101 116
103 107
104 105
107 116
108 110
108 115
111 115
112 119
113 114
