0 1
0 3
0 95
0 47
0 43
0 87
0 31
0 114
1 59
1 78
1 98
1 119
1 111
1 110
1 7
2 3
2 71
2 95
2 99
2 6
2 82
2 86
2 49
3 82
3 95
3 51
3 96
3 64
3 86
4 5
4 88
4 95
4 89
4 80
4 29
4 28
4 85
5 6
5 76
5 78
5 68
5 45
5 61
5 90
6 7
6 77
6 57
6 61
6 94
6 56
7 63
7 95
7 110
7 118
7 97
7 117
8 9
8 44
8 93
8 103
8 84
8 82
8 90
8 118
9 93
9 70
9 55
9 112
9 89
9 116
9 56
10 11
10 30
10 69
10 108
10 45
10 107
10 79
10 53
11 88
11 42
11 44
11 12
11 14
11 119
11 30
12 13
12 35
12 97
12 53
12 54
12 109
12 62
13 94
13 64
13 52
13 105
13 24
13 93
13 41
14 15
14 99
14 105
14 106
14 64
14 18
14 101
15 36
15 85
15 31
15 89
15 81
15 50
15 91
16 17
16 71
16 84
16 105
16 67
16 61
16 66
16 102
17 100
17 91
17 109
17 119
17 31
17 32
17 99
18 19
18 102
18 110
18 67
18 113
18 94
18 100
19 59
19 34
19 83
19 23
19 101
19 77
19 54
20 21
20 65
20 116
20 51
20 63
20 31
20 39
20 92
21 60
21 104
21 117
21 49
21 108
21 43
21 78
22 23
22 64
22 76
22 65
22 30
22 24
22 51
22 93
23 80
23 81
23 42
23 91
23 113
23 101
24 25
24 33
24 71
24 113
24 37
24 106
25 63
25 56
25 117
25 70
25 41
25 51
25 75
26 27
26 39
26 52
26 77
26 111
26 41
26 47
26 118
27 32
27 50
27 48
27 28
27 43
27 103
27 65
28 29
28 50
28 106
28 102
28 70
28 68
29 86
29 114
29 65
29 55
29 51
29 63
30 31
30 91
30 74
30 49
30 72
31 42
31 73
31 83
32 75
32 84
32 35
32 40
32 51
32 43
33 34
33 58
33 90
33 77
33 96
33 71
33 78
34 89
34 110
34 118
34 97
34 35
34 42
35 36
35 63
35 80
35 93
35 79
36 49
36 58
36 39
36 66
36 88
36 111
37 38
37 81
37 73
37 52
37 68
37 115
37 45
38 72
38 104
38 91
38 74
38 116
38 46
38 39
39 111
39 57
39 62
39 80
40 41
40 75
40 81
40 65
40 63
40 102
40 92
41 107
41 45
41 73
41 65
42 43
42 87
42 100
42 83
43 67
43 112
43 44
44 79
44 78
44 116
44 119
44 94
45 46
45 47
45 50
45 64
46 76
46 52
46 79
46 88
46 56
46 102
47 48
47 69
47 112
47 61
47 87
48 59
48 64
48 99
48 58
48 118
48 114
49 75
49 55
49 119
49 100
50 51
50 87
50 72
50 115
51 72
52 53
52 96
52 115
52 107
53 64
53 96
53 109
53 115
53 70
54 55
54 110
54 117
54 91
54 113
54 103
55 113
55 71
55 82
55 101
56 57
56 73
56 80
56 87
57 75
57 82
57 119
57 114
57 68
58 59
58 64
58 98
58 85
58 92
59 60
59 88
59 100
59 85
60 84
60 83
60 101
60 103
60 79
60 108
61 62
61 106
61 98
61 72
62 76
62 83
62 115
62 104
62 78
63 91
63 89
65 66
65 118
66 102
66 101
66 83
66 99
66 96
67 68
67 77
67 109
67 72
67 94
68 98
68 76
68 108
69 70
69 85
69 73
69 98
69 101
69 111
70 104
70 109
70 112
71 103
71 74
71 75
72 119
72 110
73 74
73 90
73 75
74 92
74 97
74 77
74 82
75 79
76 115
76 117
76 114
77 98
77 93
78 81
78 86
79 99
79 105
80 89
80 104
80 91
81 92
81 117
81 96
82 107
82 98
83 84
83 116
84 85
84 106
84 107
85 86
85 108
86 87
86 97
86 107
87 88
87 95
88 95
88 110
89 99
89 118
90 97
90 107
90 92
90 94
92 100
92 98
93 100
93 113
94 105
94 102
95 109
96 114
96 107
97 108
97 115
99 108
100 119
101 105
102 104
103 116
103 105
103 106
104 112
104 115
105 112
106 116
106 118
108 113
109 111
109 112
110 116
111 117
111 112
113 114
114 117
