0 3
0 22
0 73
0 96
0 100
0 118
1 20
1 22
1 63
1 66
1 72
1 104
1 114
2 9
2 18
2 27
2 49
2 54
2 60
2 64
2 73
2 75
2 76
2 100
2 101
2 103
2 108
2 113
3 7
3 13
3 16
3 22
3 52
3 54
3 87
3 90
3 95
3 111
3 115
3 117
4 7
4 15
4 26
4 28
4 42
4 43
4 58
4 83
4 110
5 9
5 13
5 15
5 36
5 37
5 38
5 51
5 89
5 90
6 39
6 53
6 54
6 76
6 87
6 99
7 8
7 27
7 37
7 85
8 11
8 12
8 31
8 34
8 59
8 76
8 102
8 103
9 22
9 30
9 48
9 52
9 82
9 96
9 100
9 105
10 43
10 52
10 60
10 65
10 74
10 77
10 98
10 104
10 106
10 111
11 43
11 46
11 48
11 87
11 119
12 23
12 35
12 40
12 59
12 61
12 103
12 118
13 56
13 61
13 66
13 75
13 106
14 25
14 33
14 74
14 100
14 109
14 111
14 113
15 26
15 28
15 60
15 98
15 114
16 23
16 32
16 47
16 61
16 64
16 69
16 76
16 78
16 104
16 110
16 113
17 21
17 43
17 49
17 54
17 65
17 74
17 119
18 37
18 38
18 46
18 54
18 74
18 84
18 113
19 24
19 28
19 30
19 44
19 58
19 70
19 76
19 83
19 89
19 96
19 104
20 27
20 32
20 38
20 41
20 69
20 79
20 88
21 35
21 51
21 58
21 70
21 73
21 89
21 108
21 113
21 116
21 119
22 31
22 36
22 40
22 55
22 57
22 80
22 91
22 94
22 96
22 111
23 28
23 72
23 79
23 118
24 32
24 43
24 47
24 68
24 78
24 84
24 104
24 108
25 29
25 38
25 47
25 54
25 61
25 80
25 118
26 32
26 40
26 46
26 93
26 96
26 111
27 41
27 49
27 52
27 73
27 83
27 91
27 96
27 116
27 119
28 35
28 38
28 44
28 51
28 62
28 78
28 80
28 94
28 99
28 100
28 115
29 35
29 52
29 56
29 68
29 69
29 71
29 83
29 90
30 39
30 44
30 63
30 70
30 75
30 90
30 93
31 32
31 56
31 62
31 68
31 72
31 76
32 53
32 77
32 88
32 96
32 101
32 102
32 108
32 109
32 111
33 35
33 48
33 50
33 52
33 68
33 102
33 110
34 36
34 40
34 56
34 60
34 82
34 115
35 43
35 46
35 72
35 76
35 104
36 41
36 47
36 49
36 108
37 51
37 53
37 62
37 71
37 79
37 118
38 79
38 95
38 101
38 102
38 116
39 45
39 47
39 54
39 64
39 67
39 73
39 76
39 79
39 98
39 108
40 64
40 82
40 89
40 96
41 50
41 57
41 77
41 94
41 111
42 43
42 50
42 59
42 67
42 73
42 75
42 88
42 99
42 114
43 53
43 56
43 57
43 81
43 85
43 111
43 113
43 116
44 54
44 71
44 72
44 78
44 84
44 100
44 117
45 46
45 49
45 58
45 68
45 78
45 93
45 97
45 104
46 57
46 67
46 87
46 90
46 97
46 101
47 55
47 72
47 73
47 82
47 85
47 102
47 103
47 112
48 67
48 69
48 73
48 77
48 83
48 88
48 94
48 110
49 71
49 82
49 91
49 109
49 117
50 51
50 68
50 80
50 88
50 90
50 92
50 100
50 106
50 108
50 113
51 54
51 73
51 74
51 99
51 103
52 64
52 65
52 71
52 91
52 97
52 99
52 104
53 63
53 76
53 95
53 101
53 104
53 110
54 72
54 81
54 85
54 103
55 66
55 96
55 104
55 119
56 81
56 84
56 96
56 106
56 110
56 111
57 75
57 97
57 99
57 106
57 113
57 114
58 67
58 84
58 105
59 91
59 98
59 109
59 110
60 64
60 74
60 77
60 78
60 97
60 106
60 110
61 74
61 86
61 96
61 109
61 113
61 116
62 63
62 68
62 70
62 83
62 91
62 94
62 103
62 107
62 118
63 95
63 116
64 84
64 86
64 98
64 101
64 117
65 71
65 94
65 98
65 107
66 78
66 91
66 92
66 94
66 100
67 68
67 97
67 113
68 76
68 82
68 87
68 100
68 119
69 78
69 95
69 103
69 114
70 90
70 92
70 108
71 89
72 114
72 115
72 117
73 75
73 94
73 106
73 113
74 91
74 96
74 98
74 104
75 97
75 101
76 82
76 83
76 87
76 94
76 96
77 80
78 84
78 92
78 101
79 93
79 105
79 108
79 110
79 111
80 107
80 110
80 115
81 99
81 100
82 98
82 101
82 106
84 88
84 106
85 90
85 92
85 102
85 103
85 106
86 109
87 89
89 90
89 110
89 111
90 94
90 106
91 100
91 115
91 117
92 99
93 101
93 116
94 101
94 103
94 111
95 96
95 104
95 111
95 113
96 97
96 110
96 111
96 113
97 105
97 115
98 99
98 103
98 105
99 104
99 107
99 111
99 115
102 116
102 119
103 105
103 112
104 109
104 112
105 108
105 109
105 113
106 114
106 115
106 117
107 108
107 116
107 119
109 117
111 118
112 115
113 116
114 117
115 116
115 118
