0 1
0 4
0 5
0 6
0 13
0 18
0 20
0 24
0 29
0 33
0 34
0 36
0 38
0 40
0 45
0 48
0 52
0 55
0 63
0 65
0 66
0 69
0 73
0 79
0 81
0 83
0 84
0 89
0 90
0 93
0 98
0 101
0 102
0 103
0 106
0 107
0 111
0 115
0 117
0 119
1 5
1 7
1 11
1 14
1 16
1 17
1 19
1 20
1 22
1 23
1 25
1 26
1 29
1 32
1 34
1 35
1 37
1 43
1 60
1 63
1 72
1 73
1 74
1 76
1 78
1 82
1 84
1 85
1 86
1 92
1 93
1 94
1 98
1 104
1 106
1 108
1 113
1 115
2 5
2 18
2 20
2 24
2 26
2 27
2 32
2 34
2 35
2 38
2 39
2 42
2 43
2 44
2 45
2 46
2 50
2 51
2 52
2 55
2 56
2 57
2 58
2 59
2 60
2 69
2 71
2 73
2 75
2 82
2 84
2 85
2 86
2 87
2 89
2 93
2 94
2 96
2 102
2 109
2 112
2 113
2 114
2 119
3 4
3 6
3 8
3 16
3 23
3 24
3 26
3 29
3 32
3 34
3 36
3 38
3 41
3 48
3 49
3 50
3 52
3 56
3 57
3 59
3 61
3 63
3 66
3 67
3 69
3 71
3 74
3 75
3 78
3 79
3 84
3 86
3 87
3 89
3 93
3 95
3 97
3 104
3 105
3 111
3 118
3 119
4 9
4 11
4 12
4 13
4 14
4 15
4 24
4 30
4 31
4 32
4 48
4 51
4 54
4 56
4 58
4 62
4 68
4 69
4 74
4 77
4 78
4 80
4 81
4 84
4 86
4 89
4 90
4 91
4 95
4 99
4 103
4 107
4 115
4 116
4 117
5 8
5 11
5 12
5 15
5 17
5 20
5 22
5 23
5 27
5 32
5 35
5 38
5 40
5 42
5 46
5 47
5 50
5 51
5 54
5 56
5 57
5 61
5 64
5 67
5 69
5 70
5 72
5 77
5 79
5 82
5 83
5 88
5 92
5 95
5 106
5 108
5 109
5 111
5 112
5 114
5 115
5 119
6 7
6 8
6 12
6 16
6 21
6 25
6 29
6 31
6 33
6 34
6 35
6 37
6 40
6 41
6 43
6 47
6 48
6 50
6 51
6 53
6 54
6 57
6 59
6 63
6 64
6 65
6 67
6 68
6 72
6 79
6 83
6 86
6 87
6 88
6 90
6 93
6 102
6 103
6 109
6 110
6 112
6 113
6 115
6 116
6 117
6 119
7 9
7 16
7 19
7 20
7 21
7 27
7 28
7 29
7 33
7 41
7 42
7 49
7 52
7 53
7 58
7 59
7 60
7 67
7 74
7 82
7 83
7 84
7 85
7 86
7 90
7 91
7 92
7 94
7 97
7 98
7 99
7 101
7 105
7 106
7 108
7 111
7 112
7 115
7 117
8 9
8 10
8 12
8 13
8 14
8 15
8 16
8 17
8 18
8 23
8 25
8 27
8 37
8 39
8 45
8 47
8 51
8 54
8 55
8 56
8 61
8 67
8 69
8 70
8 76
8 77
8 78
8 83
8 92
8 93
8 98
8 99
8 104
8 105
8 106
8 108
8 112
8 114
8 116
8 117
8 119
9 13
9 15
9 19
9 24
9 25
9 28
9 29
9 30
9 32
9 39
9 41
9 43
9 45
9 46
9 48
9 50
9 51
9 53
9 55
9 60
9 64
9 65
9 67
9 69
9 73
9 74
9 76
9 78
9 79
9 80
9 82
9 89
9 90
9 92
9 93
9 94
9 101
9 103
9 105
9 107
9 108
9 109
9 112
9 115
9 118
10 13
10 14
10 22
10 25
10 30
10 32
10 34
10 40
10 44
10 47
10 49
10 50
10 52
10 54
10 56
10 58
10 61
10 64
10 69
10 70
10 77
10 79
10 80
10 81
10 88
10 91
10 93
10 94
10 96
10 103
10 114
10 115
10 117
11 12
11 13
11 15
11 16
11 19
11 22
11 23
11 26
11 27
11 30
11 31
11 34
11 35
11 37
11 41
11 45
11 46
11 48
11 51
11 56
11 57
11 64
11 71
11 72
11 73
11 75
11 76
11 82
11 90
11 94
11 95
11 96
11 103
11 105
11 109
11 110
11 111
11 112
11 118
12 20
12 21
12 26
12 32
12 44
12 46
12 52
12 53
12 54
12 55
12 56
12 57
12 63
12 65
12 67
12 68
12 69
12 71
12 72
12 75
12 78
12 80
12 88
12 89
12 98
12 99
12 102
12 104
12 106
12 113
12 118
12 119
13 16
13 22
13 23
13 26
13 28
13 44
13 45
13 48
13 51
13 54
13 57
13 58
13 59
13 64
13 65
13 67
13 75
13 79
13 81
13 87
13 90
13 93
13 98
13 100
13 103
13 106
13 113
13 116
14 16
14 19
14 21
14 24
14 25
14 26
14 28
14 30
14 31
14 32
14 34
14 36
14 40
14 43
14 47
14 48
14 49
14 52
14 55
14 58
14 62
14 65
14 66
14 68
14 69
14 70
14 76
14 77
14 81
14 86
14 89
14 92
14 96
14 97
14 99
14 108
14 111
14 112
14 113
14 114
14 115
14 116
15 24
15 28
15 32
15 33
15 34
15 41
15 42
15 44
15 46
15 49
15 50
15 51
15 56
15 57
15 58
15 59
15 60
15 65
15 66
15 68
15 69
15 71
15 74
15 77
15 82
15 84
15 85
15 89
15 92
15 107
15 111
15 112
15 119
16 17
16 18
16 19
16 25
16 27
16 29
16 30
16 32
16 33
16 34
16 35
16 36
16 38
16 43
16 49
16 51
16 52
16 53
16 55
16 56
16 57
16 60
16 61
16 67
16 70
16 75
16 78
16 84
16 89
16 97
16 98
16 100
16 102
16 103
16 106
16 110
16 111
16 113
16 115
16 117
17 19
17 22
17 23
17 24
17 26
17 30
17 32
17 35
17 38
17 39
17 40
17 44
17 47
17 49
17 54
17 55
17 56
17 59
17 61
17 66
17 69
17 77
17 79
17 85
17 97
17 109
17 112
17 115
17 116
17 117
17 118
17 119
18 24
18 25
18 32
18 34
18 35
18 37
18 38
18 39
18 43
18 46
18 48
18 49
18 51
18 52
18 62
18 63
18 67
18 68
18 70
18 73
18 77
18 80
18 86
18 88
18 89
18 92
18 94
18 95
18 97
18 98
18 101
18 107
18 108
18 111
18 113
18 117
18 118
19 21
19 24
19 26
19 27
19 28
19 29
19 30
19 35
19 37
19 40
19 44
19 45
19 47
19 48
19 50
19 51
19 53
19 54
19 55
19 63
19 65
19 66
19 67
19 69
19 73
19 76
19 78
19 81
19 84
19 85
19 103
19 104
19 105
19 109
19 111
19 112
19 113
19 116
20 30
20 34
20 35
20 38
20 42
20 43
20 50
20 53
20 59
20 61
20 62
20 71
20 72
20 74
20 76
20 77
20 79
20 80
20 81
20 83
20 86
20 89
20 90
20 94
20 96
20 104
20 108
20 109
20 111
20 113
20 118
21 23
21 24
21 25
21 26
21 29
21 31
21 34
21 35
21 36
21 37
21 40
21 50
21 52
21 56
21 57
21 59
21 61
21 65
21 66
21 69
21 70
21 74
21 76
21 77
21 79
21 80
21 81
21 85
21 90
21 94
21 95
21 96
21 101
21 104
21 105
21 110
21 111
21 114
22 25
22 27
22 28
22 32
22 35
22 37
22 39
22 40
22 43
22 46
22 47
22 50
22 54
22 56
22 60
22 64
22 72
22 74
22 75
22 77
22 78
22 82
22 88
22 89
22 93
22 95
22 100
22 101
22 102
22 103
22 105
22 108
22 113
22 115
22 118
23 28
23 30
23 31
23 32
23 33
23 38
23 39
23 40
23 41
23 42
23 43
23 46
23 47
23 53
23 57
23 58
23 59
23 67
23 70
23 72
23 73
23 77
23 87
23 88
23 96
23 99
23 104
23 105
23 106
23 107
23 112
24 35
24 41
24 42
24 59
24 66
24 68
24 69
24 75
24 76
24 77
24 81
24 83
24 86
24 89
24 91
24 94
24 95
24 96
24 98
24 100
24 104
24 110
24 111
24 113
25 34
25 35
25 36
25 40
25 48
25 50
25 51
25 53
25 54
25 57
25 58
25 60
25 62
25 63
25 67
25 71
25 72
25 75
25 76
25 80
25 81
25 83
25 84
25 90
25 97
25 99
25 101
25 103
25 108
25 109
25 112
25 113
25 116
25 117
26 30
26 34
26 36
26 40
26 43
26 44
26 46
26 52
26 56
26 57
26 63
26 65
26 66
26 67
26 70
26 71
26 75
26 83
26 91
26 95
26 96
26 97
26 99
26 100
26 104
26 107
26 108
26 109
26 110
26 116
27 30
27 33
27 35
27 36
27 38
27 41
27 42
27 44
27 46
27 47
27 56
27 57
27 62
27 66
27 68
27 70
27 72
27 73
27 74
27 76
27 80
27 83
27 88
27 91
27 92
27 93
27 100
27 103
27 105
27 106
27 111
27 112
27 117
27 118
28 30
28 33
28 34
28 36
28 37
28 40
28 47
28 49
28 50
28 51
28 58
28 59
28 60
28 62
28 71
28 72
28 81
28 83
28 87
28 90
28 96
28 99
28 101
28 106
28 107
28 111
28 117
29 32
29 33
29 35
29 37
29 42
29 45
29 46
29 53
29 59
29 63
29 65
29 66
29 67
29 68
29 69
29 72
29 73
29 74
29 76
29 79
29 80
29 81
29 85
29 87
29 89
29 92
29 95
29 97
29 104
29 105
29 107
29 113
29 115
29 116
30 35
30 36
30 39
30 40
30 41
30 42
30 44
30 46
30 47
30 48
30 50
30 52
30 53
30 54
30 57
30 61
30 66
30 67
30 69
30 70
30 71
30 72
30 82
30 83
30 86
30 90
30 91
30 104
30 108
30 113
30 115
31 32
31 37
31 38
31 39
31 42
31 43
31 47
31 51
31 52
31 55
31 57
31 62
31 63
31 64
31 68
31 69
31 71
31 73
31 75
31 77
31 78
31 79
31 81
31 86
31 87
31 88
31 93
31 95
31 97
31 100
31 103
31 105
31 108
31 112
31 115
31 119
32 33
32 34
32 35
32 37
32 45
32 46
32 47
32 48
32 50
32 51
32 53
32 55
32 57
32 59
32 60
32 65
32 66
32 67
32 68
32 70
32 72
32 76
32 78
32 82
32 87
32 89
32 91
32 97
32 98
32 100
32 109
32 112
32 113
32 116
32 117
33 34
33 35
33 37
33 38
33 40
33 41
33 43
33 44
33 49
33 52
33 53
33 54
33 59
33 61
33 65
33 68
33 70
33 73
33 75
33 78
33 81
33 82
33 90
33 92
33 93
33 94
33 99
33 100
33 101
33 109
33 111
33 113
33 114
33 115
33 119
34 35
34 38
34 39
34 45
34 47
34 52
34 53
34 57
34 59
34 63
34 66
34 68
34 71
34 74
34 75
34 76
34 77
34 80
34 82
34 84
34 85
34 86
34 88
34 89
34 94
34 96
34 103
34 104
34 106
34 107
34 119
35 47
35 48
35 54
35 56
35 62
35 66
35 69
35 70
35 72
35 74
35 77
35 85
35 87
35 88
35 94
35 97
35 104
35 105
35 106
35 108
35 111
35 112
35 115
35 118
36 41
36 48
36 50
36 52
36 53
36 55
36 57
36 58
36 59
36 61
36 64
36 65
36 66
36 67
36 72
36 78
36 84
36 85
36 90
36 93
36 96
36 98
36 105
36 112
36 116
37 39
37 41
37 52
37 61
37 63
37 69
37 71
37 74
37 76
37 77
37 78
37 85
37 92
37 116
38 42
38 49
38 50
38 52
38 54
38 57
38 58
38 61
38 65
38 66
38 68
38 71
38 72
38 73
38 75
38 76
38 82
38 83
38 90
38 96
38 100
38 101
38 102
38 104
38 110
38 111
38 115
39 40
39 41
39 42
39 43
39 44
39 47
39 52
39 53
39 56
39 70
39 71
39 72
39 73
39 74
39 78
39 84
39 89
39 90
39 93
39 94
39 96
39 100
39 104
39 106
39 109
39 115
40 41
40 42
40 43
40 45
40 46
40 52
40 53
40 54
40 56
40 58
40 70
40 71
40 74
40 80
40 93
40 95
40 96
40 103
40 104
40 107
40 110
40 113
40 116
40 117
40 119
41 42
41 44
41 45
41 46
41 51
41 56
41 59
41 65
41 66
41 68
41 70
41 74
41 76
41 77
41 79
41 80
41 83
41 85
41 87
41 91
41 92
41 98
41 100
41 101
41 107
41 111
41 112
41 117
41 118
42 43
42 46
42 51
42 52
42 55
42 56
42 57
42 61
42 62
42 64
42 66
42 70
42 72
42 77
42 78
42 79
42 80
42 84
42 87
42 89
42 92
42 93
42 95
42 99
42 100
42 101
42 103
42 105
42 117
42 119
43 44
43 45
43 47
43 48
43 50
43 57
43 59
43 61
43 67
43 70
43 71
43 72
43 74
43 76
43 78
43 81
43 85
43 87
43 91
43 92
43 97
43 99
43 102
43 108
43 112
43 114
43 115
43 117
44 50
44 52
44 54
44 55
44 57
44 58
44 61
44 62
44 66
44 68
44 69
44 74
44 75
44 76
44 77
44 78
44 81
44 84
44 85
44 88
44 89
44 92
44 93
44 96
44 97
44 98
44 99
44 100
44 107
44 108
44 112
44 115
45 54
45 56
45 62
45 64
45 68
45 69
45 70
45 71
45 73
45 75
45 81
45 82
45 89
45 91
45 96
45 97
45 99
45 102
45 107
45 115
45 116
45 119
46 52
46 57
46 60
46 61
46 65
46 70
46 71
46 73
46 74
46 76
46 77
46 81
46 82
46 85
46 90
46 92
46 96
46 98
46 99
46 102
46 107
46 109
46 110
46 111
46 113
46 114
46 116
47 50
47 54
47 57
47 58
47 59
47 61
47 69
47 71
47 72
47 76
47 78
47 80
47 82
47 83
47 85
47 92
47 101
47 102
47 108
47 109
47 110
47 111
47 112
47 115
48 49
48 54
48 55
48 60
48 61
48 67
48 68
48 69
48 71
48 72
48 73
48 76
48 79
48 82
48 86
48 87
48 89
48 90
48 93
48 98
48 100
48 101
48 104
48 106
48 107
48 119
49 50
49 52
49 53
49 54
49 59
49 61
49 62
49 70
49 74
49 79
49 81
49 82
49 84
49 86
49 87
49 88
49 94
49 95
49 98
49 99
49 101
49 102
49 103
49 107
49 114
49 115
49 116
50 55
50 57
50 59
50 61
50 71
50 73
50 81
50 83
50 86
50 89
50 91
50 93
50 98
50 99
50 102
50 103
50 104
50 105
50 106
50 109
50 115
50 117
51 57
51 58
51 59
51 63
51 64
51 74
51 77
51 81
51 82
51 83
51 84
51 86
51 87
51 88
51 93
51 101
51 103
51 104
51 109
51 111
51 112
51 117
51 118
51 119
52 62
52 63
52 64
52 68
52 80
52 82
52 83
52 85
52 86
52 88
52 89
52 91
52 93
52 99
52 105
52 106
52 107
52 108
52 109
52 110
52 111
52 113
52 114
52 115
52 117
52 118
52 119
53 55
53 56
53 59
53 60
53 61
53 62
53 64
53 66
53 70
53 79
53 85
53 88
53 91
53 92
53 94
53 101
53 104
53 106
54 62
54 63
54 64
54 68
54 71
54 73
54 76
54 77
54 79
54 80
54 87
54 88
54 89
54 93
54 94
54 95
54 97
54 102
54 104
54 110
54 111
54 112
54 114
55 59
55 60
55 61
55 63
55 65
55 72
55 73
55 83
55 85
55 92
55 93
55 95
55 96
55 105
55 106
55 109
55 110
55 111
55 114
55 115
55 116
55 117
56 57
56 65
56 68
56 69
56 71
56 73
56 74
56 75
56 78
56 81
56 82
56 83
56 84
56 87
56 88
56 91
56 92
56 98
56 99
56 102
56 103
56 109
56 113
56 116
57 58
57 59
57 62
57 63
57 64
57 65
57 69
57 71
57 72
57 75
57 76
57 77
57 78
57 79
57 82
57 85
57 86
57 87
57 90
57 91
57 92
57 93
57 101
57 106
57 111
57 116
58 60
58 61
58 63
58 65
58 69
58 73
58 76
58 79
58 81
58 83
58 87
58 89
58 91
58 96
58 98
58 107
58 111
58 115
58 118
59 64
59 71
59 76
59 77
59 82
59 91
59 92
59 93
59 96
59 102
59 106
59 107
59 113
59 115
60 61
60 64
60 67
60 68
60 69
60 70
60 72
60 73
60 75
60 79
60 81
60 83
60 86
60 87
60 90
60 91
60 95
60 99
60 100
60 102
60 103
60 105
60 107
60 116
60 117
61 65
61 67
61 70
61 71
61 72
61 73
61 74
61 75
61 76
61 77
61 81
61 85
61 88
61 92
61 96
61 97
61 107
61 112
61 113
61 115
61 117
61 119
62 63
62 67
62 70
62 78
62 80
62 82
62 83
62 86
62 87
62 88
62 94
62 96
62 97
62 101
62 102
62 106
62 108
62 112
62 115
62 117
62 119
63 64
63 67
63 68
63 72
63 75
63 76
63 77
63 82
63 86
63 88
63 89
63 92
63 95
63 97
63 100
63 101
63 104
63 105
63 107
63 113
63 114
63 115
63 119
64 66
64 70
64 71
64 72
64 74
64 81
64 90
64 93
64 95
64 96
64 97
64 110
64 113
64 115
64 116
65 66
65 68
65 72
65 77
65 79
65 85
65 88
65 92
65 97
65 99
65 100
65 109
65 110
65 111
65 113
65 114
65 116
65 117
65 119
66 69
66 70
66 73
66 78
66 79
66 81
66 88
66 91
66 93
66 94
66 100
66 103
66 106
66 109
66 111
66 113
66 115
66 118
67 71
67 72
67 73
67 75
67 79
67 80
67 81
67 82
67 86
67 90
67 93
67 95
67 96
67 98
67 100
67 106
67 107
67 109
67 117
68 69
68 70
68 73
68 75
68 80
68 81
68 83
68 87
68 88
68 97
68 99
68 101
68 105
68 108
68 110
68 112
68 114
68 116
68 117
69 70
69 72
69 74
69 76
69 77
69 78
69 82
69 85
69 89
69 90
69 92
69 95
69 96
69 97
69 98
69 100
69 101
69 102
69 105
69 110
69 111
69 116
69 117
69 119
70 72
70 75
70 78
70 80
70 83
70 85
70 87
70 90
70 92
70 93
70 95
70 97
70 100
70 105
70 107
70 109
70 113
70 117
71 72
71 76
71 78
71 80
71 82
71 85
71 87
71 92
71 93
71 94
71 98
71 100
71 104
71 106
71 107
71 114
71 116
71 118
72 74
72 76
72 78
72 79
72 84
72 87
72 88
72 89
72 91
72 92
72 97
72 99
72 101
72 103
72 104
72 116
72 118
72 119
73 74
73 78
73 83
73 84
73 85
73 90
73 93
73 97
73 98
73 104
73 113
73 118
74 75
74 76
74 86
74 87
74 90
74 91
74 94
74 96
74 97
74 111
74 113
74 115
75 78
75 80
75 82
75 84
75 86
75 88
75 89
75 96
75 97
75 101
75 102
75 104
75 108
75 109
75 110
75 112
75 113
75 116
75 119
76 79
76 80
76 81
76 92
76 93
76 94
76 95
76 104
76 110
76 113
76 114
76 115
76 116
76 117
76 119
77 78
77 80
77 83
77 85
77 86
77 89
77 90
77 91
77 93
77 95
77 97
77 101
77 102
77 106
77 108
77 111
77 116
78 84
78 88
78 89
78 93
78 95
78 100
78 103
78 104
78 105
78 107
78 111
78 112
78 113
78 114
78 118
78 119
79 81
79 82
79 86
79 90
79 92
79 93
79 94
79 96
79 98
79 101
79 102
79 104
79 107
79 109
79 111
79 116
80 81
80 83
80 85
80 86
80 87
80 89
80 91
80 96
80 97
80 99
80 100
80 101
80 108
80 112
80 113
80 114
80 116
81 82
81 85
81 87
81 88
81 92
81 94
81 100
81 102
81 108
81 111
81 112
81 114
81 115
82 88
82 89
82 93
82 96
82 97
82 105
82 107
82 109
82 110
82 113
82 115
82 117
82 118
82 119
83 84
83 86
83 87
83 91
83 93
83 96
83 98
83 105
83 106
83 111
83 114
83 118
84 85
84 88
84 96
84 98
84 102
84 105
84 110
84 112
84 117
84 118
85 86
85 89
85 92
85 95
85 97
85 102
85 103
85 109
85 111
85 114
85 117
85 119
86 87
86 90
86 93
86 94
86 95
86 96
86 99
86 101
86 102
86 103
86 104
86 107
86 109
86 110
86 111
86 112
86 116
86 117
87 88
87 91
87 95
87 96
87 105
87 111
87 112
87 113
87 115
87 118
88 90
88 91
88 92
88 100
88 105
88 114
88 118
88 119
89 92
89 93
89 98
89 99
89 102
89 104
89 108
89 109
89 111
89 118
89 119
90 91
90 94
90 97
90 98
90 99
90 102
90 103
90 118
91 93
91 94
91 95
91 102
91 103
91 104
91 105
91 109
91 110
91 111
91 112
91 113
91 114
91 117
92 94
92 95
92 97
92 99
92 100
92 104
92 107
92 111
92 112
92 113
92 114
92 117
93 103
93 107
93 109
93 110
93 114
93 117
93 118
93 119
94 101
94 104
94 106
94 108
94 109
94 114
94 115
94 118
95 96
95 103
95 106
95 108
95 109
95 110
95 114
96 98
96 100
96 101
96 102
96 108
96 109
96 112
97 102
97 103
97 109
97 111
97 112
97 113
97 118
98 100
98 102
98 104
98 110
98 111
98 114
98 118
98 119
99 102
99 103
99 104
99 108
99 111
99 113
99 114
99 116
99 117
100 103
100 104
100 105
100 109
100 111
100 116
100 117
100 118
101 103
101 105
101 107
101 110
101 111
101 113
101 115
101 119
102 106
102 115
102 119
103 104
103 108
103 109
103 110
103 112
103 114
103 116
104 105
104 106
104 107
104 108
104 114
104 115
104 118
105 108
105 110
105 113
105 115
105 119
106 107
106 108
106 111
106 118
107 112
108 113
108 116
109 116
110 118
110 119
111 112
111 114
111 116
112 114
112 119
113 116
113 119
114 115
114 117
115 116
115 117
116 117
117 119
118 119
