0 1
0 2
0 3
0 4
0 5
0 6
0 7
0 8
0 9
0 11
0 12
0 13
0 14
0 20
0 25
0 28
0 43
0 45
0 47
0 48
0 55
0 58
0 74
0 89
0 105
1 6
1 9
1 10
1 15
1 17
1 19
1 28
1 37
1 42
1 43
1 49
1 75
1 76
1 83
1 87
1 89
1 107
2 6
2 7
2 8
2 11
2 13
2 15
2 19
2 20
2 21
2 25
2 29
2 33
2 34
2 36
2 39
2 40
2 45
2 51
2 53
2 69
2 72
2 73
2 85
2 96
2 98
2 102
2 112
3 6
3 7
3 10
3 14
3 15
3 16
3 21
3 29
3 30
3 31
3 35
3 63
3 81
3 85
3 88
3 116
4 6
4 7
4 8
4 10
4 11
4 12
4 16
4 22
4 37
4 55
4 85
4 94
4 118
5 57
5 60
5 62
5 64
5 77
6 7
6 8
6 9
6 10
6 12
6 15
6 17
6 30
6 36
6 38
6 39
6 40
6 41
6 50
6 65
6 67
6 69
6 76
6 78
6 93
6 97
7 8
7 9
7 11
7 13
7 15
7 17
7 18
7 20
7 21
7 22
7 23
7 25
7 26
7 32
7 34
7 35
7 36
7 40
7 42
7 46
7 47
7 48
7 51
7 52
7 59
7 62
7 64
7 65
7 66
7 68
7 77
7 78
7 83
7 85
7 86
7 87
7 88
7 102
7 103
7 109
7 110
7 115
8 9
8 10
8 11
8 13
8 22
8 26
8 34
8 44
8 51
8 58
8 61
8 65
8 69
8 72
8 89
8 95
8 100
8 112
9 12
9 13
9 14
9 16
9 18
9 22
9 27
9 28
9 52
9 54
9 62
9 64
9 70
9 84
9 93
9 99
9 101
9 104
9 109
9 117
9 119
10 12
10 18
10 30
10 32
10 34
10 36
10 50
10 56
10 66
10 70
10 81
10 82
10 90
11 14
11 31
11 38
11 46
11 63
11 82
12 16
12 26
12 27
12 48
12 53
12 54
12 66
12 92
12 97
12 118
13 14
13 18
13 25
13 44
13 52
13 65
13 71
13 77
13 81
13 99
13 111
14 16
14 23
14 24
14 38
14 43
14 44
14 60
14 62
14 96
14 112
15 17
15 19
15 21
15 24
15 27
15 45
15 52
15 55
15 63
15 71
15 92
16 17
16 18
16 19
16 26
16 32
16 39
16 41
16 51
16 57
16 58
16 80
16 96
16 102
17 19
17 20
17 23
17 24
17 29
17 30
17 35
17 40
17 66
17 74
17 76
17 110
17 119
18 20
18 27
18 35
18 46
18 50
18 54
18 61
18 73
18 81
18 82
18 91
18 104
19 21
19 22
19 31
19 33
19 35
19 39
19 50
19 59
19 74
19 75
19 79
19 118
20 23
20 24
20 30
20 37
20 41
20 45
20 47
20 51
20 64
20 77
20 78
20 83
20 88
20 98
20 114
20 117
21 23
21 32
21 33
21 40
21 47
21 48
21 55
21 57
21 63
21 107
21 111
22 24
22 27
22 28
22 31
22 44
22 54
22 67
22 94
23 29
23 42
23 56
23 70
23 79
23 80
23 102
23 105
24 25
24 34
24 38
24 39
24 61
24 80
24 86
25 26
25 54
26 28
26 33
26 45
26 50
26 63
26 72
26 78
26 91
26 99
26 109
27 41
27 43
27 73
27 79
27 83
27 90
27 102
28 29
28 47
28 106
29 32
29 53
29 57
29 58
29 79
29 97
29 101
30 31
30 53
30 66
30 67
30 80
30 83
31 33
31 46
31 52
31 68
31 85
31 90
31 96
31 97
31 99
31 100
31 108
31 110
31 116
32 36
32 42
32 53
33 37
33 38
33 59
33 72
33 95
33 108
33 116
34 46
34 71
34 81
34 82
34 103
34 108
34 114
35 42
35 48
35 49
35 71
35 75
35 78
35 94
35 105
35 118
36 37
36 41
36 49
36 56
36 68
36 89
37 58
37 61
37 77
37 86
37 108
37 113
38 49
38 55
38 65
38 68
38 79
38 84
38 86
38 87
38 92
38 103
38 117
39 43
39 75
39 118
40 113
41 70
41 84
41 91
41 93
41 95
41 108
42 44
43 56
44 49
44 59
44 68
44 69
45 105
46 67
46 71
46 75
46 94
46 112
48 89
49 64
49 72
49 91
49 109
50 57
50 60
50 93
50 101
50 104
50 115
52 104
52 110
52 117
53 56
53 73
53 104
54 60
54 84
54 86
54 93
54 111
56 98
56 114
57 59
57 60
57 61
57 94
57 100
57 107
58 113
59 62
59 69
59 73
60 74
60 100
61 76
62 88
62 117
63 67
63 76
64 70
64 87
64 98
67 107
69 74
69 98
70 91
71 101
71 111
72 87
72 105
72 119
73 80
73 82
73 84
73 92
73 103
73 113
74 92
75 115
77 90
78 111
79 114
80 90
80 110
82 107
82 113
83 99
87 88
87 106
89 95
89 119
91 97
91 106
92 95
92 103
95 96
96 101
97 100
103 106
103 116
103 119
104 109
104 115
105 106
107 116
110 114
110 115
111 112
