0 4
0 6
0 8
0 12
0 18
0 19
0 21
0 31
0 33
0 40
0 50
0 52
0 54
0 55
0 58
0 62
0 88
1 4
1 6
1 9
1 10
1 11
1 13
1 14
1 18
1 21
1 24
1 27
1 28
1 30
1 31
1 32
1 35
1 36
1 39
1 43
1 47
1 48
1 50
1 51
1 55
1 56
1 59
1 102
1 118
2 3
2 4
2 5
2 8
2 10
2 11
2 12
2 13
2 14
2 16
2 21
2 22
2 25
2 27
2 28
2 29
2 34
2 35
2 36
2 37
2 41
2 42
2 43
2 47
2 48
2 50
2 51
2 52
2 54
2 57
3 11
3 20
3 21
3 22
3 23
3 28
3 32
3 33
3 34
3 42
3 43
3 48
3 52
3 53
3 54
3 55
3 104
3 118
4 7
4 11
4 13
4 16
4 20
4 21
4 23
4 25
4 29
4 30
4 31
4 33
4 39
4 40
4 41
4 44
4 48
4 49
4 53
4 56
4 57
4 59
5 6
5 8
5 11
5 13
5 14
5 15
5 17
5 18
5 21
5 23
5 27
5 28
5 31
5 35
5 37
5 39
5 40
5 45
5 48
5 50
5 55
5 57
5 58
5 116
6 9
6 13
6 16
6 19
6 21
6 22
6 23
6 26
6 30
6 32
6 33
6 37
6 42
6 43
6 46
6 48
6 50
6 52
6 53
6 55
6 61
6 106
7 8
7 11
7 15
7 16
7 18
7 19
7 31
7 35
7 38
7 41
7 45
7 50
7 87
8 9
8 10
8 13
8 14
8 19
8 20
8 22
8 23
8 24
8 27
8 30
8 31
8 40
8 46
8 52
8 58
8 59
8 83
8 117
9 14
9 15
9 16
9 17
9 23
9 27
9 31
9 33
9 35
9 39
9 40
9 41
9 42
9 44
9 45
9 51
9 52
9 53
9 58
9 74
9 75
9 76
9 103
10 11
10 14
10 15
10 16
10 26
10 28
10 29
10 30
10 32
10 33
10 36
10 38
10 39
10 40
10 41
10 42
10 44
10 45
10 46
10 53
10 54
10 55
10 56
10 58
10 59
11 12
11 16
11 19
11 20
11 22
11 24
11 26
11 28
11 30
11 32
11 33
11 35
11 40
11 41
11 48
11 51
11 53
11 54
11 58
11 59
11 114
12 17
12 18
12 19
12 20
12 21
12 22
12 23
12 24
12 25
12 32
12 33
12 38
12 39
12 40
12 42
12 43
12 44
12 45
12 47
12 48
12 50
12 55
12 56
12 57
13 14
13 17
13 18
13 20
13 21
13 25
13 26
13 28
13 30
13 32
13 36
13 37
13 38
13 40
13 43
13 45
13 52
13 54
13 58
13 64
14 15
14 19
14 21
14 24
14 30
14 40
14 45
14 47
14 48
14 49
14 53
14 54
14 55
14 56
14 59
14 97
15 17
15 18
15 19
15 23
15 24
15 29
15 30
15 35
15 36
15 37
15 39
15 44
15 46
15 48
15 51
15 53
15 59
15 104
16 17
16 18
16 23
16 24
16 26
16 31
16 32
16 34
16 35
16 39
16 41
16 45
16 46
16 47
16 48
16 49
16 51
16 53
16 54
16 55
16 57
16 58
16 59
17 18
17 21
17 23
17 27
17 28
17 32
17 34
17 38
17 39
17 40
17 41
17 44
17 45
17 48
17 49
17 50
17 54
17 56
17 57
17 58
17 100
18 19
18 20
18 22
18 24
18 25
18 27
18 28
18 29
18 31
18 36
18 37
18 39
18 40
18 43
18 44
18 45
18 48
18 50
18 51
18 55
18 57
19 20
19 21
19 23
19 26
19 27
19 28
19 30
19 31
19 35
19 36
19 38
19 39
19 44
19 46
19 51
19 52
19 53
19 54
19 56
19 59
19 87
19 103
20 21
20 25
20 27
20 28
20 29
20 31
20 40
20 42
20 43
20 46
20 47
20 48
20 50
20 55
20 56
20 57
20 58
21 25
21 28
21 33
21 41
21 42
21 43
21 45
21 46
21 52
21 53
21 105
21 116
22 24
22 29
22 31
22 39
22 40
22 43
22 44
22 45
22 46
22 48
22 49
22 51
22 52
22 54
22 113
23 25
23 26
23 28
23 30
23 32
23 37
23 38
23 39
23 40
23 41
23 42
23 43
23 45
23 50
23 53
23 54
23 116
24 28
24 29
24 35
24 38
24 39
24 40
24 43
24 46
24 47
24 51
24 54
24 57
24 58
24 72
24 113
25 27
25 30
25 32
25 42
25 48
25 50
25 52
25 56
25 57
25 58
25 59
25 112
25 115
26 27
26 28
26 34
26 36
26 37
26 39
26 42
26 43
26 45
26 46
26 50
26 57
26 59
26 64
27 29
27 31
27 33
27 34
27 35
27 38
27 39
27 40
27 43
27 48
27 49
27 54
27 55
28 30
28 32
28 36
28 37
28 41
28 49
28 50
28 59
28 64
28 80
28 102
28 114
29 31
29 42
29 45
29 48
29 49
29 50
29 54
29 57
29 97
30 34
30 37
30 39
30 44
30 45
30 46
30 48
30 49
30 52
30 57
30 103
31 34
31 36
31 39
31 40
31 42
31 43
31 48
31 50
31 58
31 59
31 100
32 35
32 37
32 38
32 41
32 42
32 43
32 45
32 47
32 48
32 49
32 50
32 51
32 52
32 54
32 58
32 68
33 34
33 35
33 38
33 39
33 44
33 46
33 50
33 53
33 54
33 55
33 57
33 58
33 59
33 71
33 102
33 109
34 35
34 36
34 39
34 40
34 42
34 48
34 50
34 51
34 54
34 59
34 68
34 83
34 104
35 36
35 41
35 42
35 48
35 49
35 54
35 57
35 77
35 106
35 115
36 37
36 38
36 39
36 42
36 46
36 52
36 57
36 59
37 38
37 39
37 42
37 43
37 44
37 47
37 51
37 52
37 53
37 59
37 81
38 42
38 44
38 45
38 46
38 49
38 57
38 65
38 70
39 40
39 44
39 46
39 47
39 50
39 51
39 52
39 54
39 55
39 58
39 59
39 65
39 70
39 83
40 41
40 42
40 44
40 45
40 46
40 48
40 53
40 54
40 57
41 46
41 49
41 55
41 88
42 43
42 45
42 51
42 54
42 55
42 58
43 46
43 48
43 58
43 59
43 100
44 45
44 47
44 49
44 50
44 53
44 55
44 57
44 59
44 74
45 51
45 56
45 59
46 47
46 49
46 56
46 57
46 58
46 59
46 117
47 49
47 50
47 58
47 90
48 49
48 53
48 54
48 55
48 57
48 58
48 59
48 118
48 119
49 52
49 54
49 56
49 70
49 99
49 113
50 51
50 53
50 55
50 59
50 99
51 52
51 54
51 56
51 57
51 58
51 59
51 100
52 55
52 57
52 58
53 57
53 58
53 59
53 73
53 98
54 57
54 59
54 72
54 103
54 105
54 116
55 57
55 59
56 57
57 59
58 61
58 68
58 86
60 61
60 73
60 75
60 79
60 81
60 83
60 87
60 88
60 93
60 100
60 101
60 109
60 110
60 115
61 70
61 72
61 82
61 88
61 89
61 91
61 92
61 102
61 105
61 106
61 110
61 113
61 114
62 66
62 67
62 68
62 81
62 83
62 85
62 92
62 94
62 105
62 107
62 110
62 111
62 113
62 117
62 119
63 67
63 69
63 71
63 72
63 75
63 77
63 79
63 90
63 96
63 114
63 115
64 71
64 72
64 75
64 91
64 92
64 93
64 96
64 97
64 98
64 100
64 101
64 102
64 103
64 107
64 109
64 110
64 114
64 119
65 66
65 67
65 73
65 75
65 79
65 83
65 86
65 93
65 106
65 109
65 112
65 113
65 116
65 119
66 68
66 69
66 71
66 72
66 73
66 76
66 78
66 94
66 95
66 96
66 97
66 100
66 109
66 110
66 111
66 112
67 69
67 71
67 72
67 74
67 83
67 87
67 90
67 93
67 103
67 104
67 108
67 109
67 113
67 114
67 116
68 69
68 85
68 88
68 90
68 96
68 107
68 109
68 111
68 112
68 114
68 115
68 118
68 119
69 70
69 82
69 84
69 87
69 91
69 95
69 97
69 98
69 104
69 114
69 117
69 118
69 119
70 78
70 81
70 87
70 88
70 97
70 99
70 106
70 107
70 108
70 109
70 117
71 82
71 84
71 87
71 94
71 95
71 96
71 98
71 101
71 102
71 104
71 105
71 108
71 111
71 116
71 117
72 75
72 84
72 88
72 89
72 94
72 107
72 117
72 118
73 74
73 76
73 78
73 79
73 84
73 85
73 90
73 93
73 94
73 95
73 96
73 99
73 108
73 110
73 112
73 113
73 117
74 75
74 80
74 92
74 93
74 94
74 98
74 99
74 105
74 109
74 112
74 114
74 115
75 81
75 85
75 90
75 93
75 100
75 101
75 102
75 109
75 112
75 115
75 116
75 118
76 77
76 81
76 83
76 92
76 95
76 100
76 112
76 115
77 78
77 80
77 81
77 82
77 88
77 95
77 97
77 108
77 109
77 112
77 113
77 118
78 85
78 88
78 89
78 92
78 94
78 95
78 96
78 98
78 102
78 106
78 107
78 109
78 112
78 115
78 119
79 83
79 96
79 97
79 103
79 104
79 110
79 116
80 83
80 90
80 96
80 101
80 102
80 103
80 107
80 111
80 114
80 117
81 86
81 88
81 91
81 93
81 95
81 97
81 100
81 102
81 104
81 109
81 111
81 112
81 115
81 118
81 119
82 84
82 86
82 87
82 91
82 92
82 93
82 102
82 103
82 109
82 110
82 111
82 116
82 119
83 86
83 88
83 94
83 95
83 98
83 100
83 101
83 104
83 107
83 109
83 111
83 113
83 116
84 87
84 89
84 90
84 93
84 94
84 97
84 99
84 101
84 102
84 104
84 108
84 110
84 111
84 113
84 118
85 87
85 89
85 94
85 96
85 102
85 104
85 105
85 108
85 111
85 113
85 114
85 119
86 89
86 91
86 94
86 102
86 103
86 106
86 110
86 112
86 115
86 117
87 89
87 93
87 97
87 98
87 102
87 105
87 108
87 112
88 92
88 94
88 97
88 98
88 100
88 101
88 104
88 110
88 111
88 116
88 118
89 98
89 101
89 103
89 104
89 108
89 115
89 116
90 91
90 92
90 93
90 94
90 96
90 104
90 105
90 106
91 93
91 94
91 96
91 98
91 100
91 102
91 103
91 104
91 105
91 118
91 119
92 96
92 99
92 102
92 105
92 108
92 112
92 113
92 115
92 116
92 117
92 118
93 97
93 98
93 101
93 103
93 104
93 110
93 112
93 113
93 116
93 118
93 119
94 95
94 97
94 99
94 101
94 102
94 106
94 111
94 112
94 116
95 99
95 100
95 101
95 103
95 105
96 101
96 107
96 108
96 109
96 113
96 114
96 116
97 101
97 102
97 103
97 105
97 116
97 117
97 118
97 119
98 103
98 105
98 111
98 112
98 113
99 103
99 110
99 113
99 115
99 116
99 117
100 101
100 105
100 106
100 108
100 113
101 104
101 105
101 108
101 109
101 110
101 111
101 118
102 103
102 107
102 108
102 111
102 112
102 116
102 117
103 105
103 107
103 119
104 108
104 112
104 113
104 114
104 116
104 118
104 119
105 116
105 118
105 119
106 107
106 110
106 114
106 116
107 108
107 112
107 113
107 114
107 115
107 116
107 118
108 111
108 114
108 116
109 115
109 118
110 111
110 114
110 115
110 119
111 112
111 115
111 119
112 119
113 116
114 117
115 117
115 118
117 118
