0 1
0 119
0 2
0 118
0 3
0 117
0 50
0 72
0 107
0 48
1 2
1 3
1 119
1 4
1 118
1 99
2 3
2 5
2 119
2 15
3 4
3 5
3 6
3 100
3 95
3 85
4 5
4 101
4 8
4 9
5 6
5 7
5 8
5 26
5 15
6 7
6 8
6 59
6 102
7 10
7 111
7 46
7 91
8 9
8 11
8 46
8 106
9 10
9 12
9 18
9 42
9 22
9 28
10 11
10 13
10 89
10 78
11 12
11 14
11 44
12 13
12 14
12 15
12 53
13 15
13 16
13 109
14 15
14 16
14 34
14 36
14 80
14 20
15 16
15 17
15 72
16 18
16 19
16 69
17 18
17 20
17 41
17 87
18 20
18 21
18 62
19 20
19 22
19 62
19 105
19 113
20 21
20 22
20 51
20 23
21 24
21 45
21 60
22 23
22 73
23 24
23 25
24 25
24 27
24 118
25 26
25 27
25 28
25 58
25 36
26 28
26 97
27 28
27 29
27 30
28 29
28 30
28 59
29 31
29 32
29 109
29 88
29 74
30 31
30 32
30 33
31 32
31 33
31 114
31 110
31 72
32 33
32 34
32 35
33 34
33 35
33 36
33 51
34 35
34 37
34 62
35 36
35 37
35 50
35 61
35 75
36 37
36 103
37 38
37 40
37 65
38 39
38 41
38 46
39 40
39 41
39 42
39 94
39 115
39 60
40 41
40 42
40 43
40 61
40 93
40 98
41 42
41 43
41 44
42 43
42 44
42 45
43 44
43 45
43 52
44 45
44 46
44 47
45 46
45 47
45 48
46 48
46 49
46 96
47 48
47 49
47 50
48 49
48 50
49 50
49 51
49 52
49 69
50 52
50 53
50 93
51 54
52 53
52 55
52 81
53 118
53 72
53 79
54 55
54 57
54 69
54 109
55 56
55 57
55 58
56 57
56 58
56 95
57 58
57 59
57 60
57 99
58 61
58 79
59 65
60 61
60 63
61 62
61 82
62 97
63 64
63 65
63 66
63 105
64 65
64 66
64 67
64 83
65 66
65 67
65 68
66 67
66 68
66 69
66 74
67 70
67 71
67 85
68 69
68 71
68 83
68 116
69 70
69 72
70 71
70 72
70 73
71 72
71 73
71 74
72 75
73 74
73 75
73 76
73 113
74 77
74 78
75 76
75 77
76 79
76 101
76 112
77 78
77 80
77 99
78 79
79 80
79 81
80 81
80 82
80 83
80 105
81 82
81 83
81 84
82 83
82 85
83 84
83 85
84 85
84 86
84 87
85 87
85 99
86 87
86 88
86 89
87 88
87 89
88 90
88 91
88 107
89 90
89 91
89 92
90 91
90 92
90 95
91 92
91 93
92 93
92 94
92 95
93 96
94 96
94 97
94 109
95 96
95 98
95 115
96 98
96 99
97 99
97 100
98 99
98 101
99 100
100 102
100 103
101 102
101 103
101 104
102 103
102 104
102 105
103 104
103 106
104 105
104 106
104 107
105 106
106 107
106 109
107 119
108 109
108 110
108 111
109 110
110 111
110 113
111 112
111 113
111 114
112 113
112 114
112 115
113 118
114 116
114 117
115 118
116 117
116 119
117 118
117 119
118 119
