0 60
0 64
0 66
0 71
0 80
0 83
0 107
0 118
1 64
1 75
1 76
1 86
1 87
1 99
1 112
1 119
2 61
2 71
2 73
2 76
2 82
2 86
2 106
2 107
2 114
3 70
3 74
3 78
3 79
3 80
3 83
3 99
3 110
3 115
3 118
4 73
4 74
4 81
4 106
5 83
5 95
5 102
6 77
6 87
6 100
6 104
6 114
6 117
7 64
7 70
7 72
7 77
7 96
7 97
7 110
7 114
7 117
8 63
8 65
8 79
8 80
8 84
8 85
8 87
8 90
8 92
8 112
8 114
8 119
9 63
9 68
9 75
9 91
9 94
9 119
10 60
10 64
10 67
10 68
10 69
10 72
10 74
10 75
10 79
10 87
10 94
10 96
10 98
10 107
10 109
10 110
11 63
11 72
11 76
11 84
11 91
11 100
11 102
11 108
11 115
12 71
12 73
12 76
12 78
12 80
12 112
13 81
13 82
13 83
13 96
13 97
13 106
13 109
13 111
14 60
14 76
14 77
14 87
14 94
14 101
14 102
14 109
14 116
15 77
15 85
15 94
15 105
15 119
16 61
16 65
16 69
16 97
17 62
17 63
17 78
17 84
17 91
17 94
17 104
17 105
18 60
18 61
18 75
18 80
18 86
18 87
18 95
18 96
18 115
18 118
19 72
19 73
19 80
19 81
19 93
19 100
19 101
19 105
19 106
19 113
19 115
20 68
20 76
20 85
20 96
20 102
20 108
20 109
20 112
20 113
20 116
20 118
21 60
21 71
21 80
21 81
21 83
21 84
21 89
21 90
21 91
21 92
21 104
21 113
21 118
21 119
22 67
22 80
22 85
22 89
22 91
22 92
22 103
22 113
23 67
23 68
23 73
23 75
23 77
23 78
23 86
23 93
23 94
23 99
23 105
23 106
23 107
23 110
23 118
24 64
24 77
24 83
24 85
24 93
24 94
24 95
24 97
24 102
24 104
25 61
25 66
25 69
25 84
25 86
25 101
25 104
25 105
25 115
26 67
26 68
26 85
26 87
26 89
26 91
26 105
26 110
26 115
26 119
27 84
27 85
27 88
27 92
27 101
27 103
27 112
28 60
28 80
28 89
28 90
28 98
28 102
28 113
29 61
29 64
29 72
29 78
29 86
29 97
29 102
29 103
29 106
30 61
30 65
30 73
30 74
30 90
30 95
30 99
30 108
31 65
31 76
31 79
31 84
31 87
31 89
31 94
31 98
31 100
31 108
32 64
32 68
32 73
32 76
32 78
32 79
32 82
32 86
32 87
32 92
32 97
32 106
32 110
33 64
33 69
33 71
33 78
33 90
33 109
33 117
33 118
33 119
34 79
34 80
34 92
34 97
34 104
34 108
34 111
35 62
35 64
35 68
35 69
35 71
35 76
35 86
35 93
35 99
35 102
35 104
35 106
35 111
35 118
36 62
36 67
36 77
36 78
36 86
36 92
36 96
36 99
36 100
36 102
36 106
36 112
36 115
37 73
37 95
37 100
37 105
37 106
37 110
37 115
37 117
38 70
38 73
38 74
38 80
38 85
38 95
38 97
38 98
38 99
38 102
38 105
38 107
38 108
39 68
39 83
39 89
39 94
39 100
39 102
39 106
39 107
39 111
39 112
39 118
40 63
40 66
40 73
40 83
40 85
40 102
40 109
40 116
40 119
41 60
41 62
41 76
41 83
41 95
41 100
41 102
41 104
41 112
41 114
42 62
42 66
42 78
42 84
42 87
42 95
42 98
42 103
43 60
43 72
43 73
43 95
43 108
43 109
44 77
44 80
44 87
44 102
44 108
44 113
45 74
45 77
45 82
45 84
45 88
45 98
45 107
45 108
46 70
46 78
46 82
46 85
46 93
46 97
46 102
46 105
46 107
46 110
46 113
46 115
47 63
47 76
47 87
47 94
47 103
47 109
48 64
48 65
48 69
48 70
48 89
48 98
48 106
48 111
48 116
49 64
49 65
49 70
49 72
49 73
49 79
49 85
49 88
49 98
50 63
50 74
50 79
50 97
50 98
50 101
50 103
50 105
50 107
50 109
50 110
50 118
51 69
51 85
51 90
51 94
51 102
51 104
51 108
51 115
52 61
52 66
52 76
52 84
52 101
52 111
52 116
52 119
53 60
53 73
53 78
53 81
53 89
53 93
53 94
53 99
53 111
54 63
54 68
54 75
54 83
54 90
54 100
54 104
54 115
55 70
55 72
55 76
55 78
55 88
55 92
55 104
55 109
56 63
56 68
56 74
56 78
56 81
56 85
56 98
56 100
56 105
56 107
56 108
56 115
57 64
57 79
57 83
57 85
57 89
57 90
57 94
57 96
57 107
57 108
57 111
57 115
57 118
58 61
58 62
58 72
58 76
58 77
58 79
58 93
58 95
58 98
58 99
58 101
58 104
58 110
58 112
58 115
58 117
58 119
59 64
59 79
59 108
59 113
