0 2
0 5
0 7
0 12
0 13
0 17
0 24
0 26
0 28
0 29
0 45
0 48
0 50
0 51
0 52
0 53
0 54
0 63
0 69
0 70
0 72
0 73
0 74
0 75
0 76
0 78
0 80
0 82
0 86
0 88
0 89
0 90
0 95
0 96
0 97
0 100
0 103
0 105
0 106
0 110
0 114
0 117
1 3
1 4
1 5
1 9
1 11
1 12
1 17
1 18
1 22
1 25
1 28
1 32
1 33
1 34
1 35
1 39
1 41
1 43
1 44
1 45
1 46
1 47
1 50
1 53
1 56
1 59
1 61
1 64
1 65
1 67
1 68
1 69
1 72
1 73
1 76
1 77
1 81
1 82
1 83
1 85
1 101
1 104
1 111
1 113
1 116
1 118
2 4
2 7
2 9
2 17
2 18
2 20
2 25
2 26
2 28
2 30
2 31
2 32
2 33
2 37
2 38
2 39
2 40
2 41
2 44
2 46
2 47
2 49
2 51
2 52
2 55
2 56
2 59
2 63
2 65
2 67
2 68
2 69
2 70
2 72
2 76
2 77
2 81
2 86
2 91
2 98
2 108
2 112
2 114
2 115
2 118
2 119
3 5
3 11
3 15
3 17
3 29
3 30
3 38
3 40
3 41
3 45
3 50
3 52
3 55
3 56
3 57
3 62
3 71
3 75
3 77
3 82
3 83
3 86
3 87
3 90
3 91
3 94
3 95
3 97
3 99
3 103
3 105
3 106
3 109
3 111
3 112
3 113
3 115
3 116
4 5
4 8
4 13
4 15
4 19
4 21
4 22
4 33
4 34
4 36
4 39
4 40
4 45
4 46
4 52
4 56
4 57
4 59
4 60
4 67
4 72
4 74
4 76
4 81
4 82
4 84
4 87
4 92
4 93
4 95
4 97
4 100
4 102
4 104
4 105
4 106
4 111
4 112
4 118
5 6
5 10
5 13
5 15
5 19
5 22
5 27
5 30
5 32
5 34
5 47
5 48
5 50
5 54
5 56
5 57
5 63
5 66
5 67
5 69
5 76
5 77
5 78
5 86
5 87
5 88
5 94
5 96
5 97
5 98
5 100
5 103
5 104
5 105
5 107
5 110
5 113
6 9
6 10
6 12
6 18
6 19
6 20
6 28
6 29
6 31
6 38
6 39
6 41
6 47
6 54
6 58
6 61
6 62
6 66
6 70
6 74
6 81
6 83
6 84
6 85
6 86
6 88
6 92
6 101
6 102
6 104
6 105
6 106
6 108
6 112
6 114
6 115
7 13
7 17
7 18
7 19
7 22
7 23
7 26
7 29
7 31
7 34
7 39
7 41
7 42
7 50
7 55
7 56
7 60
7 62
7 63
7 64
7 68
7 69
7 71
7 72
7 74
7 77
7 78
7 79
7 83
7 85
7 97
7 98
7 102
7 107
7 118
8 10
8 12
8 13
8 14
8 17
8 19
8 22
8 25
8 33
8 35
8 36
8 44
8 45
8 47
8 48
8 49
8 50
8 52
8 53
8 54
8 55
8 58
8 60
8 68
8 70
8 73
8 76
8 77
8 80
8 82
8 83
8 86
8 90
8 91
8 92
8 94
8 100
8 101
8 104
8 108
8 109
8 114
8 117
9 11
9 18
9 19
9 25
9 29
9 30
9 33
9 36
9 37
9 39
9 45
9 47
9 48
9 54
9 56
9 59
9 63
9 65
9 69
9 72
9 77
9 78
9 82
9 84
9 85
9 86
9 93
9 99
9 101
9 105
9 109
9 114
9 117
9 119
10 12
10 13
10 18
10 19
10 20
10 22
10 25
10 28
10 34
10 36
10 40
10 42
10 46
10 47
10 50
10 51
10 53
10 56
10 58
10 62
10 63
10 65
10 66
10 68
10 69
10 71
10 73
10 74
10 75
10 78
10 81
10 82
10 83
10 85
10 88
10 93
10 100
10 108
10 110
10 111
10 113
10 114
10 115
10 116
11 12
11 16
11 17
11 19
11 20
11 21
11 23
11 26
11 27
11 29
11 35
11 38
11 40
11 43
11 46
11 47
11 48
11 51
11 52
11 54
11 57
11 60
11 65
11 66
11 69
11 88
11 92
11 101
11 102
11 104
11 105
11 106
11 108
11 112
11 116
11 117
11 118
11 119
12 13
12 14
12 15
12 19
12 22
12 34
12 35
12 37
12 43
12 46
12 49
12 50
12 51
12 52
12 55
12 56
12 57
12 61
12 63
12 64
12 66
12 70
12 71
12 77
12 80
12 81
12 85
12 86
12 89
12 91
12 98
12 100
12 104
12 105
12 107
12 108
12 110
12 111
12 116
12 118
13 14
13 15
13 16
13 17
13 19
13 21
13 22
13 28
13 32
13 34
13 37
13 39
13 41
13 48
13 51
13 52
13 55
13 61
13 65
13 67
13 70
13 72
13 77
13 80
13 81
13 87
13 90
13 94
13 95
13 97
13 101
13 102
13 103
13 106
13 111
13 115
13 116
13 117
14 17
14 19
14 20
14 25
14 26
14 29
14 31
14 33
14 36
14 41
14 43
14 49
14 53
14 57
14 58
14 59
14 60
14 66
14 68
14 69
14 71
14 72
14 73
14 74
14 78
14 79
14 81
14 87
14 89
14 92
14 93
14 94
14 102
14 103
14 105
14 111
14 113
14 117
14 118
15 18
15 19
15 20
15 24
15 26
15 27
15 29
15 35
15 40
15 41
15 43
15 45
15 46
15 47
15 48
15 49
15 50
15 51
15 58
15 60
15 61
15 62
15 63
15 70
15 71
15 77
15 80
15 83
15 84
15 86
15 95
15 104
15 105
15 111
16 18
16 20
16 21
16 22
16 23
16 27
16 28
16 32
16 34
16 37
16 43
16 44
16 47
16 49
16 51
16 57
16 58
16 62
16 64
16 69
16 73
16 74
16 75
16 78
16 81
16 82
16 84
16 86
16 87
16 88
16 89
16 91
16 94
16 96
16 97
16 98
16 99
16 101
16 102
16 103
16 104
16 107
16 108
16 113
17 19
17 24
17 26
17 27
17 29
17 31
17 35
17 36
17 40
17 42
17 46
17 47
17 49
17 51
17 57
17 58
17 66
17 67
17 68
17 70
17 73
17 74
17 76
17 77
17 80
17 81
17 84
17 88
17 91
17 98
17 103
17 106
17 108
17 109
17 110
17 112
17 113
18 23
18 26
18 28
18 30
18 31
18 34
18 35
18 43
18 45
18 49
18 51
18 52
18 53
18 54
18 57
18 58
18 63
18 65
18 66
18 76
18 79
18 81
18 84
18 89
18 92
18 93
18 96
18 99
18 102
18 104
18 105
18 107
18 111
18 114
18 116
18 118
19 22
19 31
19 32
19 37
19 41
19 42
19 46
19 49
19 51
19 54
19 59
19 61
19 65
19 66
19 67
19 69
19 73
19 75
19 76
19 77
19 81
19 83
19 86
19 91
19 92
19 93
19 94
19 102
19 105
19 106
19 111
19 112
19 116
19 118
20 24
20 27
20 29
20 30
20 31
20 36
20 37
20 38
20 51
20 55
20 56
20 59
20 62
20 64
20 66
20 71
20 72
20 79
20 80
20 85
20 90
20 91
20 93
20 95
20 97
20 98
20 99
20 101
20 106
20 112
20 113
20 116
20 117
20 118
21 22
21 25
21 26
21 27
21 30
21 32
21 36
21 37
21 41
21 44
21 49
21 50
21 52
21 53
21 55
21 58
21 60
21 62
21 63
21 64
21 67
21 77
21 78
21 79
21 81
21 82
21 84
21 86
21 90
21 93
21 95
21 97
21 99
21 101
21 106
21 109
21 118
22 27
22 28
22 29
22 30
22 32
22 41
22 43
22 45
22 46
22 48
22 57
22 58
22 65
22 66
22 68
22 71
22 75
22 76
22 80
22 81
22 83
22 85
22 86
22 87
22 91
22 93
22 98
22 99
22 100
22 103
22 105
22 106
22 107
22 110
22 113
22 115
22 117
22 119
23 27
23 28
23 35
23 39
23 47
23 50
23 51
23 53
23 54
23 55
23 56
23 61
23 62
23 63
23 65
23 67
23 72
23 73
23 74
23 82
23 84
23 85
23 86
23 88
23 93
23 96
23 102
23 107
23 110
23 113
23 116
24 27
24 35
24 37
24 40
24 46
24 47
24 53
24 55
24 56
24 61
24 64
24 65
24 66
24 68
24 69
24 72
24 73
24 75
24 77
24 80
24 85
24 89
24 90
24 94
24 96
24 99
24 108
24 114
25 35
25 37
25 40
25 46
25 50
25 51
25 56
25 67
25 68
25 71
25 73
25 77
25 80
25 82
25 83
25 91
25 92
25 97
25 102
25 103
25 110
25 111
25 112
25 118
25 119
26 29
26 31
26 32
26 38
26 40
26 43
26 45
26 47
26 53
26 55
26 57
26 58
26 61
26 63
26 64
26 65
26 70
26 71
26 76
26 77
26 78
26 79
26 85
26 86
26 93
26 94
26 95
26 98
26 101
26 106
26 108
26 111
26 113
26 116
26 117
27 28
27 29
27 41
27 45
27 47
27 53
27 59
27 60
27 63
27 64
27 65
27 66
27 67
27 68
27 70
27 73
27 74
27 81
27 82
27 83
27 85
27 89
27 92
27 95
27 99
27 101
27 103
27 104
27 107
27 108
27 110
27 112
27 114
27 118
28 32
28 35
28 36
28 37
28 40
28 43
28 44
28 47
28 50
28 53
28 54
28 58
28 65
28 68
28 72
28 74
28 77
28 78
28 89
28 94
28 97
28 101
28 102
28 111
28 113
28 116
28 117
28 118
28 119
29 39
29 41
29 45
29 49
29 50
29 51
29 52
29 55
29 56
29 58
29 60
29 63
29 66
29 70
29 72
29 73
29 74
29 75
29 76
29 77
29 78
29 79
29 80
29 81
29 82
29 83
29 87
29 89
29 91
29 92
29 99
29 106
29 111
29 116
29 119
30 32
30 36
30 43
30 44
30 50
30 52
30 53
30 54
30 56
30 57
30 62
30 63
30 64
30 71
30 72
30 82
30 85
30 89
30 91
30 92
30 95
30 105
30 106
30 108
30 110
30 111
30 115
30 117
30 119
31 39
31 40
31 41
31 45
31 46
31 47
31 50
31 51
31 53
31 60
31 63
31 66
31 67
31 69
31 71
31 80
31 81
31 82
31 83
31 84
31 93
31 94
31 95
31 96
31 97
31 98
31 104
31 107
31 110
31 111
31 112
31 114
31 117
32 37
32 40
32 41
32 44
32 46
32 49
32 52
32 53
32 59
32 63
32 67
32 68
32 72
32 73
32 74
32 76
32 77
32 82
32 85
32 90
32 94
32 100
32 106
32 108
32 111
32 112
32 114
32 118
33 35
33 38
33 40
33 41
33 43
33 45
33 46
33 47
33 50
33 55
33 56
33 57
33 58
33 60
33 62
33 65
33 66
33 67
33 68
33 73
33 77
33 78
33 81
33 91
33 92
33 96
33 97
33 104
33 105
33 106
33 108
33 112
33 117
33 118
33 119
34 38
34 41
34 42
34 43
34 47
34 51
34 55
34 56
34 59
34 61
34 65
34 69
34 70
34 73
34 76
34 78
34 80
34 82
34 86
34 87
34 89
34 93
34 94
34 95
34 96
34 102
34 104
34 105
34 106
34 107
34 108
34 112
34 113
34 114
34 117
34 118
35 37
35 39
35 43
35 44
35 45
35 48
35 50
35 52
35 55
35 57
35 60
35 61
35 62
35 67
35 69
35 73
35 77
35 88
35 91
35 93
35 98
35 99
35 102
35 103
35 106
35 107
35 108
35 109
35 114
36 37
36 43
36 44
36 46
36 52
36 55
36 56
36 58
36 60
36 61
36 63
36 65
36 69
36 72
36 76
36 79
36 80
36 84
36 85
36 89
36 92
36 94
36 98
36 100
36 101
36 104
36 105
36 106
36 111
36 112
36 114
36 118
37 41
37 42
37 45
37 48
37 55
37 62
37 68
37 69
37 72
37 73
37 74
37 80
37 84
37 88
37 90
37 92
37 95
37 97
37 101
37 103
37 108
37 110
37 111
37 114
37 116
37 118
38 44
38 46
38 47
38 50
38 54
38 57
38 59
38 60
38 63
38 70
38 71
38 73
38 74
38 75
38 76
38 79
38 81
38 84
38 86
38 91
38 92
38 99
38 102
38 106
38 109
38 112
38 113
38 114
38 115
38 116
39 40
39 41
39 45
39 47
39 51
39 52
39 54
39 58
39 64
39 69
39 71
39 73
39 74
39 80
39 81
39 82
39 84
39 88
39 92
39 94
39 95
39 97
39 99
39 102
39 108
39 109
39 110
39 111
39 112
39 118
40 41
40 42
40 43
40 45
40 48
40 52
40 53
40 55
40 56
40 59
40 66
40 67
40 74
40 84
40 89
40 93
40 99
40 102
40 107
40 114
40 116
40 117
40 118
41 42
41 43
41 46
41 48
41 50
41 52
41 53
41 61
41 63
41 68
41 69
41 71
41 72
41 73
41 74
41 75
41 79
41 86
41 88
41 89
41 92
41 93
41 94
41 95
41 97
41 99
41 108
41 112
41 113
41 114
41 118
42 48
42 57
42 59
42 61
42 63
42 67
42 70
42 73
42 77
42 78
42 83
42 84
42 87
42 91
42 92
42 96
42 97
42 100
42 103
42 104
42 105
42 107
42 114
42 115
42 117
42 118
43 45
43 48
43 56
43 59
43 60
43 62
43 64
43 65
43 78
43 79
43 80
43 82
43 83
43 84
43 85
43 86
43 87
43 89
43 92
43 94
43 95
43 97
43 100
43 101
43 102
43 107
43 109
43 113
43 116
43 117
43 119
44 45
44 46
44 47
44 52
44 54
44 66
44 73
44 75
44 77
44 82
44 83
44 85
44 86
44 87
44 91
44 100
44 102
44 105
44 109
44 111
44 112
44 117
45 48
45 50
45 57
45 58
45 59
45 60
45 63
45 66
45 67
45 69
45 70
45 76
45 78
45 79
45 81
45 88
45 91
45 92
45 93
45 98
45 99
45 100
45 102
45 108
45 110
45 113
45 114
45 118
46 47
46 50
46 51
46 54
46 57
46 58
46 61
46 65
46 69
46 71
46 75
46 76
46 78
46 79
46 83
46 84
46 86
46 88
46 89
46 91
46 92
46 93
46 96
46 97
46 101
46 102
46 103
46 105
46 111
46 112
46 113
46 114
46 117
47 48
47 49
47 50
47 52
47 54
47 56
47 59
47 60
47 62
47 75
47 76
47 78
47 79
47 83
47 88
47 91
47 95
47 98
47 99
47 105
47 106
47 108
47 109
47 110
47 111
47 119
48 53
48 54
48 55
48 57
48 60
48 63
48 65
48 66
48 68
48 72
48 73
48 82
48 83
48 89
48 94
48 99
48 105
48 106
48 108
48 113
48 119
49 50
49 52
49 54
49 58
49 61
49 65
49 71
49 73
49 76
49 80
49 82
49 85
49 86
49 87
49 88
49 92
49 93
49 95
49 98
49 102
49 103
49 106
49 108
49 116
49 117
50 53
50 54
50 56
50 60
50 62
50 65
50 66
50 68
50 77
50 78
50 80
50 83
50 84
50 87
50 89
50 91
50 98
50 100
50 102
50 103
50 105
50 106
50 107
50 108
50 109
50 112
50 116
51 53
51 54
51 57
51 65
51 66
51 67
51 69
51 70
51 77
51 79
51 86
51 87
51 89
51 99
51 100
51 108
51 109
51 110
51 115
51 117
52 56
52 57
52 58
52 63
52 64
52 65
52 71
52 74
52 78
52 79
52 83
52 84
52 89
52 90
52 94
52 95
52 96
52 97
52 101
52 104
52 107
52 110
52 111
52 118
53 54
53 58
53 62
53 63
53 66
53 70
53 71
53 74
53 83
53 88
53 89
53 90
53 91
53 92
53 96
53 103
53 111
53 112
53 113
53 118
54 60
54 62
54 64
54 65
54 69
54 74
54 75
54 76
54 81
54 83
54 89
54 90
54 96
54 106
54 107
54 109
54 110
54 111
54 112
54 118
54 119
55 58
55 60
55 61
55 62
55 64
55 65
55 68
55 70
55 76
55 90
55 92
55 96
55 97
55 103
55 105
55 107
55 110
55 114
55 115
55 117
55 119
56 64
56 67
56 69
56 72
56 73
56 74
56 75
56 78
56 79
56 80
56 81
56 82
56 87
56 93
56 98
56 101
56 103
56 114
56 118
56 119
57 60
57 64
57 69
57 71
57 77
57 80
57 81
57 87
57 88
57 95
57 96
57 103
57 105
57 106
57 111
57 115
57 118
57 119
58 64
58 70
58 72
58 74
58 76
58 77
58 78
58 81
58 83
58 84
58 86
58 90
58 93
58 95
58 97
58 105
58 106
58 107
58 109
58 110
58 115
59 63
59 66
59 67
59 69
59 70
59 72
59 74
59 75
59 79
59 82
59 84
59 85
59 89
59 90
59 93
59 97
59 98
59 100
59 103
59 104
59 105
59 108
60 62
60 65
60 66
60 68
60 69
60 72
60 73
60 74
60 81
60 84
60 93
60 98
60 102
60 110
60 116
60 118
61 62
61 63
61 65
61 68
61 69
61 74
61 75
61 79
61 82
61 83
61 90
61 92
61 95
61 96
61 99
61 106
61 107
61 108
61 113
61 115
62 63
62 68
62 70
62 71
62 78
62 79
62 81
62 89
62 91
62 100
62 102
62 103
62 107
62 113
62 114
62 115
62 117
62 118
62 119
63 64
63 67
63 68
63 73
63 74
63 75
63 76
63 83
63 85
63 86
63 88
63 90
63 94
63 95
63 97
63 110
63 112
63 117
63 118
63 119
64 67
64 68
64 71
64 73
64 76
64 78
64 80
64 83
64 85
64 88
64 90
64 91
64 92
64 96
64 98
64 102
64 105
64 115
64 118
65 69
65 72
65 75
65 77
65 78
65 80
65 82
65 84
65 85
65 86
65 87
65 90
65 96
65 97
65 102
65 104
65 105
65 106
65 109
65 113
65 115
66 67
66 71
66 73
66 74
66 78
66 79
66 82
66 83
66 87
66 93
66 94
66 97
66 99
66 102
66 106
66 109
66 111
66 119
67 68
67 72
67 79
67 80
67 81
67 82
67 85
67 86
67 95
67 98
67 100
67 101
67 108
67 111
67 112
67 115
67 117
68 70
68 73
68 74
68 76
68 77
68 81
68 86
68 89
68 90
68 98
68 102
68 104
68 111
68 113
68 115
68 116
68 119
69 70
69 79
69 82
69 84
69 86
69 90
69 91
69 96
69 98
69 100
69 101
69 103
69 108
69 110
69 112
69 117
70 71
70 76
70 79
70 80
70 81
70 82
70 88
70 91
70 94
70 99
70 100
70 101
70 102
70 104
70 108
70 111
71 73
71 80
71 81
71 84
71 88
71 89
71 92
71 102
71 105
71 106
71 111
71 112
71 113
71 116
71 117
71 118
72 81
72 83
72 84
72 85
72 88
72 91
72 92
72 93
72 95
72 97
72 98
72 101
72 103
72 104
72 105
72 108
72 111
72 117
73 74
73 75
73 81
73 86
73 88
73 92
73 93
73 94
73 95
73 99
73 100
73 103
73 105
73 106
73 107
73 110
73 113
74 77
74 80
74 81
74 83
74 86
74 88
74 93
74 95
74 96
74 97
74 99
74 101
74 103
74 106
74 107
74 108
74 109
74 110
74 112
74 113
74 115
74 117
74 119
75 78
75 79
75 83
75 85
75 91
75 93
75 95
75 97
75 99
75 100
75 101
75 103
75 108
75 111
75 113
75 119
76 78
76 80
76 83
76 91
76 96
76 97
76 101
76 103
76 108
76 111
76 112
76 113
76 115
76 117
77 80
77 82
77 84
77 85
77 88
77 90
77 91
77 92
77 94
77 96
77 97
77 98
77 100
77 101
77 102
77 103
77 104
77 105
77 107
77 110
77 112
77 113
77 114
77 116
77 117
77 118
77 119
78 84
78 87
78 88
78 93
78 99
78 102
78 108
78 113
78 114
78 116
78 118
78 119
79 80
79 81
79 87
79 91
79 96
79 98
79 101
79 102
79 106
79 108
79 109
79 113
79 118
80 83
80 84
80 86
80 89
80 90
80 93
80 97
80 101
80 102
80 104
80 107
80 112
80 114
81 87
81 88
81 93
81 95
81 97
81 103
81 110
81 111
82 86
82 91
82 92
82 94
82 95
82 97
82 98
82 99
82 107
82 113
82 114
82 117
83 84
83 86
83 89
83 96
83 102
83 103
83 108
83 111
83 113
83 115
83 116
84 86
84 87
84 88
84 89
84 105
84 110
84 112
84 113
84 114
84 117
84 118
84 119
85 86
85 87
85 89
85 91
85 92
85 94
85 95
85 96
85 99
85 106
85 107
85 109
85 116
85 117
85 119
86 87
86 88
86 93
86 95
86 96
86 97
86 98
86 104
86 107
86 109
86 111
87 89
87 93
87 97
87 98
87 102
87 103
87 105
87 106
87 107
87 112
87 116
88 91
88 92
88 93
88 98
88 100
88 102
88 105
88 107
88 108
88 115
89 92
89 93
89 95
89 96
89 97
89 102
89 104
89 105
89 106
89 107
89 109
89 111
89 118
90 91
90 97
90 98
90 101
90 103
90 109
90 110
90 112
90 116
90 119
91 92
91 93
91 95
91 100
91 102
91 105
91 108
91 109
91 112
91 114
91 116
92 94
92 95
92 99
92 101
92 102
92 106
92 110
92 111
92 113
92 117
93 102
93 104
93 110
93 111
93 113
93 115
93 117
93 119
94 101
94 104
94 105
94 107
94 110
94 111
94 115
94 117
95 96
95 98
95 100
95 101
95 102
95 103
95 106
95 108
95 114
95 117
96 97
96 105
96 106
96 107
96 109
96 111
96 112
96 116
96 118
97 99
97 101
97 102
97 103
97 107
97 109
97 110
97 114
97 116
97 118
97 119
98 99
98 104
98 106
98 107
98 110
98 111
98 114
98 116
99 100
99 104
99 109
99 112
99 115
99 116
99 117
100 103
100 105
100 106
100 109
100 111
100 112
100 115
100 119
101 102
101 104
101 105
101 108
101 109
101 111
101 112
101 117
101 119
102 103
102 107
102 115
102 118
103 107
103 108
103 111
103 113
103 114
104 105
104 106
104 108
104 114
105 108
105 113
105 114
105 115
105 118
106 110
106 111
106 113
106 117
107 108
107 110
107 111
107 112
107 115
107 118
107 119
108 109
108 110
108 112
108 117
109 116
110 113
110 115
110 119
111 116
111 118
113 114
113 118
114 117
114 118
114 119
115 118
115 119
116 117
116 118
116 119
117 118
