0 1
0 33
0 94
0 85
1 80
1 96
1 55
2 3
2 73
2 111
2 14
3 36
3 4
3 88
4 5
4 55
4 86
5 43
5 99
5 103
6 7
6 20
6 64
6 45
7 68
7 85
7 26
8 9
8 38
8 58
8 39
9 17
9 30
9 82
10 11
10 111
10 116
10 87
11 109
11 107
11 90
12 13
12 57
12 41
12 59
13 61
13 63
13 47
14 15
14 106
14 115
15 76
15 114
15 116
16 17
16 58
16 62
16 54
17 98
17 97
18 19
18 20
18 81
18 113
19 35
19 93
19 68
20 111
20 76
21 22
21 60
21 89
21 53
22 24
22 33
22 116
23 24
23 93
23 27
23 34
24 51
24 65
25 26
25 31
25 87
25 67
26 66
26 108
27 28
27 40
27 88
28 40
28 58
28 71
29 30
29 104
29 60
29 79
30 115
30 84
31 32
31 43
31 82
32 76
32 108
32 119
33 34
33 67
34 57
34 101
35 52
35 101
35 79
36 37
36 59
36 74
37 42
37 92
37 59
38 39
38 49
38 78
39 102
39 51
40 59
40 96
41 42
41 64
41 50
42 70
42 73
43 81
43 98
44 45
44 84
44 52
44 63
45 46
45 47
46 62
46 90
46 69
47 85
47 107
48 49
48 81
48 114
48 94
49 60
49 61
50 51
50 103
50 84
51 72
52 95
52 114
53 54
53 85
53 106
54 68
54 100
55 99
55 116
56 57
56 74
56 70
56 71
57 100
58 96
60 61
61 67
62 67
62 102
63 66
63 112
64 73
64 109
65 66
65 115
65 119
66 74
68 80
69 70
69 105
69 73
70 97
71 72
71 105
72 77
72 82
74 99
75 76
75 108
75 91
75 84
77 94
77 112
77 105
78 79
78 95
78 101
79 118
80 88
80 89
81 112
82 83
83 100
83 118
83 89
86 87
86 117
86 111
87 114
88 104
89 103
90 91
90 95
91 113
91 118
92 106
92 93
92 119
93 103
94 97
95 110
96 107
97 102
98 105
98 117
99 109
100 113
101 112
102 108
104 109
104 110
106 118
107 117
110 119
110 117
113 115
