0 64
0 32
0 16
0 8
0 4
0 2
0 1
1 65
1 33
1 17
1 9
1 5
1 3
2 66
2 34
2 18
2 10
2 6
2 3
3 67
3 35
3 19
3 11
3 7
4 68
4 36
4 20
4 12
4 6
4 5
5 69
5 37
5 21
5 13
5 7
6 70
6 38
6 22
6 14
6 7
7 71
7 39
7 23
7 15
8 72
8 40
8 24
8 12
8 10
8 9
9 73
9 41
9 25
9 13
9 11
10 74
10 42
10 26
10 14
10 11
11 75
11 43
11 27
11 15
12 76
12 44
12 28
12 14
12 13
13 77
13 45
13 29
13 15
14 78
14 46
14 30
14 15
15 79
15 47
15 31
16 80
16 48
16 24
16 20
16 18
16 17
17 81
17 49
17 25
17 21
17 19
18 82
18 50
18 26
18 22
18 19
19 83
19 51
19 27
19 23
20 84
20 52
20 28
20 22
20 21
21 85
21 53
21 29
21 23
22 86
22 54
22 30
22 23
23 87
23 55
23 31
24 88
24 56
24 28
24 26
24 25
25 89
25 57
25 29
25 27
26 90
26 58
26 30
26 27
27 91
27 59
27 31
28 92
28 60
28 30
28 29
29 93
29 61
29 31
30 94
30 62
30 31
31 95
31 63
32 96
32 48
32 40
32 36
32 34
32 33
33 97
33 49
33 41
33 37
33 35
34 98
34 50
34 42
34 38
34 35
35 99
35 51
35 43
35 39
36 100
36 52
36 44
36 38
36 37
37 101
37 53
37 45
37 39
38 102
38 54
38 46
38 39
39 103
39 55
39 47
40 104
40 56
40 44
40 42
40 41
41 105
41 57
41 45
41 43
42 106
42 58
42 46
42 43
43 107
43 59
43 47
44 108
44 60
44 46
44 45
45 109
45 61
45 47
46 110
46 62
46 47
47 111
47 63
48 112
48 56
48 52
48 50
48 49
49 113
49 57
49 53
49 51
50 114
50 58
50 54
50 51
51 115
51 59
51 55
52 116
52 60
52 54
52 53
53 117
53 61
53 55
54 118
54 62
54 55
55 119
55 63
56 60
56 58
56 57
57 61
57 59
58 62
58 59
59 63
60 62
60 61
61 63
62 63
64 96
64 80
64 72
64 68
64 66
64 65
65 97
65 81
65 73
65 69
65 67
66 98
66 82
66 74
66 70
66 67
67 99
67 83
67 75
67 71
68 100
68 84
68 76
68 70
68 69
69 101
69 85
69 77
69 71
70 102
70 86
70 78
70 71
71 103
71 87
71 79
72 104
72 88
72 76
72 74
72 73
73 105
73 89
73 77
73 75
74 106
74 90
74 78
74 75
75 107
75 91
75 79
76 108
76 92
76 78
76 77
77 109
77 93
77 79
78 110
78 94
78 79
79 111
79 95
80 112
80 88
80 84
80 82
80 81
81 113
81 89
81 85
81 83
82 114
82 90
82 86
82 83
83 115
83 91
83 87
84 116
84 92
84 86
84 85
85 117
85 93
85 87
86 118
86 94
86 87
87 119
87 95
88 92
88 90
88 89
89 93
89 91
90 94
90 91
91 95
92 94
92 93
93 95
94 95
96 112
96 104
96 100
96 98
96 97
97 113
97 105
97 101
97 99
98 114
98 106
98 102
98 99
99 115
99 107
99 103
100 116
100 108
100 102
100 101
101 117
101 109
101 103
102 118
102 110
102 103
103 119
103 111
104 108
104 106
104 105
105 109
105 107
106 110
106 107
107 111
108 110
108 109
109 111
110 111
112 116
112 114
112 113
113 117
113 115
114 118
114 115
115 119
116 118
116 117
117 119
118 119
