0 4
0 6
0 11
0 17
0 18
0 50
0 59
0 78
0 88
0 115
1 2
1 3
1 7
1 8
1 10
1 13
1 14
1 15
1 17
1 19
1 45
1 73
1 78
1 89
1 91
2 4
2 5
2 8
2 9
2 17
2 23
2 69
2 75
3 9
3 11
3 18
3 19
3 21
3 23
3 58
3 62
3 70
3 90
3 99
4 5
4 8
4 11
4 12
4 13
4 17
4 18
4 21
4 31
4 34
4 57
4 82
4 96
5 11
5 15
5 17
5 18
5 21
5 37
5 50
5 69
5 94
5 98
6 7
6 9
6 10
6 11
6 18
6 19
6 22
6 23
6 64
6 86
6 89
6 110
7 9
7 11
7 12
7 13
7 14
7 18
7 22
7 23
7 61
7 67
7 77
7 85
8 12
8 15
8 19
8 20
8 25
8 26
8 49
8 60
8 82
8 84
8 108
9 10
9 11
9 15
9 16
9 20
9 21
9 22
9 26
9 28
9 29
10 14
10 15
10 16
10 18
10 19
10 20
10 21
10 58
10 74
10 92
10 97
10 110
10 114
11 12
11 13
11 14
11 16
11 19
11 21
11 22
11 31
11 67
11 89
11 104
11 111
11 115
12 14
12 15
12 19
12 21
12 31
12 75
12 80
12 108
13 14
13 22
13 23
13 30
13 42
13 46
13 54
13 118
14 15
14 16
14 17
14 23
14 29
14 37
14 62
15 16
15 17
15 21
15 35
15 41
15 49
15 51
16 17
16 19
16 20
16 22
16 87
16 102
17 18
17 19
17 20
17 21
17 22
17 23
17 25
17 72
17 78
17 113
17 116
18 20
18 23
18 55
18 65
19 20
19 22
19 23
19 32
19 70
19 104
19 114
19 116
19 117
20 21
20 23
20 33
20 39
20 62
20 70
21 23
21 28
21 51
21 107
22 36
22 40
22 50
22 78
22 80
22 116
23 88
23 97
23 112
23 118
24 27
24 30
24 39
24 44
24 46
24 57
24 111
24 113
25 26
25 27
25 28
25 30
25 32
25 34
25 36
25 38
25 39
25 40
25 45
25 46
25 84
25 101
25 113
26 27
26 31
26 32
26 34
26 36
26 37
26 38
26 43
26 44
26 49
27 29
27 33
27 38
27 39
27 42
27 45
27 47
27 74
27 91
27 102
28 30
28 32
28 35
28 36
28 39
28 41
28 43
28 45
28 66
28 93
28 104
28 106
28 117
29 31
29 33
29 36
29 37
29 40
29 41
29 42
29 44
30 33
30 38
30 39
30 43
30 45
30 46
30 58
30 75
30 79
31 32
31 34
31 37
31 44
31 66
31 80
31 84
31 86
31 89
31 113
32 33
32 34
32 35
32 39
32 44
32 47
32 85
32 87
32 104
32 105
32 119
33 34
33 38
33 39
33 40
33 42
33 43
33 44
33 45
33 46
33 47
33 50
33 64
33 65
33 67
33 99
33 112
34 37
34 40
34 41
34 42
34 44
34 46
34 65
34 71
34 95
34 98
35 36
35 38
35 41
35 97
36 37
36 38
36 39
36 52
36 56
36 88
36 97
36 105
37 43
37 44
37 47
37 48
37 52
37 107
38 39
38 41
38 43
38 45
38 46
38 52
38 57
38 65
38 83
38 89
38 107
38 112
39 42
39 62
39 70
39 91
40 41
40 43
40 44
40 46
40 47
40 58
40 77
41 42
41 43
41 44
41 46
41 60
41 62
41 73
41 116
42 44
42 46
42 101
43 45
43 70
43 114
44 45
44 47
44 62
44 79
44 99
44 119
45 48
45 76
45 105
46 50
46 55
46 62
46 110
47 54
47 81
47 98
47 108
48 50
48 51
48 55
48 56
48 57
48 58
48 60
48 63
48 88
48 102
49 50
49 51
49 52
49 56
49 61
49 65
49 67
49 70
49 71
49 75
50 51
50 52
50 57
50 61
50 63
50 66
50 67
50 71
50 72
50 74
50 92
50 103
51 54
51 55
51 56
51 57
51 59
51 60
51 61
51 64
51 67
51 70
51 71
51 75
51 82
51 107
51 108
52 55
52 58
52 59
52 62
52 64
52 67
52 68
52 70
52 104
53 54
53 60
53 63
53 65
53 66
53 67
53 69
53 70
53 71
53 77
53 83
53 94
54 55
54 57
54 58
54 60
54 64
54 68
54 70
54 86
55 56
55 60
55 66
55 68
55 70
55 71
55 83
56 64
56 69
56 71
56 88
56 95
56 109
56 117
57 60
57 62
57 66
57 68
57 70
57 78
57 102
57 104
57 106
57 110
58 60
58 62
58 65
58 66
58 69
58 111
58 119
59 61
59 64
59 68
59 70
59 71
59 77
59 94
59 96
60 61
60 63
60 64
60 65
60 67
60 69
60 71
60 93
60 95
60 115
61 62
61 63
61 65
61 69
61 70
61 71
61 72
61 96
62 65
62 67
62 69
62 104
62 113
63 66
63 69
64 68
64 71
64 85
64 87
65 67
65 68
65 86
65 88
66 67
66 68
66 83
66 103
67 68
67 69
67 70
67 73
67 97
67 114
68 71
68 95
68 96
68 105
68 115
69 70
70 71
70 74
70 97
70 100
70 101
70 112
70 113
71 96
71 108
72 73
72 76
72 78
72 79
72 81
72 85
72 87
72 89
72 91
72 92
72 93
72 94
72 108
73 78
73 80
73 86
73 88
73 94
73 96
73 100
73 109
74 78
74 80
74 81
74 82
74 83
74 84
74 85
74 88
74 91
74 92
74 93
74 95
74 112
75 77
75 78
75 79
75 80
75 81
75 83
75 84
75 85
75 88
75 91
76 80
76 81
76 82
76 83
76 91
76 92
76 95
76 111
77 79
77 82
77 92
78 81
78 84
78 86
78 89
78 94
79 80
79 82
79 84
79 85
79 90
79 93
79 95
80 86
80 90
80 91
80 93
80 94
80 111
80 112
81 82
81 86
81 87
81 91
81 93
81 95
81 116
82 86
82 87
82 88
82 89
82 91
82 94
82 95
82 99
82 105
82 113
83 87
83 88
83 93
83 94
84 86
84 89
84 91
85 90
85 91
86 88
86 89
86 90
86 91
86 95
87 88
87 89
87 90
87 91
88 89
88 91
88 93
88 94
88 101
88 102
88 115
89 90
89 92
89 93
89 94
89 95
90 93
90 94
90 106
90 112
90 118
91 94
91 95
91 100
91 108
92 102
93 95
93 97
93 109
94 95
94 112
96 98
96 99
96 100
96 104
96 106
96 108
96 110
96 112
96 119
97 98
97 99
97 100
97 102
97 105
97 108
97 110
97 111
97 114
97 115
97 117
97 119
98 99
98 100
98 101
98 108
98 110
98 114
98 115
98 116
98 118
99 101
99 102
99 104
99 108
99 109
99 110
99 114
99 115
99 116
99 119
100 104
100 110
100 112
100 113
100 115
100 119
101 102
101 106
101 109
101 115
101 117
101 118
101 119
102 103
102 104
102 107
102 108
102 110
102 111
102 113
102 116
102 117
103 107
103 113
103 114
103 115
104 106
104 107
104 108
104 109
104 111
104 113
104 114
104 115
104 117
104 119
105 111
106 114
106 115
106 116
106 118
107 114
107 115
107 116
108 111
108 115
108 119
109 111
110 111
110 112
110 117
110 119
111 112
111 113
111 114
111 118
111 119
112 114
112 115
112 118
112 119
113 114
113 117
114 117
115 117
115 118
116 118
