0 1
0 119
0 118
0 8
0 73
1 2
1 3
1 119
1 118
1 87
1 18
1 114
2 3
2 4
2 119
2 104
2 34
2 103
3 4
3 5
3 6
3 98
4 6
4 7
4 51
4 27
4 31
5 6
5 8
5 28
6 7
6 8
6 9
6 78
7 8
7 10
7 80
7 77
7 82
8 9
8 10
8 11
8 51
9 10
9 12
9 81
9 85
10 11
10 13
10 84
10 34
10 32
11 13
11 14
11 96
11 15
11 81
11 29
11 110
12 13
12 14
12 15
13 14
13 104
13 84
13 46
14 15
14 38
14 46
14 115
15 17
15 18
16 17
16 18
16 19
16 86
17 18
17 19
17 117
18 19
18 20
18 21
19 21
19 22
19 31
20 21
20 22
20 88
21 22
21 23
21 24
21 67
22 23
22 24
22 25
22 72
23 24
23 25
23 26
24 27
24 57
24 91
25 27
25 28
25 45
26 27
26 28
26 29
27 28
27 63
28 29
28 31
28 49
29 30
29 32
29 36
30 31
30 32
30 33
31 33
31 77
32 33
32 35
32 46
33 35
33 36
33 88
34 35
34 36
34 37
34 102
34 117
35 37
35 38
35 77
35 89
36 38
36 59
37 38
37 39
37 40
38 40
38 41
39 40
39 41
39 85
39 78
40 42
40 63
40 86
40 61
41 42
41 43
41 97
41 72
42 43
42 44
42 45
42 66
43 45
43 46
43 66
43 61
43 116
44 45
44 47
44 104
45 46
45 47
45 54
46 48
46 86
46 82
46 87
47 48
47 49
47 50
48 49
48 50
48 51
49 50
49 51
49 52
50 52
50 53
50 102
50 98
51 53
51 83
51 105
52 53
52 55
52 75
52 78
53 54
53 55
53 56
54 55
54 57
54 118
55 56
55 57
55 58
55 91
56 57
56 58
56 87
56 72
57 58
57 59
57 60
58 59
58 60
58 61
59 60
59 61
59 107
59 110
59 93
60 61
60 62
60 63
60 106
61 62
61 72
61 79
62 63
62 64
62 65
63 64
63 65
63 77
64 65
64 66
64 67
64 97
65 66
65 67
65 68
66 67
66 69
67 68
67 70
67 116
67 75
67 109
68 69
68 71
68 105
69 70
69 71
69 95
69 113
70 71
70 72
70 73
70 108
71 72
71 73
71 95
73 74
73 75
73 76
74 75
74 76
74 77
74 113
75 77
76 77
76 78
76 79
76 104
77 78
77 79
77 80
77 96
78 79
79 80
79 81
79 82
80 82
80 105
81 83
81 84
82 83
82 107
83 85
83 86
84 87
85 86
85 87
86 87
87 89
88 89
88 90
88 110
89 90
89 92
90 91
90 92
90 93
91 92
91 94
92 93
92 95
92 111
93 94
93 95
93 96
94 95
94 97
94 103
95 96
95 97
95 98
95 111
96 97
96 99
97 99
98 99
99 101
99 102
99 105
99 103
100 101
100 102
100 103
101 102
101 103
101 104
102 103
102 104
103 105
104 107
104 118
105 106
105 107
105 108
106 107
106 109
107 110
108 109
108 111
109 110
109 111
110 111
111 113
111 114
112 113
112 114
112 115
113 115
114 115
114 116
115 116
115 117
115 118
116 119
117 118
117 119
