0 4
0 9
0 12
0 18
0 20
0 23
0 25
0 29
0 35
0 37
0 38
0 39
0 42
0 45
0 48
0 52
0 56
0 57
0 58
0 59
0 61
0 63
0 64
0 65
0 67
0 71
0 72
0 76
0 77
0 78
0 79
0 82
0 86
0 92
0 94
0 96
0 99
0 100
0 102
0 112
0 113
0 116
1 2
1 3
1 5
1 10
1 14
1 17
1 18
1 20
1 21
1 24
1 26
1 28
1 35
1 38
1 42
1 44
1 45
1 50
1 51
1 59
1 60
1 61
1 63
1 65
1 66
1 67
1 70
1 76
1 77
1 80
1 81
1 86
1 87
1 89
1 90
1 91
1 92
1 93
1 97
1 98
1 99
1 109
1 114
1 116
2 5
2 12
2 17
2 23
2 24
2 32
2 33
2 34
2 36
2 41
2 43
2 47
2 48
2 50
2 51
2 54
2 57
2 58
2 63
2 67
2 74
2 75
2 77
2 78
2 84
2 93
2 99
2 101
2 112
2 114
2 119
3 8
3 11
3 14
3 19
3 21
3 24
3 26
3 27
3 28
3 29
3 31
3 32
3 34
3 37
3 38
3 41
3 42
3 49
3 51
3 52
3 53
3 56
3 58
3 59
3 62
3 65
3 68
3 70
3 71
3 73
3 75
3 76
3 80
3 82
3 85
3 86
3 87
3 89
3 91
3 93
3 95
3 100
3 101
3 103
3 104
3 107
3 108
3 114
3 118
4 9
4 12
4 16
4 18
4 25
4 27
4 29
4 30
4 31
4 32
4 34
4 36
4 41
4 45
4 52
4 55
4 57
4 59
4 60
4 62
4 63
4 65
4 66
4 70
4 71
4 73
4 81
4 89
4 95
4 97
4 98
4 99
4 100
4 101
4 104
4 106
4 111
4 112
4 113
4 116
4 118
5 6
5 13
5 16
5 25
5 28
5 32
5 40
5 41
5 45
5 46
5 47
5 51
5 52
5 53
5 55
5 57
5 59
5 60
5 61
5 66
5 67
5 71
5 76
5 80
5 82
5 85
5 86
5 87
5 95
5 96
5 98
5 100
5 101
5 102
5 104
5 108
5 109
5 112
6 8
6 10
6 11
6 19
6 22
6 25
6 27
6 30
6 35
6 37
6 40
6 46
6 50
6 54
6 59
6 61
6 64
6 68
6 69
6 70
6 71
6 73
6 74
6 75
6 77
6 82
6 89
6 93
6 95
6 98
6 101
6 102
6 104
6 105
6 107
6 109
6 116
6 118
7 9
7 14
7 16
7 17
7 19
7 21
7 25
7 26
7 29
7 30
7 36
7 43
7 44
7 46
7 47
7 50
7 51
7 54
7 59
7 60
7 67
7 77
7 78
7 80
7 81
7 85
7 86
7 87
7 88
7 90
7 91
7 92
7 93
7 97
7 101
7 106
7 108
7 109
7 117
8 9
8 10
8 12
8 13
8 14
8 17
8 22
8 24
8 25
8 27
8 29
8 30
8 31
8 33
8 36
8 39
8 40
8 41
8 45
8 47
8 49
8 51
8 56
8 57
8 59
8 62
8 65
8 68
8 70
8 81
8 82
8 84
8 85
8 86
8 88
8 91
8 92
8 95
8 96
8 97
8 101
8 102
8 105
8 106
8 112
8 114
8 115
8 117
8 119
9 10
9 12
9 15
9 20
9 24
9 25
9 32
9 34
9 37
9 38
9 41
9 43
9 46
9 47
9 48
9 52
9 53
9 58
9 65
9 68
9 70
9 76
9 79
9 82
9 83
9 84
9 85
9 93
9 95
9 100
9 101
9 105
9 106
9 108
9 110
9 111
9 113
9 116
9 117
9 118
10 12
10 13
10 21
10 23
10 34
10 39
10 47
10 49
10 65
10 72
10 77
10 78
10 82
10 86
10 87
10 88
10 92
10 94
10 95
10 98
10 101
10 108
10 112
10 115
11 12
11 13
11 16
11 17
11 22
11 23
11 26
11 27
11 29
11 36
11 37
11 40
11 42
11 44
11 45
11 51
11 65
11 66
11 73
11 75
11 76
11 77
11 78
11 81
11 85
11 89
11 91
11 94
11 95
11 97
11 100
11 101
11 103
11 104
11 107
11 111
11 113
11 115
11 116
11 119
12 14
12 21
12 25
12 40
12 41
12 44
12 47
12 50
12 55
12 58
12 60
12 61
12 66
12 68
12 70
12 77
12 79
12 80
12 83
12 87
12 94
12 98
12 101
12 103
12 104
12 107
12 108
12 109
12 110
13 15
13 16
13 23
13 24
13 27
13 31
13 33
13 35
13 36
13 40
13 42
13 43
13 49
13 52
13 54
13 56
13 57
13 58
13 60
13 61
13 66
13 67
13 68
13 71
13 74
13 80
13 91
13 93
13 95
13 100
13 101
13 103
13 104
13 105
13 108
13 116
13 117
13 119
14 15
14 16
14 18
14 19
14 24
14 26
14 29
14 31
14 34
14 35
14 39
14 42
14 48
14 51
14 54
14 58
14 61
14 64
14 65
14 69
14 72
14 77
14 78
14 79
14 80
14 86
14 88
14 89
14 92
14 93
14 96
14 98
14 99
14 100
14 101
14 103
14 105
14 108
14 111
14 117
14 118
14 119
15 21
15 25
15 29
15 33
15 35
15 36
15 38
15 39
15 40
15 43
15 44
15 45
15 47
15 48
15 50
15 56
15 57
15 58
15 61
15 62
15 67
15 72
15 77
15 79
15 87
15 90
15 91
15 95
15 98
15 104
15 105
15 107
15 108
15 114
15 118
16 21
16 22
16 23
16 24
16 25
16 31
16 35
16 39
16 40
16 43
16 44
16 45
16 47
16 50
16 52
16 55
16 60
16 63
16 64
16 66
16 68
16 71
16 72
16 75
16 76
16 77
16 78
16 81
16 92
16 95
16 96
16 108
16 110
16 112
16 113
16 114
16 115
17 19
17 27
17 28
17 31
17 34
17 35
17 37
17 41
17 44
17 51
17 53
17 54
17 61
17 62
17 64
17 67
17 71
17 73
17 76
17 77
17 78
17 82
17 83
17 85
17 87
17 89
17 91
17 94
17 96
17 97
17 101
17 102
17 109
17 111
17 116
18 19
18 21
18 22
18 26
18 28
18 29
18 32
18 34
18 35
18 40
18 47
18 49
18 57
18 63
18 64
18 66
18 67
18 71
18 72
18 75
18 78
18 85
18 92
18 93
18 95
18 97
18 100
18 102
18 104
18 108
18 109
18 113
18 114
18 116
18 119
19 27
19 29
19 32
19 34
19 35
19 36
19 37
19 39
19 42
19 43
19 50
19 52
19 56
19 57
19 58
19 61
19 62
19 63
19 71
19 76
19 78
19 79
19 82
19 83
19 86
19 89
19 91
19 92
19 94
19 96
19 100
19 103
19 107
19 108
19 114
19 117
20 23
20 30
20 33
20 34
20 35
20 38
20 40
20 42
20 43
20 44
20 48
20 50
20 51
20 59
20 61
20 62
20 68
20 72
20 73
20 79
20 84
20 85
20 86
20 89
20 90
20 92
20 98
20 101
20 102
20 104
20 105
20 106
20 114
20 115
20 117
20 119
21 23
21 26
21 27
21 28
21 32
21 35
21 40
21 43
21 48
21 51
21 52
21 54
21 55
21 56
21 58
21 61
21 62
21 63
21 67
21 75
21 76
21 77
21 82
21 83
21 86
21 87
21 88
21 91
21 94
21 95
21 99
21 101
21 104
21 106
21 112
21 116
21 117
21 118
22 23
22 25
22 27
22 28
22 32
22 35
22 37
22 39
22 42
22 51
22 52
22 55
22 56
22 57
22 58
22 60
22 62
22 66
22 67
22 68
22 69
22 70
22 73
22 74
22 77
22 79
22 80
22 83
22 84
22 86
22 87
22 89
22 90
22 95
22 96
22 99
22 100
22 113
22 114
22 116
22 117
22 118
23 24
23 25
23 26
23 27
23 28
23 34
23 36
23 37
23 42
23 43
23 45
23 51
23 53
23 54
23 58
23 59
23 61
23 63
23 70
23 71
23 75
23 77
23 78
23 79
23 80
23 83
23 87
23 90
23 96
23 98
23 100
23 107
23 118
24 25
24 27
24 30
24 35
24 36
24 44
24 46
24 47
24 48
24 51
24 53
24 57
24 58
24 61
24 72
24 74
24 76
24 83
24 86
24 87
24 89
24 91
24 96
24 98
24 100
24 101
24 103
24 104
24 109
24 113
24 114
25 26
25 27
25 30
25 40
25 41
25 42
25 44
25 46
25 51
25 53
25 56
25 59
25 62
25 64
25 65
25 66
25 67
25 68
25 70
25 71
25 72
25 73
25 76
25 82
25 83
25 88
25 91
25 93
25 95
25 98
25 101
25 105
25 108
25 109
25 110
25 113
25 116
25 119
26 30
26 32
26 34
26 36
26 38
26 40
26 41
26 42
26 45
26 53
26 55
26 61
26 63
26 69
26 70
26 73
26 74
26 75
26 79
26 82
26 88
26 91
26 92
26 95
26 96
26 97
26 99
26 100
26 101
26 104
26 107
26 109
26 111
26 112
26 113
27 28
27 38
27 39
27 41
27 46
27 49
27 50
27 53
27 58
27 63
27 67
27 68
27 70
27 73
27 76
27 88
27 89
27 90
27 91
27 92
27 96
27 98
27 99
27 104
27 105
27 106
27 111
27 113
28 30
28 31
28 35
28 40
28 42
28 43
28 45
28 47
28 49
28 51
28 53
28 56
28 57
28 60
28 67
28 72
28 73
28 75
28 76
28 77
28 78
28 79
28 80
28 81
28 83
28 87
28 88
28 91
28 100
28 103
28 104
28 105
28 106
28 107
28 108
28 112
28 114
28 115
28 116
28 117
28 118
29 32
29 35
29 44
29 46
29 47
29 48
29 50
29 51
29 56
29 57
29 61
29 62
29 73
29 88
29 89
29 91
29 94
29 96
29 98
29 102
29 105
29 107
29 108
29 110
29 111
29 112
29 113
29 116
29 117
29 118
30 31
30 34
30 35
30 37
30 39
30 43
30 46
30 48
30 54
30 55
30 56
30 58
30 59
30 60
30 64
30 65
30 70
30 72
30 73
30 76
30 77
30 78
30 80
30 82
30 83
30 85
30 89
30 97
30 99
30 101
30 105
30 106
30 112
30 117
31 37
31 38
31 41
31 45
31 49
31 54
31 61
31 65
31 67
31 68
31 77
31 79
31 80
31 82
31 86
31 93
31 100
31 101
31 103
31 106
31 110
31 111
31 113
31 115
31 119
32 33
32 35
32 36
32 38
32 41
32 43
32 46
32 51
32 56
32 61
32 64
32 67
32 69
32 72
32 76
32 77
32 82
32 83
32 84
32 89
32 90
32 93
32 96
32 97
32 98
32 100
32 107
32 109
32 113
32 114
32 118
33 36
33 38
33 40
33 50
33 51
33 52
33 55
33 57
33 58
33 59
33 60
33 61
33 65
33 68
33 71
33 73
33 75
33 78
33 85
33 89
33 93
33 94
33 95
33 98
33 99
33 102
33 103
33 108
33 112
33 113
33 115
33 118
34 35
34 43
34 44
34 45
34 46
34 50
34 52
34 54
34 57
34 59
34 60
34 63
34 64
34 66
34 67
34 68
34 69
34 70
34 75
34 77
34 78
34 82
34 84
34 89
34 91
34 95
34 97
34 101
34 104
34 108
34 109
34 112
34 115
34 117
34 119
35 36
35 39
35 40
35 43
35 46
35 52
35 53
35 55
35 58
35 60
35 61
35 62
35 63
35 65
35 67
35 73
35 74
35 76
35 78
35 80
35 82
35 92
35 93
35 97
35 98
35 102
35 105
35 111
35 114
35 115
35 116
36 38
36 44
36 45
36 53
36 56
36 57
36 70
36 71
36 74
36 87
36 93
36 94
36 95
36 96
36 99
36 106
36 108
36 111
36 114
36 115
36 116
36 118
37 38
37 40
37 41
37 42
37 57
37 59
37 61
37 64
37 66
37 67
37 71
37 73
37 75
37 79
37 81
37 83
37 84
37 87
37 88
37 91
37 92
37 97
37 101
37 102
37 106
37 110
37 112
37 113
37 117
38 43
38 44
38 46
38 47
38 52
38 53
38 54
38 55
38 56
38 57
38 63
38 64
38 65
38 66
38 67
38 70
38 75
38 79
38 81
38 84
38 85
38 88
38 90
38 95
38 96
38 98
38 99
38 102
38 106
38 107
38 111
38 117
38 118
38 119
39 40
39 50
39 54
39 55
39 64
39 70
39 74
39 75
39 76
39 80
39 82
39 88
39 91
39 93
39 100
39 104
39 107
39 115
40 43
40 50
40 57
40 60
40 62
40 66
40 68
40 73
40 74
40 78
40 79
40 82
40 83
40 84
40 89
40 93
40 95
40 97
40 100
40 101
40 110
40 114
40 117
40 118
41 42
41 43
41 44
41 48
41 49
41 50
41 52
41 54
41 59
41 65
41 67
41 68
41 69
41 74
41 76
41 78
41 79
41 80
41 82
41 86
41 87
41 90
41 91
41 92
41 95
41 97
41 102
41 109
41 113
41 116
41 117
42 52
42 57
42 58
42 67
42 71
42 77
42 79
42 82
42 84
42 85
42 89
42 93
42 95
42 101
42 103
42 104
42 106
42 107
42 109
42 111
42 114
42 117
42 118
43 46
43 53
43 55
43 57
43 59
43 63
43 65
43 67
43 71
43 72
43 73
43 74
43 83
43 87
43 91
43 93
43 97
43 99
43 101
43 102
43 103
43 104
43 107
43 108
43 109
43 111
43 114
43 117
43 119
44 45
44 46
44 51
44 52
44 53
44 56
44 61
44 63
44 68
44 75
44 76
44 78
44 80
44 82
44 83
44 84
44 93
44 94
44 100
44 105
44 106
44 109
44 111
44 115
44 118
45 46
45 47
45 49
45 50
45 57
45 60
45 62
45 64
45 73
45 74
45 78
45 79
45 85
45 90
45 91
45 95
45 102
45 105
45 110
45 115
45 118
46 51
46 63
46 64
46 67
46 70
46 71
46 72
46 75
46 78
46 80
46 84
46 85
46 87
46 88
46 89
46 96
46 98
46 102
46 104
46 108
46 112
46 118
47 48
47 51
47 54
47 57
47 67
47 73
47 79
47 81
47 82
47 83
47 84
47 94
47 97
47 100
47 103
47 105
47 106
47 107
47 108
47 110
47 114
47 115
47 116
48 51
48 52
48 53
48 56
48 59
48 60
48 63
48 64
48 67
48 70
48 74
48 83
48 85
48 86
48 87
48 90
48 91
48 95
48 97
48 99
48 102
48 106
48 109
48 111
48 114
48 116
48 117
49 51
49 53
49 57
49 60
49 62
49 63
49 64
49 66
49 67
49 68
49 70
49 73
49 74
49 76
49 78
49 81
49 84
49 85
49 92
49 95
49 96
49 97
49 104
49 107
49 108
49 110
49 111
49 113
50 61
50 62
50 64
50 65
50 70
50 71
50 74
50 82
50 83
50 85
50 86
50 87
50 89
50 94
50 100
50 102
50 116
50 118
50 119
51 53
51 54
51 55
51 57
51 61
51 64
51 68
51 70
51 72
51 74
51 78
51 80
51 82
51 83
51 84
51 85
51 86
51 87
51 88
51 89
51 94
51 96
51 97
51 98
51 106
51 107
51 108
51 112
51 113
51 115
51 117
51 119
52 58
52 59
52 61
52 66
52 68
52 69
52 71
52 72
52 80
52 84
52 90
52 91
52 94
52 96
52 97
52 98
52 99
52 103
52 104
52 108
52 116
52 117
53 55
53 56
53 57
53 58
53 62
53 71
53 74
53 75
53 79
53 80
53 81
53 82
53 84
53 88
53 90
53 91
53 94
53 96
53 97
53 102
53 104
53 105
53 109
53 111
53 116
53 117
53 118
54 55
54 56
54 59
54 61
54 63
54 64
54 66
54 71
54 73
54 75
54 76
54 82
54 85
54 90
54 93
54 95
54 97
54 98
54 100
54 102
54 106
54 114
54 115
54 118
54 119
55 56
55 58
55 60
55 61
55 63
55 66
55 69
55 70
55 72
55 73
55 75
55 76
55 78
55 80
55 82
55 85
55 87
55 88
55 93
55 94
55 96
55 98
55 102
55 103
55 105
55 107
55 108
55 113
55 114
56 57
56 62
56 65
56 67
56 72
56 73
56 76
56 77
56 78
56 80
56 81
56 83
56 84
56 86
56 88
56 89
56 95
56 97
56 99
56 100
56 101
56 102
56 104
56 105
56 106
56 107
56 113
56 116
56 118
57 59
57 62
57 63
57 66
57 68
57 77
57 78
57 80
57 90
57 92
57 99
57 100
57 101
57 102
57 106
57 111
57 113
57 116
57 119
58 59
58 60
58 62
58 67
58 71
58 73
58 76
58 79
58 82
58 83
58 86
58 87
58 89
58 93
58 95
58 98
58 101
58 106
58 108
58 111
59 61
59 66
59 73
59 74
59 78
59 79
59 85
59 100
59 101
59 107
59 111
59 113
59 114
59 115
59 116
59 117
60 61
60 67
60 69
60 71
60 72
60 74
60 78
60 79
60 80
60 84
60 88
60 89
60 90
60 94
60 95
60 96
60 101
60 102
60 108
60 109
60 112
60 114
60 116
60 118
61 62
61 67
61 69
61 70
61 80
61 83
61 86
61 89
61 90
61 93
61 95
61 98
61 99
61 100
61 101
61 104
61 108
61 109
61 111
61 113
61 115
61 118
61 119
62 66
62 69
62 72
62 74
62 76
62 77
62 78
62 80
62 81
62 88
62 91
62 93
62 94
62 95
62 96
62 101
62 103
62 108
62 112
62 115
62 117
62 118
62 119
63 64
63 66
63 72
63 75
63 76
63 79
63 82
63 90
63 97
63 99
63 100
63 102
63 104
63 109
63 110
63 112
63 116
64 65
64 66
64 67
64 71
64 74
64 81
64 82
64 84
64 88
64 90
64 94
64 96
64 97
64 100
64 108
64 112
64 116
64 117
64 118
65 68
65 74
65 77
65 80
65 82
65 85
65 86
65 88
65 90
65 93
65 96
65 97
65 100
65 104
65 105
65 107
65 111
65 112
65 115
65 118
65 119
66 67
66 68
66 69
66 70
66 76
66 77
66 78
66 80
66 83
66 85
66 94
66 96
66 103
66 108
66 112
66 118
67 68
67 70
67 71
67 72
67 75
67 77
67 78
67 85
67 87
67 91
67 94
67 95
67 96
67 98
67 100
67 102
67 103
67 106
67 109
67 110
67 111
67 114
67 115
67 116
67 118
68 75
68 78
68 81
68 82
68 84
68 90
68 92
68 99
68 109
68 111
69 70
69 73
69 81
69 85
69 86
69 90
69 93
69 96
69 101
69 102
69 104
69 108
69 109
69 110
69 111
69 112
69 114
69 116
70 71
70 73
70 74
70 78
70 79
70 83
70 84
70 85
70 90
70 93
70 94
70 96
70 97
70 102
70 111
70 113
70 115
70 119
71 75
71 79
71 80
71 84
71 88
71 90
71 101
71 102
71 103
71 105
71 106
71 113
71 115
71 117
72 77
72 79
72 81
72 93
72 94
72 100
72 102
72 103
72 109
72 110
72 111
72 114
72 118
73 79
73 80
73 83
73 84
73 85
73 87
73 88
73 90
73 93
73 95
73 99
73 105
73 111
73 115
73 116
74 78
74 80
74 83
74 86
74 91
74 93
74 95
74 102
74 103
74 105
74 107
74 110
74 111
74 112
74 114
74 115
74 119
75 81
75 82
75 86
75 87
75 90
75 92
75 94
75 95
75 96
75 97
75 99
75 100
75 103
75 105
75 108
75 110
75 111
75 112
75 113
75 115
75 118
75 119
76 77
76 78
76 79
76 80
76 81
76 82
76 83
76 84
76 85
76 86
76 87
76 91
76 93
76 95
76 98
76 99
76 100
76 103
76 104
76 107
76 110
76 116
77 78
77 80
77 81
77 83
77 86
77 89
77 90
77 94
77 105
77 106
77 113
77 115
78 81
78 85
78 86
78 87
78 92
78 93
78 96
78 97
78 100
78 101
78 105
78 109
78 111
78 117
78 118
79 82
79 83
79 84
79 85
79 90
79 95
79 96
79 102
79 106
79 107
79 108
79 113
79 114
79 115
80 81
80 83
80 85
80 87
80 89
80 93
80 94
80 96
80 97
80 108
80 113
80 115
80 116
80 118
81 82
81 90
81 91
81 93
81 94
81 97
81 99
81 104
81 112
81 114
81 117
81 119
82 86
82 88
82 90
82 91
82 102
82 103
82 105
82 106
82 107
82 111
82 113
82 116
82 117
82 119
83 89
83 92
83 93
83 94
83 97
83 100
83 102
83 103
83 104
83 105
83 107
83 108
83 109
83 116
83 117
84 87
84 88
84 92
84 95
84 96
84 97
84 98
84 101
84 102
84 103
84 104
84 109
84 110
84 111
84 113
84 116
85 88
85 97
85 98
85 107
85 109
85 110
85 111
85 118
85 119
86 87
86 90
86 92
86 94
86 95
86 98
86 99
86 101
86 103
86 105
86 106
86 107
86 110
86 112
86 113
86 116
87 97
87 98
87 99
87 100
87 101
87 104
87 114
87 115
87 117
87 118
88 93
88 94
88 100
88 101
88 109
88 114
88 119
89 94
89 99
89 101
89 105
89 119
90 91
90 94
90 97
90 100
90 102
90 108
90 109
90 112
90 113
90 117
91 94
91 97
91 98
91 103
91 104
91 105
91 106
91 107
91 108
91 113
91 115
92 94
92 96
92 98
92 100
92 105
92 106
92 108
92 109
92 110
92 114
92 116
92 119
93 94
93 95
93 96
93 102
93 107
93 109
93 111
93 115
94 101
94 106
94 111
94 112
94 113
94 114
94 117
94 118
95 97
95 103
95 104
95 105
95 108
95 111
95 115
95 117
95 118
96 98
96 99
96 100
96 101
96 103
96 106
96 107
96 115
96 118
96 119
97 99
97 107
97 110
97 113
97 114
97 118
98 99
98 102
98 104
98 107
98 113
98 116
98 117
98 118
98 119
99 103
99 107
99 111
99 112
99 114
99 115
99 117
99 119
100 101
100 103
100 110
100 112
100 114
100 119
101 109
101 111
101 113
101 117
102 103
102 105
102 109
102 112
102 113
102 115
102 119
103 105
103 106
103 108
103 110
103 111
103 113
103 118
104 105
104 107
104 111
104 112
104 113
105 107
105 108
105 109
105 111
105 113
105 114
106 108
106 115
107 108
107 109
107 110
107 114
108 113
108 117
110 115
110 116
110 117
110 119
111 116
111 117
111 119
112 116
112 119
113 114
113 116
113 118
114 115
114 117
114 119
115 118
117 118
118 119
