0 1
0 2
0 3
0 4
0 5
0 6
0 7
0 8
0 9
0 10
0 11
0 12
0 13
0 14
0 15
0 16
0 17
0 18
0 19
0 20
0 21
0 24
0 25
0 26
0 27
0 28
0 30
0 32
0 33
0 34
0 37
0 38
0 42
0 44
0 45
0 46
0 47
0 49
0 50
0 51
0 55
0 60
0 64
0 65
0 66
0 79
0 80
0 85
0 87
0 89
0 91
0 93
0 96
0 98
0 105
0 108
0 109
0 111
0 118
0 119
1 11
1 13
1 21
1 31
1 41
1 44
1 49
1 52
1 54
1 67
1 75
1 77
1 84
1 96
1 100
1 102
1 112
1 119
2 11
2 12
2 14
2 15
2 18
2 19
2 26
2 27
2 30
2 32
2 33
2 34
2 35
2 37
2 39
2 41
2 44
2 48
2 55
2 56
2 59
2 63
2 64
2 71
2 72
2 74
2 90
2 98
2 104
2 105
2 108
2 115
3 11
3 12
3 15
3 16
3 17
3 19
3 21
3 35
3 37
3 54
3 56
3 59
3 61
3 67
3 83
3 104
4 11
4 12
4 13
4 14
4 16
4 17
4 18
4 19
4 21
4 24
4 25
4 27
4 31
4 32
4 34
4 39
4 41
4 42
4 43
4 44
4 51
4 65
4 71
4 77
4 80
4 82
4 97
4 103
4 107
4 110
4 113
4 114
4 115
5 11
5 13
5 14
5 15
5 20
5 23
5 24
5 25
5 30
5 35
5 36
5 55
5 56
5 63
5 72
5 78
5 85
5 88
5 94
6 11
6 12
6 13
6 14
6 15
6 16
6 19
6 20
6 21
6 22
6 24
6 28
6 29
6 33
6 37
6 38
6 42
6 43
6 46
6 47
6 52
6 54
6 58
6 60
6 61
6 64
6 68
6 76
6 78
6 91
6 95
6 106
6 117
7 12
7 14
7 16
7 26
7 30
7 33
7 45
7 74
7 116
8 11
8 12
8 13
8 21
8 23
8 25
8 29
8 32
8 39
8 58
8 71
8 99
9 11
9 12
9 13
9 14
9 15
9 16
9 17
9 18
9 19
9 20
9 22
9 23
9 26
9 28
9 30
9 36
9 37
9 38
9 40
9 47
9 49
9 52
9 59
9 63
9 65
9 66
9 67
9 68
9 70
9 72
9 79
9 80
9 83
9 84
9 98
9 99
9 106
9 107
9 108
9 109
9 110
9 113
9 115
10 11
10 12
10 13
10 17
10 19
10 22
10 24
10 25
10 27
10 28
10 30
10 34
10 47
10 58
10 64
10 72
10 74
10 76
10 79
10 80
10 81
10 84
10 100
11 12
11 13
11 14
11 15
11 16
11 18
11 20
11 21
11 22
11 23
11 24
11 25
11 26
11 27
11 29
11 30
11 33
11 35
11 41
11 46
11 48
11 50
11 52
11 55
11 57
11 61
11 62
11 66
11 71
11 73
11 75
11 78
11 80
11 81
11 86
11 91
11 94
11 95
11 97
11 100
11 105
11 111
11 113
11 118
12 13
12 14
12 15
12 16
12 17
12 18
12 20
12 21
12 22
12 23
12 25
12 26
12 28
12 29
12 30
12 33
12 34
12 35
12 36
12 37
12 38
12 39
12 40
12 42
12 43
12 46
12 47
12 48
12 49
12 51
12 52
12 53
12 55
12 59
12 60
12 61
12 62
12 65
12 72
12 73
12 74
12 77
12 80
12 84
12 86
12 94
12 95
12 101
12 105
12 117
12 118
12 119
13 14
13 15
13 16
13 17
13 18
13 20
13 22
13 26
13 30
13 31
13 32
13 34
13 41
13 42
13 43
13 44
13 45
13 47
13 51
13 59
13 71
13 73
13 75
13 78
13 82
13 84
13 87
13 93
13 95
13 96
13 101
13 104
13 106
13 115
14 15
14 16
14 17
14 18
14 19
14 21
14 22
14 23
14 26
14 27
14 28
14 29
14 33
14 35
14 36
14 38
14 42
14 43
14 48
14 49
14 50
14 53
14 54
14 55
14 56
14 61
14 65
14 66
14 69
14 73
14 74
14 76
14 81
14 90
14 93
14 94
14 98
14 104
14 107
15 17
15 18
15 23
15 24
15 29
15 31
15 33
15 36
15 50
15 53
15 54
15 56
15 68
15 89
15 93
15 101
15 116
16 17
16 18
16 20
16 21
16 23
16 25
16 27
16 28
16 31
16 32
16 33
16 34
16 36
16 38
16 40
16 42
16 43
16 45
16 48
16 51
16 55
16 70
16 77
16 85
16 87
16 95
16 113
16 116
16 118
17 19
17 20
17 22
17 23
17 27
17 35
17 36
17 45
17 53
17 60
17 62
17 67
17 79
17 89
17 98
17 112
17 114
18 19
18 24
18 25
18 28
18 38
18 39
18 40
18 41
18 42
18 43
18 44
18 45
18 46
18 50
18 51
18 52
18 61
18 62
18 63
18 70
18 76
18 85
18 87
18 90
18 102
18 104
18 118
18 119
19 20
19 27
19 29
19 30
19 38
19 39
19 43
19 46
19 47
19 50
19 59
19 60
19 67
19 88
19 92
19 93
19 96
19 110
20 22
20 24
20 29
20 31
20 35
20 37
20 51
20 53
20 58
20 60
20 62
20 70
20 73
20 83
20 92
20 99
21 22
21 26
21 27
21 40
21 47
21 50
21 52
21 58
21 69
21 86
21 90
21 91
21 93
21 99
21 100
21 102
21 114
22 23
22 26
22 36
22 43
22 44
22 48
22 58
22 68
22 69
22 81
22 85
22 87
22 89
22 109
22 115
22 118
23 24
23 28
23 32
23 34
23 40
23 49
23 51
23 53
23 54
23 59
23 65
23 74
23 76
23 96
23 100
23 108
23 109
24 25
24 32
24 34
24 37
24 39
24 40
24 44
24 46
24 56
24 57
24 58
24 61
24 65
24 92
24 101
24 102
24 105
24 114
24 116
25 28
25 29
25 31
25 41
25 46
25 82
25 87
25 93
25 106
26 32
26 52
26 59
26 62
26 63
26 75
26 77
26 80
26 88
26 92
26 95
26 101
26 105
27 29
27 31
27 33
27 35
27 42
27 45
27 46
27 54
27 55
27 64
27 66
27 83
27 96
27 99
27 101
27 107
28 32
28 41
28 47
28 48
28 57
28 74
28 75
28 94
28 97
28 103
28 106
28 111
28 118
29 31
29 34
29 37
29 40
29 44
29 49
29 51
29 53
29 55
29 57
29 70
29 72
29 73
29 81
29 83
29 99
29 101
29 107
29 108
29 112
29 119
30 31
30 40
30 42
30 45
30 49
30 57
30 77
30 82
30 94
31 35
31 53
31 57
31 59
31 68
31 70
31 73
31 74
31 78
31 82
31 106
32 43
32 45
32 53
32 60
32 61
32 66
32 67
32 78
32 91
32 106
32 110
33 36
33 38
33 40
33 48
33 50
33 52
33 56
33 63
33 69
33 71
33 82
33 86
33 88
33 95
33 114
34 37
34 41
34 49
34 50
34 100
34 102
34 109
34 112
34 113
34 118
34 119
35 36
35 39
35 92
35 103
35 108
36 39
36 44
36 51
36 57
36 67
36 68
36 79
36 81
36 83
37 38
37 39
37 48
37 62
37 76
37 88
37 90
37 102
37 112
37 114
37 115
38 60
38 61
38 64
38 66
38 75
38 86
38 102
38 104
38 111
39 41
39 46
39 67
39 72
39 84
39 88
40 58
40 78
40 85
40 94
40 96
40 105
41 48
41 54
41 58
41 60
41 62
41 70
41 71
41 76
41 82
41 83
41 84
41 89
41 109
41 117
42 54
42 66
42 109
43 45
43 50
43 53
43 56
43 69
43 75
43 76
43 78
43 91
43 92
43 98
43 107
43 116
44 65
44 73
44 87
44 89
44 97
45 49
45 61
45 63
45 69
45 80
45 85
45 104
45 110
45 115
46 47
46 52
46 55
46 63
46 79
46 86
47 64
47 70
47 87
47 110
47 111
47 116
48 57
48 64
48 87
48 88
48 90
48 92
48 100
48 102
48 108
48 110
48 117
49 63
49 69
49 76
49 79
49 90
50 54
50 68
50 74
50 78
50 112
50 119
51 56
51 58
51 71
51 80
51 90
51 100
51 105
52 60
52 64
52 69
52 82
52 86
52 97
52 98
52 104
53 57
53 59
53 62
53 65
53 67
53 72
53 73
53 77
53 79
53 91
53 110
54 87
54 91
55 56
55 57
55 63
55 93
55 94
55 103
55 108
56 67
56 68
56 72
56 79
56 83
56 88
56 89
56 95
56 97
56 101
56 106
56 107
56 109
56 111
57 64
57 69
57 89
57 92
57 98
58 66
58 71
58 75
58 80
58 93
58 99
58 111
59 103
60 62
60 88
60 113
60 117
60 119
61 68
61 76
61 77
61 88
61 97
61 108
61 119
62 65
62 70
62 71
62 77
62 94
62 97
62 105
62 115
63 68
63 96
63 109
64 66
64 74
64 81
64 83
64 84
64 89
64 92
64 110
65 69
65 79
65 85
65 112
66 70
66 113
67 72
67 82
67 86
67 97
68 75
68 77
69 81
69 106
70 73
70 81
70 84
70 99
70 102
71 85
71 95
71 118
72 75
72 78
72 83
72 86
73 100
73 115
74 90
74 94
74 98
74 102
74 103
74 116
75 85
75 90
75 95
75 98
75 103
75 117
76 92
76 96
76 103
77 91
77 97
77 104
78 81
78 101
79 103
79 111
80 86
80 109
80 115
80 117
81 82
81 110
81 112
83 84
83 99
85 89
85 93
85 113
87 91
87 101
87 108
88 96
88 116
89 111
90 111
91 100
91 113
91 116
91 117
92 104
92 114
93 107
93 114
93 117
94 112
97 99
97 114
98 118
99 103
99 105
99 107
99 112
102 113
102 116
104 106
104 107
104 114
107 117
117 119
