0 1
0 2
0 3
0 4
0 5
0 6
0 7
0 8
0 9
0 13
0 14
0 15
0 16
0 21
0 24
0 25
0 28
0 30
0 32
0 38
0 41
0 45
0 57
0 60
0 74
0 77
0 78
0 90
0 91
0 96
0 98
0 103
0 105
0 115
0 118
1 6
1 13
1 22
1 29
1 31
1 36
1 42
1 57
1 70
1 82
1 108
1 109
2 18
2 24
2 35
2 52
3 6
3 7
3 8
3 10
3 12
3 18
3 19
3 20
3 21
3 27
3 28
3 31
3 32
3 39
3 42
3 55
3 60
3 69
3 71
3 72
3 79
3 88
3 92
3 116
3 118
4 6
4 7
4 8
4 11
4 14
4 22
4 30
4 36
4 76
4 97
4 108
4 119
5 6
5 7
5 9
5 10
5 12
5 14
5 20
5 21
5 23
5 25
5 31
5 33
5 36
5 37
5 38
5 70
5 87
5 114
6 7
6 8
6 9
6 10
6 11
6 12
6 13
6 16
6 17
6 19
6 26
6 28
6 29
6 31
6 34
6 36
6 39
6 45
6 46
6 53
6 54
6 56
6 59
6 63
6 67
6 79
6 80
6 81
6 83
6 85
6 86
6 95
6 105
6 109
6 117
7 8
7 9
7 10
7 12
7 15
7 16
7 17
7 18
7 19
7 21
7 23
7 24
7 25
7 37
7 45
7 46
7 48
7 55
7 56
7 58
7 62
7 77
7 103
7 110
7 112
8 9
8 11
8 12
8 14
8 15
8 19
8 20
8 25
8 29
8 52
8 55
8 56
8 67
8 70
8 76
8 80
8 93
9 10
9 11
9 15
9 16
9 18
9 22
9 30
9 39
9 43
9 44
9 47
9 50
9 53
9 63
9 68
9 76
9 89
9 97
9 103
9 110
9 114
10 11
10 17
10 23
10 26
10 34
10 40
10 45
10 61
10 93
10 111
10 114
11 13
11 14
11 23
11 34
11 41
11 42
11 44
11 45
11 48
11 49
11 51
11 73
11 76
11 93
11 99
11 107
12 13
12 15
12 26
12 31
12 32
12 33
12 34
12 40
12 50
12 51
12 58
12 61
12 65
12 74
12 100
12 102
12 109
13 33
13 38
13 79
13 80
13 82
13 95
13 97
14 16
14 18
14 19
14 20
14 24
14 27
14 30
14 37
14 39
14 47
14 54
14 57
14 61
14 62
14 77
14 105
14 112
15 17
15 22
15 25
15 32
15 63
15 83
15 91
15 94
15 100
15 106
16 17
16 24
16 46
16 48
16 88
16 117
17 20
17 22
17 23
17 48
17 49
17 62
17 64
17 80
17 85
17 93
17 109
18 35
18 51
18 54
18 64
18 74
19 21
19 27
19 35
19 50
19 64
19 66
19 77
19 81
20 35
20 42
20 48
20 68
20 71
20 72
20 81
20 86
20 89
20 110
21 26
21 27
21 29
21 36
21 40
21 42
21 43
21 44
21 47
21 49
21 51
21 57
21 58
21 61
21 63
21 64
21 66
21 70
21 75
21 83
21 84
21 106
21 114
21 117
22 26
22 32
22 39
22 40
23 28
23 33
23 43
23 65
23 102
23 116
24 54
24 66
24 78
24 91
24 111
25 27
25 28
25 35
25 37
25 47
25 55
25 71
25 116
26 30
26 34
26 52
26 58
26 73
26 75
26 79
27 29
27 41
27 44
27 66
27 99
27 106
27 108
27 119
28 40
28 49
28 69
28 84
28 99
29 77
29 92
29 98
30 74
30 95
30 97
31 33
31 38
31 50
31 59
31 61
31 81
32 37
32 43
32 46
32 72
32 87
33 59
33 72
33 94
34 50
34 52
34 59
34 90
35 38
35 41
35 74
35 85
36 75
36 83
37 41
37 67
37 73
37 92
37 101
37 102
37 113
37 118
38 43
38 46
38 49
38 52
38 82
38 86
38 96
38 117
39 60
39 69
39 87
39 88
39 116
39 119
40 64
40 79
41 44
41 47
41 87
41 97
41 106
42 53
42 84
43 51
43 119
44 72
44 110
45 54
45 55
45 56
45 66
46 58
47 56
47 78
47 96
47 113
48 53
48 62
48 88
49 65
49 85
51 60
51 63
51 71
51 78
51 86
51 104
51 115
51 119
52 53
52 73
52 88
52 96
52 107
52 112
53 73
53 103
53 115
54 57
54 60
54 85
54 90
54 98
54 101
55 92
55 99
55 112
56 65
56 111
57 59
57 68
57 69
58 67
58 68
58 71
58 83
58 86
58 90
58 113
59 69
59 84
60 62
60 101
61 65
61 75
61 104
61 111
61 112
61 117
62 68
62 101
63 105
64 80
64 89
64 95
64 98
64 110
65 76
65 78
65 99
66 67
66 91
66 103
66 107
67 75
67 115
69 70
69 82
69 115
70 95
70 104
70 108
70 113
72 84
73 81
73 82
73 106
75 89
76 93
76 118
77 89
77 100
77 107
77 114
78 87
79 91
79 94
79 102
82 90
83 94
84 100
85 108
86 109
87 98
89 100
90 92
90 96
90 101
90 104
93 94
94 118
97 107
98 111
98 113
99 102
102 104
103 105
106 116
