0 1
0 2
0 3
0 4
0 5
0 6
0 7
0 8
0 9
0 10
0 11
0 12
0 13
0 14
0 15
0 16
0 17
0 18
0 19
0 20
0 21
0 22
0 23
0 24
0 25
0 27
0 31
0 32
0 35
0 36
0 37
0 39
0 40
0 44
0 49
0 50
0 51
0 53
0 54
0 55
0 56
0 58
0 61
0 62
0 64
0 66
0 68
0 71
0 75
0 77
0 79
0 81
0 88
0 90
0 97
0 100
0 102
0 105
0 107
0 110
0 115
0 116
1 11
1 12
1 13
1 14
1 15
1 16
1 18
1 25
1 26
1 30
1 38
1 41
1 56
1 62
1 71
1 78
1 82
1 87
2 11
2 12
2 15
2 17
2 18
2 22
2 24
2 26
2 28
2 31
2 35
2 39
2 40
2 41
2 42
2 43
2 44
2 47
2 52
2 61
2 67
2 81
2 83
2 87
2 92
2 95
2 101
2 104
2 109
2 116
3 11
3 12
3 13
3 14
3 16
3 17
3 18
3 19
3 20
3 21
3 31
3 32
3 33
3 35
3 37
3 38
3 39
3 45
3 47
3 51
3 59
3 62
3 70
3 72
3 77
3 93
3 109
3 111
3 113
4 11
4 12
4 13
4 15
4 17
4 21
4 24
4 25
4 27
4 29
4 32
4 33
4 37
4 42
4 45
4 46
4 56
4 57
4 59
4 70
4 75
4 76
4 83
4 90
4 102
4 104
5 11
5 12
5 13
5 21
5 29
5 38
5 39
5 51
5 56
5 76
5 79
5 85
5 94
5 101
5 105
5 115
6 11
6 14
6 16
6 18
6 29
6 32
6 37
6 40
6 43
6 44
6 52
6 63
6 67
6 70
6 84
6 85
6 97
6 101
6 109
6 118
7 11
7 12
7 13
7 14
7 15
7 19
7 23
7 25
7 30
7 32
7 33
7 35
7 49
7 59
7 60
7 68
7 71
7 73
7 78
7 80
7 81
7 88
7 100
7 113
8 11
8 13
8 14
8 16
8 17
8 18
8 20
8 24
8 28
8 29
8 32
8 41
8 45
8 46
8 47
8 52
8 57
8 64
8 79
8 99
8 102
8 105
8 111
8 113
8 114
9 11
9 12
9 13
9 14
9 15
9 16
9 18
9 19
9 21
9 25
9 28
9 31
9 32
9 34
9 37
9 39
9 41
9 45
9 58
9 60
9 67
9 77
9 91
9 102
10 12
10 20
11 12
11 13
11 14
11 15
11 16
11 17
11 18
11 19
11 20
11 21
11 22
11 23
11 24
11 26
11 27
11 28
11 35
11 41
11 43
11 44
11 46
11 47
11 50
11 51
11 56
11 57
11 60
11 61
11 64
11 66
11 69
11 70
11 72
11 74
11 79
11 83
11 89
11 90
11 91
11 92
11 100
11 104
11 115
12 13
12 14
12 15
12 16
12 17
12 19
12 20
12 21
12 22
12 24
12 25
12 27
12 30
12 34
12 35
12 38
12 39
12 42
12 47
12 49
12 53
12 54
12 55
12 57
12 65
12 71
12 73
12 74
12 79
12 82
12 84
12 92
12 94
12 95
12 96
12 105
12 110
13 14
13 15
13 17
13 18
13 19
13 20
13 22
13 24
13 26
13 31
13 32
13 33
13 34
13 38
13 40
13 41
13 44
13 46
13 48
13 49
13 50
13 53
13 60
13 61
13 62
13 69
13 70
13 75
13 82
13 84
13 85
13 87
13 88
13 90
13 95
13 100
13 103
13 111
13 114
14 15
14 16
14 17
14 18
14 20
14 22
14 23
14 25
14 26
14 28
14 29
14 30
14 31
14 34
14 36
14 39
14 41
14 42
14 43
14 50
14 51
14 57
14 58
14 65
14 66
14 69
14 70
14 72
14 75
14 76
14 77
14 84
14 86
14 88
14 95
14 98
14 100
14 115
14 119
15 16
15 19
15 20
15 22
15 26
15 28
15 33
15 34
15 37
15 42
15 45
15 51
15 53
15 54
15 55
15 56
15 59
15 72
15 85
15 87
15 93
15 98
15 106
15 114
15 118
16 17
16 21
16 23
16 26
16 27
16 28
16 31
16 33
16 39
16 43
16 47
16 50
16 52
16 54
16 63
16 65
16 83
16 87
16 93
16 94
16 97
16 107
17 19
17 22
17 24
17 25
17 27
17 30
17 34
17 41
17 45
17 46
17 48
17 49
17 53
17 54
17 59
17 65
17 67
17 73
17 76
17 90
17 94
17 107
17 108
17 109
17 117
17 118
18 19
18 21
18 22
18 23
18 24
18 27
18 29
18 30
18 36
18 38
18 40
18 50
18 51
18 54
18 62
18 65
18 67
18 70
18 73
18 75
18 76
18 78
18 93
18 96
18 97
18 98
18 99
18 101
18 113
19 20
19 22
19 23
19 29
19 33
19 35
19 37
19 40
19 43
19 46
19 52
19 66
19 73
19 78
19 89
19 90
19 93
19 94
19 106
19 112
20 21
20 23
20 24
20 25
20 26
20 27
20 33
20 36
20 46
20 47
20 78
20 79
20 84
20 89
20 91
20 96
20 98
20 104
21 23
21 30
21 35
21 48
21 50
21 52
21 53
21 59
21 78
21 83
21 98
22 23
22 26
22 27
22 28
22 29
22 30
22 31
22 35
22 57
22 59
22 63
22 66
22 69
22 71
22 73
22 75
22 93
22 100
22 116
23 28
23 30
23 34
23 35
23 47
23 61
23 62
23 67
23 70
23 72
23 89
23 108
24 25
24 27
24 29
24 32
24 36
24 38
24 43
24 51
24 55
24 57
24 64
24 68
24 76
24 77
24 78
24 80
24 82
24 88
24 91
24 103
24 115
24 118
24 119
25 26
25 31
25 33
25 36
25 45
25 60
25 71
25 96
25 99
25 106
26 29
26 32
26 36
26 53
26 61
26 79
26 80
26 82
26 86
26 90
26 94
26 95
26 99
26 106
26 108
27 28
27 34
27 38
27 48
27 55
27 57
27 91
27 93
28 30
28 45
28 48
28 49
28 50
28 104
28 106
28 112
28 113
28 116
29 34
29 36
29 40
29 42
29 48
29 49
29 50
29 54
29 56
29 60
29 65
29 66
29 67
30 31
30 33
30 34
30 36
30 38
30 40
30 43
30 48
30 56
30 58
30 59
30 64
30 69
30 71
30 72
30 75
30 83
30 85
30 92
30 94
30 97
30 101
30 105
30 107
30 112
31 36
31 37
31 44
31 46
31 51
31 54
31 58
31 61
31 81
31 92
31 100
31 107
32 37
32 49
32 63
32 76
32 90
32 101
32 104
32 107
32 114
33 37
33 41
33 42
33 43
33 52
33 70
33 74
33 77
33 84
33 87
33 104
33 110
33 112
33 115
34 40
34 44
34 47
34 74
34 87
34 93
34 114
35 38
35 44
35 55
35 60
35 64
35 84
35 108
35 112
35 119
36 39
36 40
36 48
36 58
36 62
36 63
36 66
36 74
36 85
36 89
36 90
36 95
36 108
36 109
36 119
37 39
37 41
37 49
37 52
37 53
37 60
37 66
37 68
37 73
37 75
37 91
37 92
37 94
37 112
37 113
38 42
38 45
38 47
38 58
38 61
38 62
38 76
38 81
38 99
38 114
39 42
39 43
39 46
39 53
39 54
39 56
39 57
39 62
39 64
39 74
39 81
39 82
39 92
39 97
39 100
39 102
39 103
39 111
39 112
40 42
40 45
40 46
40 55
40 56
40 80
40 81
40 86
40 95
40 96
40 109
41 68
41 72
41 80
41 82
41 92
41 102
41 103
41 114
42 44
42 51
42 61
42 67
42 71
42 83
42 86
42 91
42 101
42 105
42 111
42 112
43 44
43 55
43 73
43 74
43 80
43 84
43 85
44 48
44 52
44 63
44 69
44 71
44 72
44 80
44 99
44 102
45 55
45 60
45 63
45 81
45 87
46 48
46 50
46 53
46 54
46 64
46 73
46 88
46 110
46 118
46 119
47 49
47 69
47 98
48 57
48 69
48 75
48 85
48 86
48 105
49 52
49 58
49 61
49 62
49 65
49 67
49 68
49 71
49 72
49 74
49 88
49 91
49 104
49 109
49 116
50 58
50 59
50 63
50 68
50 69
50 85
50 89
50 103
50 111
51 55
51 64
51 65
51 68
51 80
51 86
51 97
51 106
52 59
52 77
52 81
52 107
52 116
52 118
53 78
53 108
54 60
54 68
54 78
54 80
54 85
54 99
54 101
54 106
54 110
55 58
55 67
55 87
56 63
56 64
56 65
56 99
57 77
57 83
57 88
57 94
58 98
59 63
59 68
59 76
60 66
60 69
60 70
60 82
60 86
60 96
60 99
60 104
60 116
60 117
61 81
61 97
61 107
61 115
62 73
62 79
62 99
62 116
62 119
63 66
63 72
63 82
63 83
63 84
63 92
63 97
63 103
63 114
64 65
64 82
64 86
64 108
65 77
65 86
65 89
65 96
65 112
66 84
66 88
66 103
66 105
66 108
66 113
67 79
68 98
68 105
69 100
70 77
70 89
70 91
70 92
70 95
70 119
71 75
71 88
71 101
72 74
72 93
72 115
73 74
73 78
73 87
73 94
73 115
74 95
75 76
75 110
75 117
76 79
76 112
76 116
77 110
77 111
78 105
78 117
79 80
79 83
79 93
79 113
80 119
81 96
81 113
81 115
82 86
82 89
82 90
82 96
82 98
82 109
83 110
83 118
84 102
84 118
85 96
85 102
85 103
86 89
86 95
87 111
89 110
89 114
90 91
90 106
90 108
90 109
90 117
91 103
91 117
92 98
93 116
93 117
94 107
95 97
95 110
97 104
97 106
97 107
97 117
98 100
98 101
98 106
98 108
98 113
98 119
99 102
99 103
100 111
102 109
105 114
107 118
108 111
109 118
110 117
110 119
111 117
