0 1
0 25
0 96
0 2
1 20
1 69
1 119
2 3
2 70
2 5
3 6
3 42
3 67
4 5
4 41
4 23
4 44
5 114
5 97
6 7
6 69
6 43
7 59
7 48
7 12
8 9
8 48
8 82
8 92
9 16
9 12
9 117
10 11
10 28
10 51
10 108
11 12
11 93
11 100
12 13
13 31
13 46
13 115
14 15
14 32
14 79
14 116
15 79
15 51
15 80
16 63
16 101
16 97
17 18
17 106
17 111
17 101
18 23
18 54
18 43
19 20
19 107
19 68
19 89
20 89
20 94
21 22
21 38
21 37
21 87
22 48
22 112
22 35
23 28
23 115
24 25
24 53
24 34
24 116
25 98
25 106
26 27
26 52
26 30
26 57
27 33
27 91
27 82
28 29
28 40
29 105
29 70
29 117
30 31
30 62
30 82
31 114
31 58
32 61
32 74
32 36
33 34
33 73
33 81
34 60
34 52
35 36
35 61
35 53
36 56
36 99
37 38
37 79
37 82
38 64
38 59
39 40
39 42
39 113
39 68
40 98
40 104
41 69
41 87
41 83
42 43
42 91
43 74
44 45
44 103
44 118
45 65
45 110
45 81
46 47
46 100
46 117
47 64
47 58
47 67
48 99
49 50
49 75
49 92
49 85
50 66
50 71
50 56
51 52
51 108
52 80
53 70
53 88
54 55
54 83
54 114
55 58
55 112
55 109
56 57
56 79
57 87
57 109
58 95
59 60
59 66
60 65
60 71
61 100
61 65
62 63
62 109
62 77
63 97
63 95
64 105
64 86
65 103
66 101
66 119
67 68
67 102
68 78
69 116
70 96
71 84
71 93
72 73
72 88
72 103
72 94
73 112
73 102
74 88
74 84
75 76
75 93
75 96
76 113
76 110
76 98
77 78
77 110
77 87
78 81
78 86
80 88
80 94
81 112
83 84
83 90
84 116
85 86
85 107
85 100
86 109
89 90
89 105
90 104
90 111
91 92
91 98
92 111
93 94
95 96
95 119
97 108
99 113
99 107
101 102
102 117
103 104
104 113
105 106
106 118
107 110
108 119
111 118
114 115
115 118
