0 1
0 28
0 108
0 117
1 11
1 13
1 37
2 3
2 8
2 18
2 40
3 103
3 102
3 74
4 5
4 10
4 25
4 100
5 25
5 33
5 90
6 7
6 41
6 67
6 23
7 107
7 83
7 86
8 31
8 117
8 116
9 10
9 32
9 103
9 110
10 58
10 103
11 26
11 80
11 62
12 13
12 54
12 56
12 21
13 14
13 82
14 68
14 69
14 100
15 16
15 50
15 53
15 31
16 39
16 32
16 55
17 18
17 19
17 98
17 44
18 51
18 110
19 20
19 27
19 108
20 94
20 22
20 111
21 22
21 45
21 116
22 42
22 63
23 24
23 69
23 107
24 106
24 96
24 53
25 69
25 75
26 84
26 36
26 76
27 38
27 70
27 40
28 55
28 81
28 76
29 30
29 52
29 60
29 85
30 47
30 88
30 67
31 63
31 106
32 33
32 105
33 78
33 34
34 35
34 87
34 59
35 47
35 111
35 43
36 37
36 49
36 84
37 110
37 93
38 45
38 88
38 113
39 93
39 114
39 112
40 41
40 118
41 113
41 57
42 58
42 60
42 71
43 44
43 66
43 119
44 55
44 70
45 119
45 72
46 47
46 107
46 67
46 86
47 107
48 49
48 82
48 86
48 109
49 54
49 89
50 55
50 94
50 92
51 52
51 64
51 95
52 102
52 64
53 94
53 70
54 59
54 115
56 57
56 93
56 104
57 71
57 106
58 62
58 91
59 82
59 113
60 83
60 62
61 62
61 66
61 85
61 83
63 85
63 115
64 110
64 104
65 66
65 95
65 92
65 97
66 87
67 78
68 92
68 100
68 109
69 79
70 71
71 95
72 73
72 97
72 92
73 82
73 99
73 105
74 75
74 118
74 88
75 90
75 101
76 77
76 81
77 91
77 118
77 117
78 109
78 91
79 80
79 96
79 112
80 102
80 101
81 91
81 119
83 117
84 96
84 88
85 99
86 87
87 102
89 90
89 112
89 106
90 112
93 108
94 105
95 105
96 101
97 103
97 104
98 99
98 108
98 119
99 111
100 101
104 114
109 114
111 114
113 116
115 116
115 118
