0 1
0 52
0 9
0 75
1 48
1 28
1 118
2 3
2 36
2 95
2 45
3 29
3 45
3 60
4 5
4 25
4 78
4 30
5 74
5 10
5 102
6 7
6 31
6 55
6 37
7 101
7 64
7 115
8 9
8 39
8 90
8 46
9 34
9 102
10 11
10 70
10 47
11 20
11 31
11 44
12 13
12 41
12 83
12 104
13 16
13 49
13 88
14 15
14 71
14 82
14 88
15 108
15 91
15 79
16 17
16 31
16 41
17 65
17 68
17 110
18 19
18 46
18 93
18 116
19 60
19 37
19 32
20 72
20 47
20 69
21 22
21 100
21 35
21 73
22 92
22 43
22 113
23 24
23 63
23 107
23 50
24 30
24 67
24 101
25 26
25 106
25 111
26 96
26 75
26 79
27 28
27 32
27 94
27 82
28 53
28 59
29 30
29 33
29 108
30 40
31 69
32 58
32 85
33 34
33 64
33 97
34 90
34 86
35 36
35 76
35 94
36 85
36 82
37 38
37 106
38 62
38 46
38 112
39 55
39 96
39 105
40 41
40 83
40 66
41 65
42 43
42 102
42 103
42 115
43 95
43 45
44 45
44 110
44 55
46 93
47 48
47 61
48 60
48 99
49 50
49 80
49 56
50 61
50 54
51 52
51 112
51 103
51 106
52 68
52 57
53 54
53 70
53 100
54 68
54 115
55 110
56 57
56 99
56 60
57 77
57 94
58 59
58 109
58 98
59 72
59 73
61 89
61 116
62 78
62 67
62 110
63 91
63 81
63 71
64 69
64 112
65 79
65 119
66 67
66 103
66 90
67 100
68 116
69 70
70 86
71 73
71 81
72 75
72 105
73 106
74 86
74 119
74 112
75 92
76 77
76 83
76 86
77 87
77 79
78 87
78 107
80 81
80 113
80 118
81 87
82 114
83 109
84 85
84 92
84 96
84 101
85 90
87 109
88 89
88 114
89 118
89 115
91 97
91 98
92 118
93 100
93 98
94 104
95 105
95 117
96 117
97 99
97 109
98 111
99 101
102 107
103 117
104 105
104 113
107 108
108 114
111 114
111 117
113 119
116 119
