0 1
0 2
0 3
0 4
0 5
0 6
0 7
0 8
0 9
0 10
0 11
0 12
0 13
0 14
0 15
0 16
0 17
0 18
0 19
0 20
0 21
0 22
0 23
0 25
0 27
0 28
0 30
0 32
0 34
0 35
0 39
0 42
0 43
0 45
0 47
0 48
0 51
0 53
0 57
0 58
0 59
0 60
0 64
0 65
0 70
0 75
0 80
0 83
0 90
0 100
0 101
0 102
0 105
0 108
0 109
0 110
0 111
0 119
1 11
1 12
1 13
1 14
1 15
1 16
1 21
1 23
1 36
1 40
1 85
1 93
2 11
2 12
2 13
2 14
2 15
2 16
2 17
2 19
2 23
2 24
2 26
2 29
2 32
2 33
2 35
2 36
2 37
2 38
2 40
2 42
2 46
2 51
2 52
2 59
2 61
2 62
2 65
2 71
2 73
2 80
2 93
2 94
2 96
2 100
2 104
2 117
2 118
3 11
3 12
3 13
3 14
3 15
3 16
3 18
3 19
3 25
3 31
3 32
3 33
3 35
3 37
3 40
3 46
3 60
3 65
3 66
3 68
3 81
3 100
3 115
3 119
4 11
4 12
4 13
4 14
4 19
4 20
4 33
4 37
4 39
4 41
4 42
4 44
4 45
4 46
4 48
4 54
4 57
4 62
4 67
4 69
4 70
4 74
4 89
4 91
4 95
4 111
5 11
5 12
5 13
5 15
5 16
5 17
5 18
5 19
5 21
5 23
5 25
5 26
5 28
5 29
5 30
5 33
5 37
5 39
5 41
5 43
5 44
5 45
5 46
5 47
5 52
5 53
5 54
5 56
5 64
5 69
5 77
5 78
5 88
5 92
5 94
5 96
5 104
5 105
5 115
6 11
6 12
6 13
6 15
6 20
6 37
6 49
6 53
6 57
6 86
7 11
7 15
7 24
7 32
7 34
7 58
7 60
7 72
7 77
7 91
7 110
7 111
7 113
7 114
7 118
8 12
8 13
8 14
8 18
8 27
8 49
8 109
9 11
9 17
9 18
9 21
9 24
9 26
9 30
9 36
9 40
9 41
9 47
9 48
9 50
9 55
9 59
9 67
9 68
9 75
9 77
9 81
9 88
9 93
9 95
10 11
10 12
10 14
10 16
10 17
10 20
10 22
10 23
10 24
10 27
10 28
10 32
10 61
10 68
10 73
10 87
10 89
10 93
10 95
10 116
10 117
11 12
11 13
11 14
11 15
11 16
11 17
11 18
11 19
11 20
11 21
11 22
11 23
11 25
11 26
11 27
11 28
11 29
11 31
11 33
11 34
11 36
11 38
11 40
11 42
11 44
11 47
11 49
11 51
11 53
11 55
11 58
11 60
11 61
11 65
11 80
11 82
11 84
11 86
11 100
11 102
11 107
11 108
11 111
11 112
12 13
12 14
12 15
12 17
12 18
12 19
12 22
12 23
12 24
12 25
12 27
12 28
12 29
12 31
12 37
12 41
12 43
12 46
12 51
12 56
12 63
12 67
12 69
12 70
12 74
12 75
12 81
12 82
12 98
12 103
12 107
12 111
12 112
12 115
12 117
13 14
13 16
13 17
13 18
13 19
13 21
13 22
13 24
13 26
13 27
13 32
13 33
13 34
13 35
13 37
13 39
13 41
13 46
13 50
13 51
13 54
13 57
13 58
13 66
13 68
13 70
13 71
13 72
13 74
13 82
13 84
13 90
13 94
13 95
13 96
14 15
14 16
14 17
14 18
14 20
14 21
14 22
14 26
14 27
14 32
14 35
14 39
14 43
14 49
14 54
14 55
14 57
14 66
14 70
14 72
14 82
14 87
14 88
14 90
14 93
14 98
14 103
14 107
14 113
15 16
15 19
15 20
15 21
15 22
15 23
15 25
15 28
15 30
15 35
15 36
15 44
15 46
15 51
15 58
15 59
15 61
15 63
15 64
15 73
15 76
15 80
15 87
15 88
15 92
15 97
15 101
15 109
15 110
15 112
16 17
16 19
16 20
16 22
16 29
16 30
16 33
16 35
16 38
16 39
16 43
16 44
16 47
16 49
16 53
16 57
16 60
16 66
16 71
16 73
16 79
16 81
16 83
16 85
16 99
16 100
16 118
16 119
17 18
17 21
17 22
17 24
17 31
17 33
17 34
17 36
17 40
17 41
17 42
17 43
17 45
17 48
17 49
17 50
17 52
17 64
17 72
17 77
17 82
17 83
17 84
17 89
17 91
17 93
17 94
17 96
17 97
17 101
17 104
17 106
17 116
18 20
18 22
18 25
18 26
18 27
18 28
18 29
18 31
18 32
18 34
18 60
18 66
18 73
18 84
18 85
18 88
18 90
18 91
18 102
18 108
18 117
19 20
19 21
19 25
19 26
19 27
19 29
19 30
19 31
19 36
19 39
19 42
19 43
19 44
19 48
19 50
19 51
19 52
19 53
19 54
19 62
19 67
19 73
19 74
19 76
19 77
19 92
19 99
19 107
19 115
20 23
20 24
20 25
20 26
20 28
20 29
20 30
20 31
20 34
20 35
20 36
20 37
20 38
20 39
20 42
20 45
20 48
20 55
20 56
20 57
20 58
20 62
20 64
20 70
20 72
20 77
20 89
20 95
20 97
20 99
20 101
20 104
20 106
20 110
20 116
21 27
21 28
21 30
21 31
21 32
21 34
21 40
21 41
21 44
21 51
21 59
21 65
21 76
21 83
21 85
21 86
21 98
21 99
21 106
21 112
21 113
21 115
21 116
22 23
22 24
22 30
22 31
22 33
22 39
22 43
22 49
22 50
22 52
22 53
22 63
22 64
22 72
22 73
22 75
22 76
22 80
22 81
22 82
22 87
22 91
22 94
22 95
22 97
22 104
22 105
23 24
23 25
23 26
23 28
23 34
23 36
23 38
23 41
23 47
23 53
23 55
23 56
23 60
23 72
23 82
23 85
23 86
23 95
23 99
23 107
23 110
23 114
24 29
24 35
24 37
24 40
24 42
24 44
24 57
24 63
24 73
24 94
24 98
24 105
24 108
24 113
25 29
25 32
25 38
25 40
25 49
25 52
25 56
25 58
25 59
25 60
25 63
25 68
25 78
25 79
25 88
25 98
25 111
26 33
26 38
26 43
26 48
26 49
26 50
26 65
26 67
26 69
26 75
26 92
26 102
26 103
26 113
27 37
27 50
27 58
27 86
27 87
27 90
27 102
27 105
27 110
27 112
27 115
28 30
28 45
28 51
28 92
28 104
29 31
29 35
29 41
29 44
29 48
29 53
29 61
29 88
29 89
29 91
29 117
29 119
30 38
30 43
30 46
30 53
30 56
30 71
30 72
30 80
30 88
30 110
30 111
31 62
31 64
31 75
31 76
31 96
32 59
32 64
32 65
32 71
32 72
32 79
32 84
32 93
32 95
32 97
32 107
32 117
32 119
33 34
33 44
33 50
33 51
33 64
33 66
33 67
33 74
33 75
33 82
33 85
33 90
33 95
33 106
33 118
34 36
34 47
34 50
34 54
34 56
34 66
34 75
34 79
34 80
34 86
34 100
34 102
34 114
35 38
35 46
35 54
35 60
35 61
35 69
35 80
35 81
35 84
35 85
35 89
35 109
36 38
36 39
36 42
36 45
36 47
36 62
36 74
36 76
36 79
36 83
36 90
36 93
36 98
36 103
36 119
37 46
37 50
37 62
37 63
37 69
37 78
37 100
37 115
38 41
38 45
38 48
38 54
38 56
38 58
38 60
38 68
38 74
38 97
38 101
38 105
38 110
38 118
38 119
39 40
39 47
39 48
39 55
39 65
39 68
39 75
39 103
39 113
39 115
39 118
40 52
40 56
40 65
40 66
40 69
40 83
40 104
41 42
41 45
41 55
41 62
41 71
41 76
41 80
41 84
41 106
42 47
42 59
42 67
42 71
42 81
42 87
42 97
42 103
42 107
42 116
42 117
43 45
43 55
43 61
43 63
43 78
43 84
43 87
43 93
43 94
43 96
43 108
44 52
44 56
44 61
44 82
45 49
45 52
45 59
45 66
45 76
45 78
45 91
45 108
45 112
45 113
46 73
46 75
46 85
46 97
46 116
47 55
47 83
48 57
48 69
48 78
48 81
48 99
48 100
48 102
48 113
49 57
49 62
49 68
49 76
49 79
49 80
49 82
49 87
49 109
49 111
50 55
50 61
50 66
50 67
50 68
50 86
50 96
50 112
51 52
51 54
51 61
51 67
51 70
51 74
51 78
51 88
51 92
51 98
51 100
51 119
52 54
52 89
52 95
52 117
53 58
53 63
53 65
53 77
53 105
53 107
54 59
54 98
54 106
54 116
55 70
55 74
55 84
55 96
55 97
55 105
55 118
56 62
56 63
56 70
56 77
56 91
56 101
56 102
56 114
57 68
57 69
57 70
57 94
57 112
58 63
58 77
58 79
58 81
58 86
58 93
59 71
59 85
60 78
60 94
61 78
61 99
61 106
61 118
62 69
62 90
62 116
63 64
63 78
63 96
64 67
64 83
64 101
65 106
66 79
66 91
66 108
67 74
67 89
67 99
67 108
68 71
68 72
68 92
68 101
69 76
69 86
69 89
69 103
69 117
70 71
70 73
70 83
70 99
70 108
70 113
70 115
71 87
71 102
71 103
71 107
71 109
72 77
72 83
72 104
73 79
73 87
73 90
73 92
73 94
73 103
73 107
73 114
73 115
74 114
75 81
75 86
75 109
77 79
77 84
77 85
77 101
77 109
78 90
79 92
80 98
80 113
80 114
81 108
81 109
82 92
82 116
83 97
83 114
84 106
84 111
84 117
85 91
86 88
86 96
87 104
87 105
87 110
87 114
88 89
88 105
88 109
89 110
90 101
94 98
95 100
96 99
96 103
100 102
100 106
100 112
102 104
104 116
105 114
105 118
106 119
107 111
108 112
114 118
116 119
