0 1
0 24
0 49
0 16
0 34
0 26
0 73
0 105
1 46
1 59
1 42
1 112
1 74
1 29
1 60
2 3
2 59
2 51
2 36
2 80
2 23
2 83
2 86
3 30
3 28
3 65
3 63
3 9
3 51
3 20
4 5
4 84
4 14
4 15
4 52
4 105
4 44
4 43
5 51
5 22
5 47
5 91
5 113
5 49
5 110
6 7
6 29
6 70
6 18
6 9
6 60
6 117
6 12
7 18
7 16
7 40
7 67
7 20
7 105
7 35
8 9
8 10
8 91
8 57
8 86
8 45
8 68
8 88
9 12
9 24
9 85
9 10
9 114
10 11
10 39
10 87
10 14
10 92
10 33
11 77
11 24
11 23
11 46
11 47
11 92
11 63
12 13
12 14
12 88
12 55
12 83
12 50
13 58
13 116
13 118
13 56
13 91
13 49
13 61
14 15
14 102
14 42
14 112
14 113
15 89
15 94
15 107
15 63
15 116
15 118
16 17
16 58
16 78
16 39
16 97
16 87
17 100
17 89
17 35
17 36
17 110
17 18
17 103
18 19
18 38
18 77
18 70
18 91
19 48
19 90
19 22
19 117
19 113
19 24
19 85
20 21
20 40
20 46
20 76
20 82
20 108
21 40
21 30
21 49
21 84
21 96
21 103
21 33
22 23
22 29
22 111
22 87
22 116
22 119
23 65
23 101
23 53
23 57
23 27
24 96
24 108
24 48
24 49
25 26
25 67
25 29
25 83
25 85
25 50
25 118
25 58
26 60
26 79
26 32
26 82
26 52
26 86
27 28
27 35
27 111
27 115
27 113
27 94
27 41
28 90
28 81
28 62
28 79
28 108
28 83
29 32
29 96
29 44
29 90
30 92
30 75
30 55
30 106
30 59
30 68
31 32
31 44
31 65
31 101
31 73
31 45
31 77
31 90
32 41
32 45
32 106
32 108
32 44
33 34
33 76
33 62
33 97
33 87
33 114
34 54
34 87
34 36
34 79
34 105
34 98
35 36
35 41
35 105
35 55
35 66
36 46
36 103
36 85
36 106
37 38
37 45
37 57
37 95
37 84
37 69
37 76
37 41
38 92
38 45
38 105
38 57
38 100
38 109
39 46
39 65
39 49
39 63
39 116
39 109
40 73
40 113
40 101
40 42
40 68
41 43
41 103
41 55
41 114
42 43
42 57
42 76
42 66
42 94
43 56
43 93
43 75
43 108
43 113
44 106
44 112
44 50
44 78
45 50
45 101
45 48
46 62
46 101
46 114
47 48
47 93
47 73
47 115
47 66
47 112
48 65
48 52
48 93
48 95
49 90
49 104
50 51
50 109
50 104
50 102
51 57
51 84
51 95
51 61
52 53
52 72
52 64
52 59
52 81
53 68
53 92
53 67
53 74
53 108
53 71
54 69
54 101
54 73
54 72
54 118
54 96
54 109
55 56
55 92
55 111
55 99
56 58
56 111
56 105
56 113
56 93
57 80
57 96
58 94
58 107
58 66
58 106
59 72
59 69
59 76
59 60
60 61
60 99
60 111
60 64
61 87
61 94
61 90
61 78
61 115
62 93
62 102
62 110
62 70
62 114
63 64
63 104
63 80
63 83
64 68
64 109
64 80
64 97
64 75
65 66
65 108
65 96
66 78
66 82
66 70
67 86
67 97
67 77
67 87
67 89
68 98
68 109
68 100
69 77
69 71
69 76
69 110
69 81
70 71
70 79
70 78
70 91
71 75
71 83
71 82
71 99
71 72
72 112
72 117
72 89
72 81
73 74
73 109
73 102
74 95
74 85
74 119
74 104
74 88
75 93
75 108
75 102
75 99
76 84
76 115
77 86
77 105
77 81
78 98
78 114
78 110
79 81
79 118
79 82
79 95
80 91
80 113
80 99
80 103
81 116
81 98
82 91
82 104
82 110
83 88
83 93
84 97
84 106
84 102
85 86
85 117
85 107
86 99
86 98
87 107
88 89
88 99
88 95
88 118
89 104
89 106
89 100
90 102
90 115
91 103
92 119
92 117
93 100
94 95
94 107
94 119
95 97
96 101
96 106
97 111
97 117
98 112
98 103
98 111
99 116
100 117
100 111
100 119
101 109
102 116
103 114
104 115
104 119
107 110
107 115
107 112
110 112
114 118
115 117
116 119
118 119
