0 1
0 2
0 3
0 4
0 5
0 6
0 7
0 8
0 9
0 10
0 11
0 12
0 13
0 14
0 15
0 16
0 17
0 19
0 20
0 22
0 23
0 24
0 26
0 27
0 28
0 30
0 32
0 38
0 43
0 46
0 47
0 50
0 52
0 57
0 61
0 74
0 76
0 79
0 87
0 97
0 101
0 104
0 109
0 111
0 112
0 116
0 118
1 11
1 12
1 15
1 16
1 17
1 18
1 22
1 29
1 33
1 36
1 42
1 45
1 46
1 52
1 53
1 65
1 89
1 98
1 107
2 11
2 12
2 13
2 14
2 15
2 16
2 17
2 19
2 20
2 21
2 22
2 24
2 25
2 26
2 27
2 30
2 35
2 36
2 38
2 39
2 40
2 41
2 42
2 43
2 44
2 45
2 50
2 51
2 56
2 58
2 59
2 60
2 62
2 65
2 70
2 75
2 78
2 86
2 88
2 89
2 93
2 98
2 108
2 115
2 116
3 11
3 13
3 15
3 20
3 21
3 23
3 32
3 39
3 51
3 55
3 71
3 83
3 88
3 90
3 102
3 107
3 114
4 11
4 12
4 14
4 16
4 18
4 23
4 24
4 30
4 34
4 39
4 41
4 42
4 48
4 58
4 65
4 74
4 79
4 82
4 84
4 85
4 87
4 101
4 104
4 109
4 115
4 116
4 119
5 11
5 12
5 13
5 14
5 16
5 17
5 20
5 24
5 25
5 30
5 33
5 52
5 65
5 84
5 85
5 96
6 11
6 12
6 13
6 14
6 17
6 21
6 30
6 51
6 77
6 83
6 103
6 117
7 15
7 20
7 32
7 77
8 11
8 12
8 13
8 14
8 15
8 18
8 37
8 40
8 41
8 49
8 50
8 52
8 53
8 60
8 61
8 66
8 69
8 80
8 87
8 88
8 95
8 102
9 11
9 12
9 13
9 14
9 15
9 18
9 19
9 31
9 33
9 41
9 48
9 55
9 65
9 81
9 90
9 93
9 103
10 11
10 12
10 13
10 23
10 25
10 26
10 29
10 31
10 32
10 36
10 42
10 45
10 62
10 63
10 72
10 74
10 75
10 81
10 97
11 12
11 13
11 14
11 15
11 16
11 17
11 18
11 19
11 20
11 21
11 22
11 23
11 24
11 26
11 28
11 29
11 30
11 31
11 32
11 33
11 34
11 37
11 38
11 39
11 40
11 44
11 46
11 47
11 49
11 52
11 53
11 57
11 62
11 63
11 64
11 76
11 79
11 85
11 93
11 95
11 98
11 99
11 101
11 102
11 103
11 110
11 113
11 119
12 13
12 14
12 15
12 16
12 17
12 18
12 19
12 22
12 23
12 24
12 25
12 27
12 28
12 30
12 31
12 32
12 33
12 35
12 36
12 37
12 41
12 42
12 43
12 48
12 50
12 51
12 53
12 58
12 59
12 61
12 66
12 69
12 70
12 71
12 73
12 79
12 85
12 91
12 92
12 93
12 109
12 114
12 116
13 14
13 16
13 17
13 18
13 19
13 20
13 23
13 25
13 27
13 28
13 29
13 31
13 33
13 34
13 35
13 36
13 38
13 40
13 41
13 45
13 49
13 51
13 57
13 61
13 62
13 67
13 70
13 81
13 89
13 92
13 97
13 101
13 103
13 112
14 15
14 16
14 17
14 18
14 19
14 21
14 22
14 23
14 25
14 28
14 29
14 38
14 39
14 49
14 52
14 60
14 62
14 67
14 80
14 94
14 105
15 16
15 17
15 19
15 20
15 21
15 24
15 27
15 28
15 35
15 36
15 37
15 40
15 43
15 44
15 45
15 47
15 52
15 54
15 59
15 60
15 61
15 66
15 69
15 71
15 80
15 86
15 88
15 95
15 101
15 103
15 111
15 112
15 114
15 117
16 18
16 19
16 21
16 26
16 32
16 34
16 39
16 41
16 43
16 44
16 45
16 48
16 49
16 50
16 58
16 62
16 63
16 69
16 70
16 72
16 73
16 75
16 84
16 104
16 106
16 108
16 109
16 110
17 18
17 19
17 20
17 21
17 22
17 23
17 26
17 28
17 31
17 34
17 35
17 36
17 44
17 46
17 47
17 48
17 50
17 51
17 52
17 53
17 54
17 64
17 75
17 80
17 82
17 83
17 87
17 89
17 95
17 96
17 102
17 106
17 112
17 114
17 115
18 20
18 21
18 22
18 25
18 27
18 29
18 31
18 33
18 35
18 46
18 54
18 56
18 68
18 71
18 74
18 78
18 98
18 99
18 100
18 111
18 112
19 21
19 22
19 24
19 25
19 26
19 27
19 28
19 32
19 33
19 34
19 36
19 37
19 43
19 45
19 46
19 49
19 59
19 62
19 67
19 71
19 72
19 79
19 81
19 82
19 89
19 94
19 100
19 105
19 109
19 111
19 113
20 22
20 23
20 24
20 29
20 32
20 35
20 36
20 37
20 38
20 55
20 57
20 64
20 65
20 67
20 68
20 71
20 74
20 76
20 80
20 93
20 106
21 26
21 27
21 29
21 44
21 48
21 68
21 69
21 70
21 78
21 88
21 89
21 91
21 99
21 100
21 104
21 113
21 116
21 118
22 24
22 25
22 29
22 35
22 36
22 40
22 45
22 54
22 56
22 57
22 59
22 60
22 70
22 76
22 77
22 80
22 84
22 87
22 96
22 98
22 106
22 115
23 27
23 32
23 33
23 45
23 50
23 54
23 55
23 80
23 90
23 108
24 25
24 26
24 30
24 34
24 39
24 42
24 46
24 47
24 48
24 49
24 50
24 53
24 55
24 58
24 63
24 64
24 69
24 72
24 80
24 82
24 96
24 100
24 108
24 119
25 26
25 28
25 31
25 34
25 35
25 38
25 42
25 44
25 67
25 74
25 85
25 90
25 91
25 95
25 106
25 118
26 27
26 29
26 30
26 31
26 34
26 37
26 38
26 43
26 49
26 68
26 72
26 73
26 76
26 83
26 85
26 92
26 93
27 28
27 30
27 31
27 33
27 37
27 38
27 40
27 47
27 48
27 51
27 59
27 68
27 93
27 105
27 116
27 118
28 40
28 42
28 59
28 60
28 75
28 86
28 99
29 39
29 40
29 43
29 54
29 55
29 57
29 61
29 64
29 77
29 80
29 83
29 85
29 91
29 104
29 108
30 34
30 42
30 51
30 56
30 60
30 67
30 69
30 74
30 86
30 88
30 92
30 101
30 103
31 35
31 39
31 41
31 43
31 45
31 52
31 55
31 64
31 119
32 39
32 41
32 44
32 47
32 49
32 51
32 56
32 61
32 75
32 78
32 87
32 92
32 93
32 94
32 97
32 98
32 100
32 101
32 104
32 107
32 109
32 110
32 112
32 117
33 46
33 47
33 105
33 107
34 37
34 40
34 51
34 63
34 71
34 76
34 87
34 88
34 90
34 94
34 95
34 97
34 108
35 37
35 41
35 54
35 56
35 75
35 94
35 98
35 114
35 115
35 119
36 38
36 47
36 52
36 53
36 64
36 66
36 91
36 102
36 107
37 54
37 56
37 63
37 66
37 96
37 119
38 58
38 60
38 63
38 66
38 68
38 72
38 73
38 80
38 81
38 85
38 100
38 106
38 113
38 114
39 42
39 43
39 44
39 55
39 62
39 78
39 81
39 92
39 97
40 44
40 56
40 58
40 76
41 60
41 65
41 70
41 73
41 96
41 105
42 56
42 57
42 65
42 66
42 69
42 76
42 79
42 92
42 98
42 99
42 101
42 117
43 46
43 48
43 62
43 64
43 71
43 73
43 89
44 49
44 53
44 55
44 57
44 63
44 68
44 74
44 100
44 106
44 118
45 46
45 47
45 48
45 50
45 57
45 63
45 70
45 81
45 83
45 90
45 96
45 99
45 103
45 110
45 111
46 50
46 53
46 59
46 70
46 92
46 96
46 104
47 56
47 71
47 75
47 76
47 85
47 102
47 117
48 55
48 83
48 84
48 86
48 99
48 116
49 54
49 68
49 72
49 79
49 94
49 117
50 53
50 68
50 72
50 83
50 90
50 113
51 54
51 63
51 84
51 96
51 101
51 113
52 59
52 90
52 108
53 57
53 67
53 73
53 76
53 82
53 107
53 109
54 58
54 61
54 67
54 69
54 73
54 77
54 78
54 87
54 93
54 99
55 58
55 61
55 66
55 82
55 116
56 58
56 59
56 65
56 73
56 78
56 82
56 84
56 86
56 87
56 91
56 110
56 111
57 60
57 72
57 77
57 84
57 91
57 93
57 98
57 114
58 62
58 64
58 69
58 78
58 83
58 88
58 99
58 113
59 61
59 66
59 67
59 73
59 75
59 77
59 78
59 81
59 91
59 118
60 95
60 100
61 65
61 79
61 90
61 92
61 94
62 64
62 66
62 68
62 74
62 105
63 67
63 84
63 103
63 104
63 105
64 70
64 77
64 108
64 115
65 71
65 77
65 98
65 106
66 78
66 92
66 104
67 77
67 102
68 91
68 110
69 82
69 118
70 72
70 75
70 97
70 104
71 74
71 79
71 81
71 86
72 85
73 86
73 87
73 106
73 107
74 82
74 94
74 108
75 89
75 105
75 109
76 79
76 100
76 118
77 82
78 88
78 91
78 97
78 110
78 112
79 84
79 86
79 95
79 107
79 119
80 81
80 88
80 95
80 97
80 105
80 119
81 89
81 106
82 83
82 86
82 89
82 90
82 94
82 102
82 114
83 97
83 103
83 112
83 115
84 101
85 107
87 110
88 108
88 111
89 96
89 110
89 111
89 114
89 115
90 99
90 109
90 115
90 117
90 118
91 115
92 105
93 94
93 95
93 114
93 116
94 112
96 102
96 111
98 110
98 113
98 116
98 117
98 119
99 100
100 117
101 102
101 111
101 113
101 117
102 103
103 109
104 107
104 118
107 119
111 112
111 113
