0 1
0 2
0 3
0 4
0 5
0 6
0 7
0 8
0 9
0 10
0 11
0 12
0 13
0 14
0 15
0 16
0 17
0 18
0 19
0 20
0 21
0 22
0 24
0 25
0 26
0 29
0 30
0 32
0 33
0 34
0 35
0 36
0 39
0 42
0 43
0 44
0 45
0 49
0 50
0 53
0 55
0 58
0 59
0 64
0 67
0 68
0 69
0 72
0 75
0 82
0 85
0 87
0 89
0 91
0 97
0 104
0 109
0 110
0 112
0 113
0 119
1 11
1 12
1 13
1 15
1 16
1 17
1 19
1 20
1 21
1 22
1 23
1 24
1 25
1 26
1 31
1 33
1 38
1 39
1 46
1 50
1 61
1 73
1 76
1 79
1 88
1 95
1 96
1 106
1 109
2 12
2 13
2 15
2 18
2 23
2 24
2 45
2 47
2 48
2 50
2 54
2 68
2 71
2 76
2 99
2 103
3 11
3 12
3 14
3 16
3 17
3 18
3 22
3 35
3 37
3 39
3 43
3 53
3 57
3 59
3 68
3 72
3 98
3 108
3 109
4 11
4 12
4 13
4 15
4 16
4 18
4 23
4 27
4 28
4 31
4 32
4 38
4 39
4 47
4 52
4 56
4 61
4 64
4 65
4 68
4 69
4 73
4 81
4 85
4 86
4 90
4 95
4 115
4 116
4 119
5 11
5 14
5 17
5 29
5 30
5 33
5 36
5 37
5 44
5 54
5 58
5 60
5 62
5 75
5 82
5 84
5 94
5 110
5 113
5 115
6 11
6 12
6 13
6 14
6 18
6 25
6 27
6 30
6 41
6 44
6 47
6 48
6 50
6 55
6 63
6 64
6 66
6 67
6 69
6 70
6 72
6 78
6 82
6 83
6 90
6 104
6 105
6 107
6 109
6 110
6 117
7 11
7 12
7 13
7 15
7 21
7 23
7 25
7 26
7 27
7 36
7 48
7 52
7 54
7 57
7 60
7 72
7 77
7 83
7 101
8 11
8 12
8 14
8 16
8 23
8 40
8 51
8 73
8 105
8 117
9 11
9 13
9 14
9 15
9 17
9 19
9 20
9 21
9 24
9 27
9 29
9 37
9 39
9 40
9 41
9 50
9 52
9 65
9 81
9 88
9 89
9 107
9 110
9 112
9 118
10 11
10 12
10 13
10 14
10 15
10 16
10 17
10 18
10 19
10 22
10 25
10 32
10 43
10 48
10 51
10 60
10 62
10 66
10 70
10 71
10 77
10 83
10 86
10 87
10 102
10 115
11 12
11 13
11 14
11 16
11 17
11 18
11 19
11 20
11 21
11 22
11 23
11 24
11 26
11 27
11 28
11 29
11 30
11 31
11 33
11 34
11 35
11 37
11 38
11 39
11 42
11 44
11 45
11 51
11 53
11 55
11 59
11 60
11 61
11 64
11 67
11 74
11 75
11 79
11 80
11 86
11 87
11 90
11 93
11 98
11 100
11 104
11 105
11 106
11 110
11 112
11 114
11 116
12 13
12 14
12 15
12 16
12 17
12 19
12 20
12 21
12 23
12 24
12 25
12 26
12 31
12 46
12 48
12 51
12 53
12 54
12 58
12 61
12 64
12 76
12 78
12 81
12 83
12 85
12 91
12 92
12 95
12 102
12 107
13 14
13 15
13 16
13 17
13 18
13 19
13 20
13 21
13 22
13 23
13 24
13 26
13 27
13 28
13 29
13 30
13 32
13 35
13 37
13 38
13 48
13 51
13 52
13 54
13 56
13 58
13 63
13 64
13 67
13 70
13 73
13 81
13 82
13 88
13 92
13 94
13 100
13 110
14 15
14 17
14 18
14 19
14 20
14 21
14 22
14 23
14 25
14 26
14 27
14 33
14 34
14 36
14 40
14 41
14 43
14 46
14 50
14 53
14 55
14 57
14 61
14 69
14 70
14 71
14 74
14 75
14 80
14 82
14 86
14 88
14 90
14 96
14 97
14 100
15 16
15 19
15 20
15 22
15 25
15 27
15 28
15 31
15 33
15 36
15 50
15 57
15 61
15 63
15 66
15 72
15 74
15 87
15 92
15 102
15 106
15 114
15 116
16 18
16 21
16 24
16 26
16 28
16 30
16 32
16 35
16 36
16 40
16 42
16 45
16 46
16 51
16 52
16 54
16 56
16 60
16 63
16 66
16 73
16 87
16 93
16 97
16 105
16 107
16 108
16 114
16 115
17 20
17 28
17 33
17 36
17 37
17 43
17 49
17 50
17 54
17 55
17 56
17 57
17 59
17 68
17 70
17 83
17 90
17 93
17 99
17 115
18 19
18 20
18 22
18 24
18 28
18 29
18 30
18 32
18 34
18 35
18 36
18 38
18 40
18 45
18 47
18 48
18 71
18 74
18 76
18 78
18 85
18 87
18 88
18 92
18 105
18 106
18 114
19 23
19 25
19 35
19 38
19 39
19 42
19 44
19 47
19 69
19 72
19 86
19 93
19 95
19 115
20 21
20 28
20 35
20 41
20 43
20 48
20 55
20 57
20 61
20 65
20 66
20 68
20 76
20 81
20 82
20 84
20 88
20 97
20 104
20 119
21 22
21 24
21 32
21 34
21 35
21 37
21 41
21 42
21 47
21 53
21 54
21 58
21 59
21 65
21 68
21 71
21 80
21 83
21 99
21 102
21 107
21 108
21 110
22 26
22 28
22 29
22 30
22 33
22 34
22 41
22 42
22 43
22 45
22 47
22 55
22 99
22 111
22 118
23 25
23 26
23 27
23 28
23 31
23 33
23 37
23 42
23 44
23 46
23 74
23 101
23 102
23 109
23 113
23 116
24 27
24 29
24 31
24 39
24 40
24 50
24 56
24 60
24 70
24 77
24 80
24 85
24 88
24 113
25 30
25 31
25 37
25 39
25 40
25 41
25 42
25 45
25 52
25 62
25 72
25 84
25 85
25 99
26 29
26 38
26 41
26 42
26 45
26 49
26 51
26 52
26 53
26 60
26 62
26 64
26 67
26 68
26 76
26 79
26 82
26 98
26 102
26 106
26 114
26 115
27 31
27 34
27 38
27 51
27 55
27 71
27 73
27 77
27 86
27 89
27 97
27 98
27 112
28 29
28 32
28 35
28 36
28 37
28 40
28 41
28 45
28 46
28 49
28 51
28 65
28 67
28 77
28 96
28 100
28 108
28 118
29 30
29 31
29 32
29 33
29 36
29 43
29 44
29 49
29 60
29 64
29 65
29 69
29 84
29 86
29 112
29 114
30 32
30 56
30 63
30 65
30 71
30 74
30 84
30 86
30 108
30 109
31 34
31 40
31 48
31 49
31 62
31 66
31 70
31 111
31 112
32 34
32 41
32 43
32 46
32 49
32 52
32 57
32 86
32 94
32 95
32 100
33 34
33 44
33 49
33 57
33 62
33 66
33 69
33 74
33 75
33 79
33 80
33 82
33 84
33 94
33 95
33 108
34 38
34 46
34 57
34 59
34 69
34 74
34 85
34 94
34 106
34 111
35 38
35 47
35 59
35 66
35 68
35 79
35 87
35 90
35 92
35 95
35 96
35 97
35 99
35 111
35 115
35 118
36 39
36 47
36 54
36 56
36 64
36 71
36 105
36 107
37 56
37 72
37 74
37 117
37 119
38 40
38 43
38 46
38 50
38 51
38 53
38 58
38 63
38 70
38 74
38 98
38 104
38 106
38 117
39 42
39 78
39 98
39 111
39 113
39 116
40 44
40 46
40 47
40 65
40 70
40 75
40 88
40 91
40 100
40 109
41 44
41 45
41 61
41 63
41 67
41 83
41 88
41 94
42 49
42 53
42 56
42 58
42 60
42 77
42 79
42 90
42 91
42 111
42 113
42 119
43 67
43 75
43 98
43 113
44 58
44 80
44 93
44 101
45 48
45 56
45 58
45 61
45 62
45 63
45 76
45 77
45 78
45 84
45 90
45 91
45 93
45 97
45 98
45 103
46 52
46 54
46 55
46 61
46 66
46 78
46 79
46 81
46 87
46 105
47 62
47 69
47 76
47 103
47 104
47 109
47 111
48 49
48 52
48 53
48 55
48 59
48 60
48 62
48 68
48 73
48 89
48 92
48 93
48 100
49 63
49 65
49 67
49 88
49 91
49 96
49 99
49 108
49 112
50 62
50 63
50 66
50 73
50 81
50 82
50 96
50 119
51 57
51 65
51 77
51 78
51 79
51 84
51 86
51 96
51 108
52 70
52 81
52 89
52 104
53 89
53 98
54 59
54 75
54 103
54 104
54 115
55 64
55 69
55 75
55 77
55 83
55 96
55 101
55 107
56 58
56 67
56 71
56 72
56 76
56 80
56 84
56 90
56 93
56 119
57 73
57 77
57 79
58 59
58 71
58 89
58 92
58 99
58 104
58 105
58 107
58 111
58 112
59 92
59 99
60 73
60 78
60 85
60 101
60 103
60 113
61 80
61 85
61 95
61 106
61 116
61 118
62 97
63 83
63 103
63 110
63 114
64 96
64 119
65 76
65 78
65 79
65 81
65 92
65 103
65 104
65 107
65 111
65 118
65 119
66 94
66 112
66 116
67 72
67 75
67 96
67 102
67 117
68 80
68 82
68 115
68 119
69 97
69 101
69 108
69 110
70 89
70 95
70 118
71 78
71 94
71 98
71 102
71 110
72 89
72 94
72 100
73 91
74 80
74 91
74 93
74 112
74 118
75 84
75 114
76 97
76 100
76 117
77 87
77 107
77 111
79 87
79 89
79 101
79 117
80 81
80 91
81 90
81 102
81 103
81 105
81 109
82 83
82 85
82 103
85 102
85 116
86 93
86 114
87 92
88 91
89 94
89 95
90 108
90 109
90 114
90 117
92 100
92 101
94 113
95 99
96 101
98 101
98 116
99 105
99 106
99 118
101 103
102 106
107 113
109 117
111 116
114 117
115 118
