0 1
0 25
0 89
0 40
0 110
0 12
0 98
0 107
1 26
1 92
1 60
1 84
1 70
1 10
1 89
2 3
2 24
2 62
2 101
2 22
2 68
2 59
2 57
3 34
3 115
3 52
3 96
3 92
3 86
3 40
4 5
4 45
4 69
4 79
4 62
4 74
4 70
4 64
5 27
5 22
5 83
5 34
5 11
5 108
5 80
6 7
6 44
6 28
6 29
6 104
6 60
6 84
6 111
7 34
7 37
7 55
7 69
7 81
7 10
7 79
8 9
8 88
8 112
8 113
8 103
8 102
8 34
8 91
9 103
9 41
9 67
9 21
9 102
9 91
9 75
10 11
10 13
10 117
10 42
10 26
10 99
11 56
11 100
11 111
11 35
11 93
11 53
12 13
12 40
12 59
12 67
12 116
12 100
12 42
13 33
13 84
13 19
13 47
13 102
13 65
14 15
14 39
14 105
14 29
14 26
14 82
14 61
14 117
15 19
15 27
15 25
15 72
15 47
15 78
15 17
16 17
16 94
16 68
16 56
16 100
16 79
16 77
16 114
17 38
17 57
17 75
17 26
17 94
17 108
18 19
18 74
18 77
18 101
18 90
18 113
18 49
18 32
19 96
19 102
19 24
19 111
19 48
20 21
20 32
20 46
20 30
20 93
20 66
20 116
20 67
21 71
21 24
21 109
21 99
21 37
21 112
22 23
22 48
22 119
22 98
22 43
22 56
23 55
23 71
23 32
23 27
23 61
23 83
23 74
24 45
24 73
24 57
24 42
24 64
25 34
25 97
25 42
25 102
25 32
25 37
26 51
26 114
26 104
26 66
27 28
27 54
27 29
27 41
27 32
28 48
28 52
28 34
28 108
28 39
28 42
29 30
29 87
29 46
29 113
29 73
30 41
30 51
30 45
30 36
30 70
30 84
31 32
31 37
31 61
31 106
31 105
31 69
31 38
31 78
32 35
32 71
33 77
33 53
33 43
33 94
33 97
33 118
33 96
34 61
34 49
35 36
35 43
35 52
35 65
35 114
35 115
36 61
36 80
36 74
36 104
36 76
36 37
37 53
37 38
37 87
38 54
38 106
38 114
38 103
38 87
39 40
39 113
39 115
39 95
39 82
39 108
40 83
40 44
40 50
40 69
41 65
41 67
41 115
41 83
41 92
42 43
42 53
42 86
43 60
43 116
43 98
43 63
44 46
44 68
44 93
44 71
44 99
44 65
45 86
45 48
45 51
45 113
45 117
46 47
46 55
46 90
46 60
46 51
47 57
47 117
47 115
47 78
47 81
48 93
48 90
48 87
48 74
49 50
49 68
49 70
49 119
49 90
49 104
50 112
50 69
50 57
50 116
50 86
50 109
51 85
51 79
51 86
51 94
52 58
52 85
52 60
52 100
52 119
53 102
53 77
53 118
53 64
54 107
54 73
54 117
54 55
54 118
54 70
55 56
55 72
55 76
55 89
56 115
56 89
56 62
56 109
57 119
57 71
57 79
58 82
58 100
58 116
58 79
58 112
58 90
58 59
59 111
59 107
59 88
59 60
59 72
60 85
60 93
61 92
61 77
61 118
62 90
62 79
62 116
62 75
62 68
63 64
63 106
63 105
63 92
63 85
63 91
63 119
64 87
64 81
64 109
64 98
65 72
65 85
65 74
65 81
66 67
66 118
66 85
66 89
66 105
66 86
67 108
67 78
67 116
68 89
68 81
68 75
69 88
69 72
69 91
70 88
70 83
70 73
71 104
71 114
71 88
72 73
72 97
72 95
73 111
73 89
73 112
74 96
74 99
75 76
75 112
75 98
75 80
76 84
76 88
76 90
76 103
76 109
77 78
77 92
77 119
78 94
78 119
78 106
79 82
80 81
80 98
80 87
80 82
80 97
81 109
81 97
82 97
82 107
82 101
83 113
83 107
83 91
84 113
84 115
84 105
85 99
85 117
86 110
86 98
87 98
87 101
88 96
88 95
89 110
90 109
91 92
91 97
91 109
92 95
93 101
93 104
93 113
94 99
94 106
94 114
95 96
95 101
95 106
95 107
96 100
96 116
97 110
99 105
99 104
100 106
100 103
101 103
101 118
102 111
102 114
103 106
103 118
104 114
105 107
105 108
107 110
108 112
108 110
110 115
110 117
111 119
111 118
112 117
