0 3
0 4
0 5
0 6
0 7
0 9
0 14
0 16
0 18
0 22
0 24
0 25
0 33
0 39
0 43
0 44
0 45
0 48
0 49
0 50
0 52
0 55
0 57
0 60
1 4
1 7
1 10
1 14
1 15
1 16
1 18
1 19
1 21
1 26
1 29
1 30
1 32
1 36
1 37
1 42
1 43
1 45
1 46
1 49
1 52
1 53
1 57
1 58
2 3
2 14
2 16
2 17
2 18
2 20
2 24
2 26
2 28
2 29
2 30
2 32
2 33
2 34
2 35
2 38
2 39
2 42
2 44
2 46
2 47
2 49
2 50
2 51
2 52
2 57
2 93
3 8
3 9
3 10
3 11
3 13
3 17
3 22
3 23
3 25
3 27
3 33
3 34
3 39
3 41
3 43
3 44
3 46
3 52
3 54
3 74
4 6
4 12
4 14
4 15
4 17
4 18
4 21
4 22
4 23
4 28
4 29
4 32
4 36
4 37
4 42
4 43
4 44
4 45
4 50
4 56
4 61
4 117
5 6
5 7
5 8
5 9
5 11
5 12
5 14
5 15
5 17
5 18
5 20
5 23
5 30
5 31
5 33
5 34
5 35
5 41
5 45
5 46
5 51
5 52
5 56
5 57
5 59
6 10
6 11
6 14
6 17
6 18
6 19
6 23
6 24
6 26
6 32
6 35
6 37
6 42
6 43
6 46
6 50
6 55
6 58
6 59
6 87
6 96
6 105
6 116
7 10
7 13
7 15
7 16
7 18
7 19
7 22
7 23
7 25
7 26
7 30
7 34
7 35
7 36
7 39
7 40
7 41
7 42
7 46
7 49
7 53
7 54
7 56
7 58
7 111
8 10
8 12
8 13
8 14
8 26
8 27
8 31
8 32
8 33
8 35
8 36
8 37
8 38
8 41
8 46
8 50
8 52
8 56
8 59
8 71
8 104
8 106
9 11
9 13
9 16
9 17
9 18
9 19
9 23
9 28
9 29
9 32
9 33
9 35
9 38
9 42
9 43
9 44
9 47
9 48
9 50
9 53
9 56
9 59
9 104
10 12
10 13
10 15
10 16
10 20
10 21
10 22
10 25
10 29
10 34
10 36
10 38
10 42
10 43
10 47
10 48
10 52
10 55
10 56
10 58
10 59
10 63
10 79
11 13
11 15
11 18
11 22
11 25
11 26
11 28
11 29
11 33
11 35
11 40
11 42
11 44
11 48
11 49
11 50
11 51
11 53
11 54
11 110
11 117
12 13
12 18
12 19
12 20
12 21
12 25
12 26
12 32
12 33
12 36
12 37
12 42
12 47
12 49
12 50
12 51
12 53
12 58
13 15
13 16
13 17
13 19
13 21
13 24
13 25
13 26
13 28
13 33
13 36
13 40
13 42
13 48
13 49
13 50
13 51
13 55
13 57
13 58
13 59
14 15
14 16
14 22
14 25
14 30
14 32
14 34
14 35
14 36
14 38
14 39
14 40
14 44
14 45
14 46
14 48
14 50
14 51
14 54
14 55
14 58
14 114
14 118
15 16
15 18
15 19
15 25
15 26
15 28
15 29
15 32
15 33
15 34
15 38
15 39
15 40
15 41
15 44
15 46
15 47
15 51
15 54
15 80
16 17
16 23
16 27
16 28
16 29
16 32
16 34
16 35
16 40
16 43
16 48
16 49
16 50
16 53
16 55
16 59
17 21
17 22
17 23
17 25
17 29
17 31
17 32
17 33
17 35
17 36
17 38
17 40
17 41
17 42
17 44
17 45
17 49
17 50
17 51
17 52
17 55
17 57
17 59
17 68
18 21
18 22
18 23
18 25
18 29
18 31
18 33
18 34
18 37
18 38
18 42
18 45
18 47
18 48
18 52
18 54
18 58
18 69
18 114
19 21
19 22
19 26
19 28
19 29
19 31
19 32
19 34
19 35
19 40
19 41
19 42
19 44
19 45
19 49
19 51
19 56
19 59
19 65
20 21
20 22
20 24
20 27
20 29
20 30
20 35
20 37
20 39
20 40
20 43
20 44
20 45
20 50
20 52
20 55
20 56
20 58
20 60
21 22
21 24
21 25
21 27
21 30
21 31
21 32
21 33
21 35
21 38
21 41
21 42
21 45
21 46
21 47
21 49
21 50
21 58
21 97
21 108
22 25
22 26
22 28
22 30
22 31
22 33
22 36
22 39
22 44
22 45
22 46
22 49
22 51
22 53
22 54
22 56
22 59
22 84
23 28
23 30
23 33
23 34
23 36
23 37
23 38
23 41
23 50
23 55
23 56
23 57
24 26
24 30
24 31
24 35
24 38
24 39
24 43
24 44
24 45
24 47
24 52
24 54
25 28
25 29
25 30
25 35
25 37
25 38
25 39
25 40
25 42
25 43
25 44
25 46
25 48
25 50
25 52
25 59
26 33
26 36
26 38
26 39
26 40
26 45
26 47
26 48
26 52
26 54
26 55
26 57
26 58
26 90
26 105
27 28
27 34
27 41
27 42
27 43
27 44
27 45
27 47
27 48
27 50
27 54
27 57
27 58
27 59
27 72
28 31
28 33
28 34
28 39
28 44
28 45
28 47
28 48
28 49
28 51
28 52
28 53
28 54
28 55
28 90
29 33
29 34
29 36
29 38
29 39
29 41
29 42
29 45
29 48
29 50
29 52
29 66
29 71
29 95
29 113
30 31
30 32
30 34
30 37
30 41
30 45
30 48
30 49
30 51
31 34
31 38
31 39
31 40
31 41
31 42
31 43
31 45
31 48
31 49
31 50
31 51
31 54
31 55
31 90
32 33
32 34
32 35
32 37
32 39
32 45
32 48
32 50
32 51
32 55
32 57
32 74
33 39
33 41
33 43
33 44
33 45
33 46
33 47
33 48
33 51
33 53
33 69
34 37
34 38
34 41
34 42
34 43
34 45
34 46
34 47
34 48
34 56
34 58
34 59
34 79
34 105
35 36
35 37
35 40
35 41
35 44
35 46
35 48
35 49
35 53
35 54
35 59
35 73
35 90
36 37
36 43
36 45
36 46
36 51
36 56
36 91
36 95
37 38
37 39
37 40
37 41
37 44
37 46
37 47
37 49
37 54
37 59
37 116
38 44
38 46
38 47
38 48
38 49
38 58
38 116
39 40
39 42
39 54
39 57
39 72
40 43
40 44
40 54
40 55
41 45
41 47
41 54
41 55
41 58
41 59
41 111
42 44
42 46
42 47
42 48
42 49
42 50
42 52
42 54
42 55
42 57
42 58
42 59
42 97
43 45
43 46
43 47
43 49
43 51
43 58
43 59
43 105
44 45
44 49
44 50
44 51
44 53
44 54
44 55
44 56
44 58
44 60
44 67
45 53
45 62
45 90
46 48
46 49
46 51
46 54
46 55
46 57
46 58
46 59
46 65
46 111
47 49
47 52
47 53
47 54
47 58
47 59
47 72
48 54
48 58
49 50
49 51
49 52
49 56
49 58
49 59
49 86
49 104
50 59
51 52
51 53
51 54
51 57
51 58
52 53
52 57
52 58
52 79
52 87
53 54
53 55
53 57
53 58
53 59
53 66
53 94
54 56
54 57
54 58
54 59
54 77
54 85
54 98
54 114
55 59
55 66
55 73
56 60
56 100
57 58
58 59
58 113
59 110
60 61
60 62
60 63
60 64
60 66
60 69
60 77
60 79
60 80
60 82
60 84
60 90
60 91
60 94
60 95
60 97
60 98
60 101
60 104
60 105
60 108
60 109
60 111
60 112
61 65
61 66
61 67
61 69
61 70
61 79
61 80
61 82
61 88
61 89
61 90
61 91
61 92
61 96
61 97
61 100
61 103
61 107
61 108
61 114
61 115
61 118
62 65
62 71
62 72
62 74
62 75
62 78
62 80
62 87
62 90
62 103
62 107
62 109
62 112
63 69
63 72
63 74
63 78
63 79
63 83
63 84
63 85
63 86
63 87
63 91
63 94
63 95
63 98
63 99
63 101
63 102
63 104
63 105
63 107
63 109
63 111
63 116
63 119
64 67
64 71
64 76
64 82
64 84
64 86
64 95
64 98
64 108
64 110
64 116
64 118
65 66
65 67
65 71
65 73
65 74
65 76
65 85
65 88
65 89
65 93
65 97
65 102
65 103
65 105
65 106
65 107
65 108
65 109
65 111
65 115
65 116
66 69
66 71
66 72
66 77
66 82
66 91
66 92
66 96
66 98
66 100
66 105
66 112
66 113
66 118
66 119
67 68
67 71
67 75
67 80
67 81
67 82
67 86
67 87
67 88
67 89
67 91
67 93
67 94
67 95
67 96
67 100
67 101
67 102
67 105
67 109
67 112
67 113
67 117
67 118
68 69
68 71
68 80
68 81
68 82
68 83
68 85
68 87
68 93
68 94
68 95
68 97
68 108
68 111
68 114
68 116
69 70
69 78
69 81
69 82
69 83
69 88
69 100
69 105
69 112
69 113
70 71
70 81
70 90
70 91
70 92
70 96
70 98
70 101
70 103
70 104
70 106
70 108
70 112
71 73
71 75
71 77
71 78
71 80
71 82
71 83
71 86
71 88
71 99
71 103
71 105
71 108
71 111
72 73
72 74
72 77
72 78
72 84
72 85
72 87
72 88
72 97
72 102
72 103
72 106
72 113
72 114
72 115
73 74
73 75
73 76
73 78
73 80
73 86
73 89
73 90
73 94
73 98
73 99
73 101
73 109
73 118
74 77
74 81
74 87
74 88
74 91
74 96
74 99
74 101
74 102
74 103
74 105
74 114
74 116
75 81
75 85
75 91
75 96
75 98
75 99
75 101
75 103
75 118
76 81
76 83
76 84
76 88
76 89
76 90
76 93
76 97
76 100
76 104
76 105
76 106
76 107
76 111
76 115
76 116
76 117
76 119
77 78
77 82
77 84
77 85
77 86
77 90
77 91
77 95
77 98
77 101
77 105
77 107
77 109
77 111
77 113
77 116
77 119
78 79
78 80
78 81
78 82
78 86
78 88
78 91
78 96
78 100
78 102
78 104
78 111
78 113
79 81
79 85
79 93
79 94
79 95
79 97
79 98
79 101
79 102
79 107
79 111
79 115
80 84
80 97
80 98
80 99
80 108
80 111
80 116
80 119
81 82
81 83
81 85
81 89
81 90
81 92
81 93
81 96
81 101
81 102
81 103
81 112
81 113
81 114
81 115
81 116
81 118
82 89
82 93
82 99
82 104
82 111
82 112
82 114
82 115
82 119
83 85
83 86
83 95
83 96
83 99
83 101
83 102
83 103
83 109
83 114
83 115
83 117
84 85
84 88
84 95
84 106
84 110
84 113
84 115
84 118
85 95
85 96
85 98
85 101
85 102
85 103
85 104
85 106
85 116
86 94
86 95
86 96
86 99
86 102
86 105
86 108
86 110
86 111
86 112
86 113
86 116
86 117
86 119
87 88
87 89
87 96
87 99
87 112
87 114
87 115
87 119
88 94
88 96
88 98
88 111
88 113
88 118
88 119
89 92
89 98
89 100
89 101
89 105
89 111
89 112
89 114
90 91
90 93
90 99
90 100
90 103
90 105
90 107
90 117
91 99
91 102
91 103
91 105
91 107
91 116
91 119
92 95
92 96
92 99
92 100
92 105
92 111
92 118
93 101
93 103
93 107
93 113
93 115
93 116
94 101
94 117
94 119
95 98
95 102
95 103
95 105
95 109
95 112
96 98
96 106
96 112
96 115
97 102
97 113
97 114
98 101
98 104
98 106
98 114
98 116
98 118
99 101
99 102
99 110
99 113
99 116
99 117
99 118
100 108
100 114
100 116
100 119
101 104
101 105
101 110
101 115
101 118
102 105
102 106
102 112
102 114
102 116
102 117
103 104
103 108
103 110
103 111
103 119
104 108
104 116
104 117
104 118
105 107
105 108
105 109
105 115
105 117
106 109
106 113
106 116
106 119
107 108
107 111
108 115
108 117
109 113
109 114
109 115
109 117
110 111
110 114
110 115
111 114
111 116
112 115
112 116
113 115
113 118
113 119
114 117
114 119
116 117
116 118
