0 1
0 2
0 3
0 4
0 5
0 6
0 7
0 8
0 9
0 10
0 11
0 12
0 13
0 14
0 15
0 16
0 17
0 18
0 19
0 20
0 21
0 22
0 23
0 24
0 25
0 27
0 28
0 33
0 34
0 35
0 36
0 37
0 38
0 39
0 46
0 49
0 50
0 58
0 59
0 60
0 62
0 68
0 69
0 72
0 79
0 86
0 87
0 89
0 91
0 92
0 96
0 99
0 103
0 107
0 116
0 119
1 12
1 13
1 14
1 19
1 20
1 21
1 31
1 34
1 40
1 43
1 57
1 63
1 65
1 71
1 77
1 81
1 85
1 100
1 101
1 115
2 11
2 12
2 16
2 17
2 21
2 22
2 24
2 36
2 37
2 40
2 45
2 46
2 55
2 65
2 79
2 111
2 114
3 11
3 12
3 14
3 15
3 16
3 19
3 25
3 29
3 30
3 31
3 32
3 35
3 42
3 46
3 48
3 49
3 59
3 65
3 68
3 74
3 78
3 83
3 89
3 91
3 93
3 95
3 106
3 107
3 110
4 11
4 13
4 14
4 15
4 16
4 18
4 19
4 22
4 24
4 25
4 26
4 32
4 34
4 35
4 36
4 38
4 40
4 51
4 59
4 60
4 64
4 70
4 72
4 74
4 88
4 90
4 96
4 109
4 110
4 114
4 118
5 11
5 12
5 13
5 15
5 16
5 18
5 31
5 37
5 43
5 47
5 52
5 61
5 83
5 101
5 115
5 118
6 11
6 12
6 13
6 18
6 20
6 21
6 27
6 28
6 30
6 31
6 33
6 34
6 36
6 39
6 48
6 49
6 58
6 69
6 71
6 75
6 77
6 84
6 88
6 91
6 100
6 101
6 112
6 119
7 11
7 12
7 13
7 14
7 22
7 27
7 30
7 32
7 39
7 41
7 44
7 45
7 50
7 79
8 11
8 13
8 15
8 16
8 17
8 19
8 21
8 22
8 23
8 25
8 29
8 30
8 32
8 33
8 35
8 38
8 40
8 43
8 45
8 48
8 49
8 50
8 52
8 53
8 57
8 60
8 62
8 72
8 74
8 76
8 78
8 85
8 88
8 105
8 107
8 115
8 119
9 11
9 12
9 14
9 15
9 17
9 18
9 20
9 21
9 23
9 26
9 34
9 36
9 42
9 51
9 54
9 57
9 60
9 64
9 68
9 70
9 74
9 79
9 82
9 97
9 104
10 11
10 12
10 13
10 14
10 15
10 16
10 17
10 18
10 19
10 20
10 21
10 23
10 24
10 25
10 26
10 28
10 34
10 35
10 40
10 42
10 47
10 50
10 56
10 66
10 77
10 84
10 89
10 92
10 96
10 104
11 12
11 13
11 14
11 15
11 16
11 17
11 18
11 20
11 21
11 22
11 26
11 27
11 28
11 32
11 34
11 37
11 38
11 40
11 41
11 43
11 45
11 46
11 47
11 48
11 51
11 52
11 53
11 54
11 64
11 67
11 70
11 72
11 73
11 81
11 82
11 84
11 85
11 91
11 93
11 94
11 96
11 99
11 102
11 103
11 107
11 108
11 115
11 116
12 13
12 14
12 15
12 16
12 17
12 18
12 19
12 20
12 22
12 26
12 27
12 30
12 31
12 38
12 39
12 40
12 45
12 49
12 52
12 53
12 54
12 61
12 71
12 73
12 78
12 80
12 82
12 90
12 93
12 102
12 104
12 105
12 109
12 119
13 14
13 15
13 21
13 22
13 23
13 24
13 28
13 34
13 35
13 40
13 42
13 43
13 47
13 49
13 50
13 54
13 56
13 58
13 64
13 66
13 71
13 82
13 86
13 90
13 98
13 102
13 104
13 108
13 115
14 17
14 20
14 23
14 24
14 25
14 27
14 28
14 29
14 34
14 37
14 38
14 41
14 45
14 49
14 53
14 54
14 55
14 57
14 58
14 60
14 63
14 68
14 73
14 74
14 76
14 78
14 81
14 90
14 93
14 97
14 101
14 102
14 103
14 111
14 114
14 116
15 16
15 17
15 18
15 19
15 22
15 23
15 25
15 29
15 32
15 33
15 35
15 37
15 38
15 42
15 50
15 51
15 53
15 55
15 63
15 67
15 72
15 73
15 80
15 83
15 86
15 89
15 90
15 95
15 110
15 113
15 115
15 117
15 118
16 17
16 19
16 20
16 23
16 24
16 26
16 28
16 29
16 30
16 32
16 33
16 36
16 41
16 43
16 46
16 47
16 52
16 53
16 58
16 61
16 64
16 67
16 69
16 70
16 76
16 77
16 78
16 79
16 80
16 82
16 83
16 87
16 88
16 92
16 94
16 104
16 105
16 107
16 108
16 112
16 113
16 116
17 18
17 19
17 23
17 24
17 25
17 29
17 31
17 36
17 38
17 39
17 42
17 44
17 46
17 47
17 50
17 58
17 60
17 63
17 64
17 70
17 78
17 83
17 85
17 87
17 93
17 95
17 99
17 106
17 119
18 23
18 26
18 29
18 52
18 53
18 61
18 64
18 66
18 68
18 72
19 20
19 21
19 24
19 25
19 26
19 28
19 33
19 42
19 48
19 56
19 59
19 66
19 80
19 84
19 93
19 96
19 102
20 22
20 24
20 27
20 28
20 30
20 33
20 73
20 75
20 76
20 80
20 83
20 84
20 92
20 104
20 114
21 25
21 28
21 29
21 48
21 61
21 75
21 89
21 91
21 95
21 114
21 116
22 29
22 30
22 33
22 35
22 36
22 37
22 38
22 40
22 41
22 44
22 51
22 61
22 62
22 63
22 65
22 68
22 98
22 105
22 107
22 113
23 26
23 27
23 31
23 32
23 33
23 44
23 45
23 52
23 55
23 63
23 85
23 89
23 93
23 100
23 108
23 111
24 26
24 27
24 30
24 31
24 33
24 36
24 37
24 43
24 44
24 46
24 51
24 53
24 65
24 66
24 70
24 71
24 72
24 88
24 89
24 90
24 94
24 96
24 98
24 102
24 107
24 112
24 117
25 27
25 30
25 32
25 42
25 48
25 56
25 57
25 59
25 62
25 63
25 66
25 68
25 74
25 76
25 81
25 88
25 97
25 101
25 102
25 117
26 29
26 41
26 43
26 46
26 47
26 50
26 55
26 56
26 62
26 67
26 69
26 73
26 78
26 81
26 86
26 87
26 107
26 109
26 110
27 35
27 47
27 48
27 50
27 54
27 55
27 59
27 60
27 67
27 109
27 118
28 31
28 32
28 35
28 41
28 42
28 50
28 55
28 58
28 59
28 62
28 65
28 66
28 71
28 79
28 83
28 85
28 92
28 109
28 117
28 118
29 31
29 38
29 39
29 40
29 43
29 56
29 57
29 58
29 64
29 66
29 68
29 69
29 74
29 75
29 85
29 86
29 101
29 105
29 112
30 36
30 37
30 44
30 52
30 61
30 69
30 73
30 76
30 81
30 88
30 90
30 91
30 105
31 34
31 39
31 52
31 54
31 55
31 60
31 68
31 76
31 85
31 91
31 99
31 119
32 41
32 43
32 44
32 46
32 57
32 78
32 84
32 91
32 92
32 106
32 109
33 39
33 48
33 51
33 54
33 69
33 95
33 96
33 100
33 106
33 108
34 39
34 72
34 75
35 42
35 45
35 47
35 53
35 59
35 64
35 67
35 69
35 82
35 105
35 111
35 113
35 118
36 37
36 41
36 44
36 51
36 53
36 65
36 70
36 86
36 97
36 101
36 105
36 109
36 118
37 39
37 45
37 63
37 65
37 77
38 49
38 51
38 52
38 60
38 67
38 71
38 86
38 90
38 103
39 44
39 92
39 95
39 103
39 113
39 115
40 41
40 44
40 46
40 51
40 65
40 89
40 92
40 108
40 110
40 111
41 49
41 58
41 61
41 71
41 72
41 81
41 96
41 97
41 102
41 109
41 115
41 116
42 45
42 47
42 48
42 88
42 94
42 98
42 107
42 117
43 54
43 57
43 77
43 95
43 99
44 61
44 69
44 78
44 83
44 87
44 94
44 98
44 101
44 106
44 108
45 49
45 62
45 71
45 80
45 119
46 55
46 59
46 60
46 67
46 79
46 87
46 104
46 106
46 119
47 54
47 55
47 67
47 71
47 84
47 94
47 103
47 104
47 118
48 56
48 61
48 65
48 66
48 84
48 94
48 101
48 112
49 56
49 62
49 76
49 87
49 89
49 95
49 110
49 111
49 117
50 59
50 63
50 67
50 82
50 87
50 106
50 115
51 56
51 63
51 89
52 62
52 66
52 70
52 75
52 80
52 83
52 111
52 113
53 58
53 69
53 79
53 80
53 81
53 93
53 98
53 111
53 113
54 57
54 78
54 87
54 103
54 113
55 56
55 57
55 73
55 83
55 99
55 104
55 111
55 112
56 62
56 86
57 64
57 75
57 77
57 79
57 80
57 84
57 104
57 106
57 114
58 75
58 94
58 112
58 117
59 82
59 107
59 113
60 72
60 75
60 100
61 73
61 76
61 77
61 92
61 97
61 100
61 101
61 105
61 108
61 110
62 70
62 111
62 116
63 77
63 79
63 90
63 114
64 70
64 82
65 68
65 99
66 75
66 80
66 98
66 110
67 100
67 109
69 77
69 86
69 97
70 73
70 74
70 81
70 100
71 74
71 86
71 93
71 98
72 95
73 74
74 76
74 82
75 106
75 116
76 85
76 102
76 106
76 112
78 84
78 85
78 102
78 109
78 114
78 116
79 87
79 112
80 81
80 88
80 117
81 91
81 95
83 94
85 92
85 103
85 114
85 119
86 88
86 91
86 99
86 100
86 110
87 96
87 103
88 90
88 97
88 99
88 110
88 117
90 98
90 99
90 103
90 114
92 93
92 94
92 97
92 100
93 96
93 97
94 105
95 113
95 115
96 108
97 98
97 116
100 108
104 117
106 112
107 118
108 119
117 118
