0 20
0 36
0 48
0 52
0 58
0 76
0 82
0 86
0 92
1 22
1 33
1 42
1 50
1 75
1 85
1 92
1 116
2 15
2 30
2 62
2 66
2 70
2 80
2 82
2 89
2 90
2 102
3 10
3 39
3 40
3 42
3 58
3 99
3 102
4 7
4 23
4 50
4 55
4 64
4 70
4 73
4 74
4 75
4 81
4 85
4 99
4 103
4 107
4 113
5 23
5 50
5 59
5 96
5 97
5 106
5 109
6 21
6 73
6 76
6 80
6 83
6 90
6 119
7 60
7 78
7 95
7 114
8 10
8 13
8 31
8 39
8 41
8 65
8 82
8 92
8 106
9 11
9 16
9 22
9 38
9 59
9 60
9 69
9 108
9 111
10 26
10 32
10 41
10 64
10 74
10 84
10 90
10 108
11 19
11 23
11 27
11 35
11 47
11 48
11 49
11 53
11 73
11 74
11 92
11 107
11 119
12 13
12 32
12 37
12 39
12 42
12 68
12 75
12 96
12 102
12 103
12 113
13 28
13 33
13 48
13 53
13 61
13 82
13 84
13 92
13 110
14 40
14 41
14 49
14 64
14 81
14 87
14 104
14 119
15 22
15 26
15 27
15 56
15 85
15 94
15 101
16 48
16 56
16 66
16 80
16 83
16 118
17 35
17 41
17 44
17 55
17 58
17 65
17 66
17 71
17 72
17 80
17 81
17 96
17 103
17 105
17 106
17 110
17 114
18 24
18 26
18 27
18 34
18 49
18 78
18 83
18 92
18 114
19 35
19 56
19 80
19 108
19 109
20 27
20 42
20 45
20 46
20 47
20 49
20 55
20 57
20 59
20 70
20 72
20 82
20 84
20 87
20 105
20 106
21 30
21 31
21 50
21 51
21 64
21 71
21 91
21 117
22 25
22 37
22 40
22 67
22 96
22 104
22 118
23 28
23 34
23 38
23 42
23 50
23 52
23 67
23 69
23 72
23 82
23 83
24 52
24 57
24 72
24 82
24 85
24 100
25 36
25 47
25 48
25 60
25 72
25 82
25 85
25 88
25 106
25 111
25 113
26 27
26 33
26 55
26 57
26 60
26 73
26 91
26 103
27 55
27 64
27 72
27 91
27 92
27 98
28 52
28 89
29 48
29 52
29 57
29 82
29 87
30 39
30 41
30 42
30 57
30 86
30 100
30 105
30 116
31 35
31 44
31 51
31 56
31 58
31 69
31 79
31 83
31 97
31 119
32 40
32 58
32 62
32 96
32 98
32 101
33 34
33 40
33 42
33 55
33 57
33 59
33 60
33 84
33 94
33 98
33 99
33 110
33 118
34 39
34 51
34 76
34 78
35 49
35 75
35 105
35 113
36 41
36 47
36 48
36 61
36 64
36 68
36 77
36 105
36 116
36 118
37 40
37 45
37 61
37 66
37 74
37 80
37 89
37 90
37 92
37 98
37 105
38 43
38 48
38 54
38 59
38 60
38 109
38 116
38 119
39 49
39 52
39 66
39 74
39 82
39 94
39 102
39 116
40 76
40 84
40 92
40 96
41 44
41 57
41 71
41 73
41 109
42 61
42 63
42 93
42 107
43 46
43 49
43 52
43 53
43 59
43 93
43 104
43 112
44 72
44 82
44 94
44 108
44 109
45 53
45 55
45 60
45 68
45 75
45 80
45 116
45 119
46 48
46 81
46 89
46 100
46 110
47 59
47 70
47 76
47 87
48 55
48 66
48 95
48 96
48 101
48 112
48 119
49 52
49 56
49 61
49 116
50 63
50 78
50 80
50 82
50 97
50 100
50 114
50 116
51 54
51 74
51 77
51 87
51 89
51 98
51 108
51 110
52 72
52 82
52 115
53 66
53 69
53 72
53 79
53 95
53 97
53 99
53 108
53 118
54 56
54 65
54 71
54 78
54 79
54 84
54 87
54 89
54 95
54 104
54 117
55 56
55 99
55 102
56 84
56 88
56 105
56 118
56 119
57 62
57 64
57 65
57 107
58 64
58 69
58 90
58 104
58 117
59 81
59 106
59 108
60 62
60 63
60 75
60 82
60 88
60 113
61 66
61 68
61 73
61 93
61 115
62 74
62 89
63 82
63 101
63 108
63 110
63 111
64 70
64 74
64 76
64 80
64 106
65 81
65 85
65 86
65 88
65 98
65 109
65 114
65 119
66 87
66 100
66 101
66 109
67 74
67 105
67 113
67 119
68 79
68 81
68 87
69 77
69 94
69 96
69 108
69 116
69 118
70 72
70 104
70 118
71 100
71 107
71 116
72 87
72 94
72 97
72 101
73 80
73 99
73 100
73 101
74 113
75 87
75 97
75 115
76 85
76 88
76 93
76 101
76 102
76 118
77 85
77 99
79 90
79 94
79 101
79 118
80 82
80 96
80 101
80 103
80 110
80 115
80 116
81 85
81 115
81 118
82 94
82 106
82 113
83 100
84 86
84 94
84 97
84 100
84 109
84 111
84 115
86 97
86 107
86 118
87 94
87 117
88 103
89 91
89 105
91 102
91 111
91 117
91 118
92 101
92 104
92 106
92 108
93 96
93 100
93 111
94 96
94 106
95 104
95 113
95 115
95 117
97 103
97 111
97 117
99 105
100 103
100 112
101 109
101 110
101 114
103 108
103 116
104 114
106 109
106 116
106 117
109 111
109 112
110 113
111 113
111 116
118 119
