0 2
0 6
0 7
0 9
0 11
0 14
0 15
0 16
0 18
0 55
0 77
0 87
0 90
1 4
1 11
1 13
1 15
1 17
1 18
1 19
1 20
1 21
1 22
1 31
1 43
1 84
1 102
1 111
2 4
2 6
2 8
2 9
2 12
2 14
2 17
2 20
2 22
2 95
3 16
3 22
3 23
3 24
3 29
3 41
3 44
3 47
3 94
3 109
4 7
4 8
4 9
4 14
4 16
4 17
4 23
4 46
4 57
4 72
4 94
5 7
5 10
5 12
5 15
5 16
5 17
5 19
5 21
5 23
5 43
5 83
6 10
6 14
6 18
6 21
6 22
6 40
6 65
7 8
7 10
7 11
7 16
7 17
7 18
7 20
7 23
7 50
7 84
7 106
7 112
8 10
8 12
8 13
8 14
8 16
8 17
8 20
8 22
8 31
8 42
8 43
8 47
8 74
8 76
8 77
8 113
8 115
8 119
9 11
9 18
9 19
9 21
9 22
9 34
9 61
9 74
9 90
10 13
10 15
10 16
10 17
10 18
10 20
10 21
10 22
10 25
10 28
10 67
10 68
10 82
10 83
10 89
10 119
11 12
11 13
11 14
11 15
11 20
11 23
11 24
11 44
11 47
11 52
11 68
11 109
12 13
12 14
12 16
12 17
12 22
12 23
12 27
12 102
12 109
12 111
13 14
13 15
13 18
13 22
13 23
13 32
13 33
13 38
13 40
13 67
13 82
13 88
13 108
13 113
14 15
14 16
14 22
14 69
14 90
15 16
15 17
15 20
15 21
15 22
15 23
15 38
15 39
15 44
15 58
15 63
15 98
15 100
15 110
16 19
16 21
16 26
16 29
16 52
16 53
16 54
16 65
17 21
17 22
17 30
17 38
17 43
17 47
17 60
17 86
17 92
17 95
17 115
18 19
18 20
18 22
18 28
18 54
18 72
18 112
18 118
19 102
19 106
19 111
20 22
20 31
20 113
20 114
21 22
21 27
21 35
21 40
21 49
21 75
21 80
21 83
21 102
22 50
22 73
22 95
22 102
22 116
22 118
23 38
23 44
23 75
23 86
23 90
23 99
24 26
24 27
24 29
24 31
24 34
24 35
24 36
24 37
24 39
24 41
24 44
24 45
24 47
24 73
24 81
24 94
25 26
25 28
25 31
25 36
25 37
25 38
25 40
25 44
25 46
25 64
25 80
26 27
26 36
26 37
26 39
26 40
26 44
26 64
27 35
27 36
27 38
27 44
27 46
27 50
27 71
27 82
28 29
28 30
28 33
28 35
28 43
28 45
28 65
28 81
28 86
28 92
28 114
29 32
29 36
29 38
29 41
29 43
29 45
29 68
29 73
29 76
29 86
29 97
29 117
30 32
30 37
30 41
30 42
30 44
30 90
31 33
31 38
31 40
31 41
31 44
31 45
31 46
31 50
31 67
32 36
32 40
32 46
32 51
32 63
32 78
32 81
32 101
32 107
32 110
33 40
33 43
33 45
33 47
33 59
33 72
33 77
33 81
33 93
33 114
34 39
34 42
34 47
34 64
34 67
34 90
34 98
34 100
34 119
35 36
35 37
35 38
35 39
35 41
35 42
35 44
35 45
35 63
35 97
35 105
35 107
35 111
36 37
36 38
36 39
36 43
36 46
36 47
36 49
36 67
36 101
37 38
37 44
37 66
37 75
37 79
37 82
37 98
38 40
38 41
38 42
38 43
38 47
38 93
38 103
38 114
39 40
39 41
39 42
39 44
39 45
40 43
40 46
40 63
40 96
41 51
41 53
41 97
42 43
42 44
42 45
42 46
42 69
42 80
42 108
43 60
43 64
43 66
43 70
43 114
44 45
44 46
44 47
44 54
44 59
44 86
44 88
44 99
45 47
45 50
46 63
46 74
46 87
46 95
47 51
47 88
47 99
47 100
47 101
47 108
47 113
48 49
48 53
48 56
48 57
48 58
48 59
48 61
48 65
48 66
48 67
48 68
48 70
48 98
48 100
49 53
49 56
49 57
49 58
49 60
49 62
49 64
49 65
49 67
49 69
50 52
50 55
50 57
50 58
50 65
50 67
50 68
50 69
50 81
50 89
50 119
51 53
51 55
51 58
51 62
51 67
51 68
51 70
51 71
51 115
52 54
52 58
52 65
52 68
52 78
52 104
53 56
53 61
53 66
53 68
53 111
54 55
54 56
54 57
54 59
54 62
54 66
54 67
54 70
54 88
54 106
55 56
55 58
55 59
55 61
55 62
55 63
55 64
55 65
55 69
55 70
55 85
55 114
56 57
56 63
56 64
56 67
56 68
56 69
56 72
57 61
57 65
57 66
57 71
57 79
57 95
57 116
58 59
58 60
58 62
58 63
58 65
58 67
58 69
58 71
58 82
58 94
58 99
59 60
59 61
59 64
59 65
59 66
59 67
59 68
59 70
59 71
59 75
59 77
59 81
59 91
59 94
59 98
59 99
60 64
60 66
60 70
60 79
60 91
60 99
60 101
61 62
61 63
61 64
61 70
61 98
62 66
62 67
62 70
62 71
62 114
63 64
63 66
63 67
63 68
63 70
63 71
63 101
64 66
64 68
64 69
64 80
64 82
64 91
64 111
65 68
65 69
65 75
65 111
66 67
66 68
66 69
66 70
66 99
66 116
66 119
67 68
67 71
67 83
67 104
68 69
68 70
68 71
68 82
68 88
68 114
68 115
69 71
69 74
69 86
69 87
69 104
70 71
70 76
70 77
70 97
70 98
70 100
70 101
70 102
71 78
71 79
72 74
72 76
72 78
72 80
72 87
72 88
72 93
72 94
72 95
73 75
73 77
73 78
73 80
73 83
73 84
73 85
73 87
73 90
73 93
73 114
74 77
74 79
74 80
74 83
74 87
74 90
74 92
74 96
74 98
74 111
74 117
75 77
75 78
75 79
75 80
75 82
75 84
75 85
75 86
75 87
75 89
75 90
75 94
75 95
75 97
76 78
76 79
76 82
76 85
76 86
76 87
76 88
76 93
76 94
76 95
76 103
76 110
77 79
77 80
77 81
77 92
77 94
78 81
78 84
78 85
78 87
78 88
78 91
78 93
78 106
79 80
79 83
79 84
79 87
79 90
79 92
79 94
79 95
79 106
80 81
80 87
80 91
80 92
80 94
80 95
80 112
81 86
81 89
81 90
81 91
81 93
81 94
81 105
82 83
82 85
82 86
82 87
82 88
82 89
82 93
82 102
82 116
82 117
83 85
83 87
83 88
83 90
83 92
83 93
83 95
84 87
84 92
84 94
84 113
85 95
86 90
86 91
86 93
86 95
86 110
86 115
87 88
87 93
88 89
88 90
88 92
88 94
88 119
89 91
89 93
90 91
90 92
90 95
90 99
92 94
92 95
92 96
92 108
93 95
93 118
94 95
96 97
96 99
96 100
96 104
96 105
96 108
96 109
96 112
96 116
96 118
97 98
97 99
97 100
97 108
97 113
97 115
97 116
97 117
98 102
98 103
98 105
98 106
98 107
98 108
98 109
98 113
99 104
99 106
99 107
99 109
99 111
99 119
100 103
100 104
100 105
100 106
100 108
100 109
100 112
100 114
100 115
101 102
101 103
101 104
101 105
101 107
101 108
101 110
101 111
101 112
101 116
102 103
102 105
102 106
102 109
102 110
102 116
103 105
103 106
103 107
103 108
103 116
103 117
103 118
104 108
104 110
104 112
104 114
104 119
105 106
105 107
105 110
105 111
105 114
105 115
106 108
106 109
106 112
106 113
106 114
106 118
106 119
107 109
107 112
107 113
107 116
107 118
107 119
108 109
108 110
108 112
108 113
108 114
108 116
108 118
109 112
109 113
109 115
109 118
110 112
110 114
110 115
110 119
111 114
111 116
111 117
111 118
112 113
112 115
112 116
112 118
112 119
113 115
113 117
113 118
114 115
114 116
114 117
114 118
114 119
115 117
115 118
116 119
117 118
117 119
