0 1
0 2
0 3
0 4
0 5
0 6
0 7
0 9
0 10
0 12
0 14
0 15
0 27
0 31
0 42
0 44
0 45
0 61
0 64
0 67
0 69
0 70
0 72
0 75
0 77
0 83
0 86
0 103
0 116
0 119
1 6
1 8
1 9
1 14
1 16
1 17
1 18
1 35
1 36
1 37
1 48
1 56
1 62
1 63
1 68
1 70
1 84
1 94
1 104
2 6
2 7
2 8
2 9
2 11
2 12
2 15
2 16
2 18
2 19
2 22
2 34
2 35
2 44
2 48
2 51
2 55
2 57
2 60
2 61
2 64
2 71
2 74
2 83
2 91
2 108
2 110
2 111
2 118
3 6
3 7
3 17
3 18
3 19
3 23
3 24
3 25
3 37
3 38
3 39
3 50
3 64
4 7
4 10
4 20
4 58
5 6
5 8
5 9
5 10
5 11
5 15
5 26
5 30
5 46
5 51
5 56
5 95
5 110
5 114
6 7
6 8
6 13
6 14
6 21
6 26
6 27
6 33
6 38
6 40
6 51
6 58
6 62
6 65
6 68
6 73
6 86
6 105
7 8
7 9
7 10
7 11
7 12
7 16
7 19
7 23
7 24
7 25
7 32
7 36
7 39
7 40
7 41
7 47
7 48
7 74
7 77
7 78
7 82
7 83
7 85
7 109
7 114
7 117
8 11
8 12
8 13
8 14
8 28
8 29
8 34
8 37
8 39
8 57
8 66
8 72
8 105
8 118
9 10
9 11
9 12
9 13
9 23
9 25
9 28
9 31
9 32
9 33
9 40
9 43
9 47
9 48
9 52
9 53
9 54
9 58
9 67
9 68
9 71
9 75
9 79
9 86
9 90
9 91
9 97
9 114
9 119
10 15
10 17
10 19
10 20
10 22
10 23
10 24
10 27
10 30
10 32
10 35
10 46
10 49
10 53
10 69
10 72
10 80
10 94
10 96
10 107
10 112
11 13
11 16
11 18
11 19
11 23
11 30
11 31
11 39
11 40
11 41
11 42
11 54
11 60
11 62
11 63
11 65
11 70
11 84
11 92
11 94
11 97
11 100
11 110
11 115
12 13
12 15
12 17
12 27
12 33
12 36
12 46
12 50
12 51
12 57
12 71
12 75
12 82
12 101
12 103
12 104
12 105
12 112
13 14
13 17
13 20
13 21
13 24
13 25
13 29
13 31
13 47
13 49
13 51
13 52
13 57
13 65
13 66
13 76
13 77
13 80
13 88
13 103
13 107
13 108
13 109
13 110
13 114
13 115
14 16
14 18
14 21
14 22
14 26
14 28
14 38
14 40
14 49
14 53
14 55
14 58
14 62
14 69
14 89
14 101
14 106
15 28
15 32
15 36
15 44
15 59
15 87
15 88
15 89
15 97
15 112
16 36
16 57
16 117
17 20
17 21
17 33
17 37
17 50
17 55
17 59
17 61
17 62
17 64
17 66
17 81
17 83
17 87
17 96
17 111
17 115
17 119
18 20
18 27
18 30
18 35
18 49
18 52
18 73
18 82
19 21
19 22
19 25
19 26
19 29
19 33
19 35
19 38
19 43
19 45
19 46
19 48
19 49
19 59
19 60
19 71
19 72
19 74
19 77
19 80
19 81
19 85
19 93
19 96
19 97
19 98
19 99
19 118
20 34
20 41
20 81
20 96
20 107
20 113
21 22
21 30
21 41
21 65
21 68
21 76
21 80
21 91
21 106
22 39
22 67
22 87
22 99
23 24
23 26
23 45
23 56
23 58
23 60
23 61
23 63
23 71
23 75
23 92
23 95
23 100
23 102
24 29
24 55
24 79
25 50
25 78
26 28
26 38
26 42
26 47
26 52
26 56
26 103
26 118
27 43
27 44
27 56
27 86
27 101
28 29
28 31
28 34
28 54
28 101
28 102
29 37
29 43
29 106
29 113
30 32
30 34
30 45
30 98
30 109
31 75
31 95
32 78
32 82
32 85
32 90
32 95
32 108
33 90
34 41
34 42
34 45
34 70
34 85
34 87
35 52
35 59
35 66
35 68
35 72
37 91
38 42
38 54
38 67
38 84
39 46
39 47
39 111
39 113
40 43
40 89
40 111
41 50
41 74
42 44
42 98
43 81
43 86
43 87
43 96
43 109
44 53
44 54
44 92
45 53
45 76
46 55
46 60
46 84
46 89
46 104
47 81
47 99
47 107
48 77
48 99
48 101
48 112
48 115
49 100
49 116
50 63
50 69
51 76
51 79
51 97
51 99
51 118
52 100
53 94
54 59
54 83
54 93
56 66
57 95
58 70
58 88
58 98
59 61
59 69
59 78
59 90
59 93
60 67
60 116
61 63
61 73
62 65
62 79
63 64
63 90
63 107
63 114
65 73
65 93
65 94
66 73
66 80
66 82
68 74
69 78
69 79
69 105
70 84
71 76
75 110
75 112
76 89
76 119
77 117
77 119
78 102
79 88
79 106
80 92
81 91
82 113
83 104
84 85
84 98
85 93
85 116
86 100
87 88
87 92
87 102
91 105
91 108
91 113
92 103
96 111
99 102
99 104
99 117
101 106
103 115
104 117
105 108
106 109
110 116
