0 3
0 12
0 25
0 32
0 34
0 40
0 48
0 61
0 74
0 95
0 113
0 117
1 48
1 54
1 87
2 4
2 5
2 16
2 17
2 47
2 58
2 77
2 96
3 13
3 38
3 62
3 97
3 103
3 105
3 112
3 115
4 11
4 26
4 43
4 61
4 62
4 66
4 97
4 103
4 109
4 114
4 118
5 16
5 69
5 71
5 89
5 101
5 106
5 117
6 20
6 26
6 34
6 58
6 82
6 93
6 94
6 98
6 108
6 117
7 32
7 42
7 45
7 78
7 90
7 96
7 107
7 114
8 9
8 19
8 20
8 23
8 43
8 54
8 56
8 64
9 35
9 89
9 92
9 94
9 107
10 11
10 12
10 21
10 22
10 37
10 43
10 93
10 99
10 115
10 116
11 22
11 42
11 45
11 52
11 62
11 65
11 78
11 94
11 106
12 24
12 34
12 35
12 65
12 70
12 112
12 115
13 15
13 20
13 27
13 34
13 52
13 71
13 88
13 100
13 101
13 102
13 105
14 16
14 19
14 44
14 45
14 49
14 68
14 88
14 90
14 96
14 98
15 47
15 52
15 60
15 62
15 78
15 80
15 81
15 84
15 88
15 92
15 98
15 105
15 115
16 22
16 43
16 91
16 95
16 96
16 110
16 112
16 117
17 20
17 30
17 44
17 48
17 81
17 86
17 110
17 118
18 23
18 31
18 56
18 57
18 67
18 79
18 98
19 26
19 43
19 49
19 54
19 55
19 57
19 59
19 62
19 77
19 89
19 107
20 22
20 38
20 39
20 45
20 82
20 108
21 46
21 50
21 56
21 74
21 102
21 109
21 116
22 35
22 53
22 56
22 74
22 82
22 83
22 89
22 115
23 31
23 45
23 57
23 58
23 70
23 76
23 108
23 114
24 90
24 104
24 105
24 112
24 115
25 38
25 39
25 61
25 65
25 70
25 85
25 95
25 117
26 42
26 55
26 64
26 66
26 89
26 90
26 98
26 102
26 112
27 49
27 100
27 101
27 107
27 110
27 115
28 41
28 42
28 43
28 53
28 59
28 62
28 70
28 73
28 95
28 104
29 40
29 47
29 63
29 89
29 90
30 33
30 40
30 59
30 87
30 99
30 115
31 38
31 71
31 73
31 89
31 91
31 92
31 94
31 111
32 34
32 43
32 45
32 57
32 58
32 62
32 85
32 87
32 91
32 104
33 58
33 60
33 64
33 73
33 79
33 99
34 55
34 69
34 73
34 95
35 47
35 69
35 96
35 105
36 44
36 58
36 81
36 100
37 44
37 50
37 73
37 80
37 85
37 93
38 39
38 66
38 72
38 87
38 89
38 99
38 102
38 107
38 112
39 62
39 65
39 67
39 75
39 102
40 55
40 59
40 66
40 68
40 81
40 95
40 112
40 116
41 51
41 57
41 76
41 92
41 94
42 46
42 87
42 99
42 101
42 114
43 50
43 90
43 91
43 97
43 100
43 115
43 117
44 51
44 72
44 91
44 97
44 112
44 119
45 48
45 54
45 59
45 62
45 68
45 76
45 78
45 83
45 88
45 91
45 93
45 107
45 109
45 113
45 115
46 50
46 51
46 68
46 104
47 52
47 62
47 67
47 80
47 92
47 115
47 119
48 50
48 62
48 99
49 58
49 67
49 68
49 74
49 75
49 94
49 97
49 117
50 58
50 68
50 77
50 90
50 106
50 118
51 94
51 118
52 82
52 85
52 96
53 65
53 68
53 84
53 103
54 86
54 107
55 86
55 94
55 96
55 108
55 118
56 59
56 66
56 69
56 83
56 93
56 107
57 77
57 94
57 116
58 60
58 73
58 77
58 79
58 81
58 88
58 116
59 71
59 77
59 83
60 77
60 79
60 92
60 97
60 104
60 115
60 119
61 62
61 68
61 78
61 87
61 88
61 90
62 66
62 69
62 83
62 88
62 93
62 102
63 67
63 73
63 75
63 112
64 76
64 82
64 85
64 97
64 99
64 105
64 108
65 68
65 79
65 104
65 106
66 70
66 84
66 86
66 87
66 95
66 108
66 111
66 116
67 81
68 76
68 77
68 97
68 99
68 112
68 119
69 79
70 83
70 98
71 73
71 87
71 88
71 95
71 108
72 75
72 79
72 84
72 92
73 76
73 81
73 87
73 101
73 110
74 83
75 79
75 87
75 104
75 105
76 77
76 78
76 89
76 114
77 81
77 89
77 91
77 96
77 97
77 101
78 94
78 96
78 113
78 114
80 81
80 90
80 119
81 89
81 114
81 118
82 108
83 97
84 89
84 94
84 108
84 109
84 116
85 93
85 111
85 114
86 87
87 88
87 91
87 98
87 100
87 108
88 116
89 112
89 114
89 117
89 119
90 93
90 101
90 110
90 117
91 105
92 102
92 111
93 103
93 114
94 96
94 103
95 103
95 108
96 104
96 112
97 108
98 105
100 110
100 111
101 103
102 105
102 110
102 115
103 108
104 112
104 114
104 116
105 115
108 114
108 115
110 115
110 117
111 113
111 117
112 118
114 115
115 118
115 119
