0 8
0 11
0 59
0 64
0 84
0 101
0 104
0 116
0 119
1 7
1 30
1 48
1 57
1 62
1 69
1 75
1 85
1 98
1 111
2 27
2 32
2 42
2 44
2 76
2 97
2 110
2 115
3 23
3 24
3 64
3 72
3 77
3 104
3 107
4 5
4 13
4 17
4 58
4 61
4 65
4 78
4 87
4 95
4 109
4 112
5 14
5 17
5 37
5 58
5 65
5 67
5 78
5 87
5 95
5 106
5 112
6 12
6 17
6 26
6 37
6 45
6 49
6 65
6 78
6 83
6 86
6 87
6 91
6 100
6 106
6 109
6 112
7 54
7 63
7 85
7 89
8 11
8 59
8 64
8 77
8 84
8 101
8 104
8 116
9 19
9 92
9 119
10 13
10 46
10 61
10 80
10 94
10 99
11 19
11 25
11 59
11 84
11 101
11 116
11 119
12 22
12 26
12 30
12 33
12 38
12 48
12 51
12 62
12 75
12 83
12 86
12 87
12 91
12 98
12 109
12 111
13 61
13 94
13 95
13 99
14 28
14 37
14 45
14 58
14 65
14 67
14 78
14 106
14 112
15 23
15 24
15 41
15 43
15 47
15 107
15 108
16 29
16 36
16 39
16 54
16 60
16 82
16 89
16 90
16 92
16 105
17 37
17 45
17 49
17 58
17 65
17 67
17 78
17 86
17 87
17 106
17 109
17 112
18 35
18 53
18 68
18 81
19 25
19 59
19 101
19 116
19 119
20 21
20 22
20 48
20 56
20 57
20 76
20 79
20 83
20 88
20 91
21 22
21 26
21 30
21 48
21 56
21 57
21 79
21 83
21 91
21 98
22 26
22 30
22 48
22 56
22 57
22 62
22 69
22 75
22 79
22 83
22 86
22 91
22 98
22 111
23 24
23 41
23 43
23 47
23 72
23 107
23 108
24 43
24 47
24 64
24 72
24 107
25 41
25 71
25 116
26 30
26 37
26 48
26 49
26 56
26 57
26 62
26 75
26 79
26 83
26 86
26 87
26 91
26 98
26 100
27 32
27 44
27 97
27 110
27 115
28 45
28 58
28 67
28 78
28 106
28 112
29 36
29 39
29 42
29 54
29 60
29 82
29 89
29 90
29 92
29 105
29 110
30 33
30 48
30 51
30 56
30 57
30 62
30 69
30 75
30 79
30 83
30 91
30 98
30 111
31 33
31 34
31 38
31 50
31 51
31 52
31 62
31 73
31 74
31 75
31 102
31 113
32 44
32 110
32 115
33 34
33 38
33 50
33 51
33 52
33 62
33 73
33 74
33 75
33 98
33 102
33 109
33 113
34 38
34 50
34 51
34 52
34 73
34 74
34 102
34 113
35 40
35 66
35 68
35 81
35 93
35 103
35 118
36 39
36 60
36 82
36 92
36 105
37 45
37 49
37 58
37 65
37 67
37 78
37 86
37 87
37 100
37 106
37 112
38 51
38 52
38 62
38 73
38 74
38 87
38 102
38 109
38 113
39 54
39 60
39 82
39 89
39 90
39 92
39 105
40 68
40 93
40 103
40 118
41 43
41 71
41 108
41 117
42 54
42 76
42 82
42 89
42 105
42 110
42 115
43 108
44 97
44 110
44 115
45 49
45 58
45 65
45 67
45 78
45 86
45 87
45 100
45 106
45 112
46 53
46 61
46 70
46 80
46 94
46 99
47 107
48 56
48 57
48 62
48 69
48 75
48 79
48 83
48 91
48 98
48 111
49 83
49 86
49 87
49 91
49 100
49 106
49 112
50 51
50 52
50 73
50 74
50 96
50 102
50 113
51 52
51 62
51 73
51 74
51 75
51 98
51 102
51 109
51 113
52 62
52 73
52 74
52 75
52 102
52 109
52 113
53 55
53 66
53 68
53 70
53 80
53 81
53 114
54 60
54 82
54 85
54 89
54 90
54 92
54 105
55 66
55 70
55 96
55 114
56 57
56 79
56 83
56 91
56 98
57 69
57 76
57 79
57 88
57 91
57 98
57 111
58 65
58 67
58 78
58 87
58 106
58 112
59 84
59 90
59 92
59 101
59 116
59 119
60 82
60 92
60 105
61 73
61 80
61 94
61 95
61 99
61 102
62 75
62 98
62 109
62 111
63 85
64 72
64 77
64 96
64 104
64 107
65 67
65 78
65 87
65 95
65 106
65 109
65 112
66 68
66 70
66 114
67 78
67 106
67 112
68 81
68 103
69 75
69 76
69 79
69 85
69 98
69 111
70 96
70 114
71 108
71 117
72 77
72 104
72 107
73 74
73 102
73 109
73 113
74 96
74 102
74 113
75 85
75 98
75 111
76 88
76 97
76 110
76 115
77 96
77 104
77 114
78 87
78 106
78 112
79 83
79 88
79 91
79 98
79 111
80 94
80 99
81 103
82 89
82 90
82 92
82 105
83 86
83 91
83 98
83 100
84 90
84 92
84 101
84 116
84 119
85 89
85 111
86 87
86 91
86 100
86 109
86 112
87 106
87 109
87 112
88 97
89 90
89 92
89 110
90 92
90 119
91 98
91 100
92 105
92 119
93 103
93 118
94 99
94 102
96 104
96 114
97 110
97 115
98 111
101 116
101 119
102 109
102 113
103 118
105 110
106 112
110 115
116 119
