0 12
0 13
0 24
0 41
0 45
0 71
0 92
0 115
1 15
1 16
1 17
1 20
1 22
1 26
1 36
1 43
1 74
1 85
2 25
2 27
2 52
2 56
2 97
2 117
2 119
3 49
3 71
3 84
3 97
3 103
4 27
4 35
4 54
4 76
4 77
4 94
4 96
5 28
5 66
5 72
5 93
5 95
5 99
5 107
5 118
6 8
6 20
6 38
6 48
6 69
6 100
7 12
7 18
7 44
7 50
7 58
7 62
7 75
7 95
7 116
8 74
8 80
8 84
8 85
8 101
8 102
8 111
9 14
9 36
9 48
9 53
9 86
9 98
9 102
9 106
9 113
9 118
10 15
10 17
10 30
10 42
10 55
10 64
10 77
10 81
10 98
10 106
10 110
10 114
11 15
11 29
11 43
11 63
11 108
11 109
11 114
12 24
12 45
12 46
12 47
12 50
12 55
12 98
12 108
13 17
13 59
13 60
13 70
13 95
13 114
13 118
14 38
14 50
14 55
14 72
14 96
14 108
14 118
14 119
15 36
15 38
15 50
15 57
15 61
15 69
15 94
15 97
15 107
15 115
16 21
16 23
16 41
16 42
16 46
16 53
16 71
16 72
16 78
16 92
16 93
16 101
17 23
17 24
17 58
17 96
17 114
18 54
18 97
18 105
18 110
19 34
19 54
19 57
19 62
19 76
19 87
19 96
19 98
19 105
19 116
20 30
20 43
20 53
20 55
20 66
21 23
21 29
21 47
21 48
21 57
21 95
21 107
21 114
22 38
22 47
22 57
22 83
22 84
22 100
22 110
23 60
23 63
23 69
23 89
23 103
23 105
23 116
24 33
24 47
24 53
24 73
24 89
24 91
24 96
24 103
24 104
24 112
24 119
25 28
25 33
25 38
25 65
25 69
25 84
25 105
26 52
26 61
26 74
26 78
26 79
26 87
26 89
26 95
26 104
26 119
27 36
27 48
27 89
27 96
27 104
27 106
27 112
27 119
28 51
28 53
28 75
28 98
28 112
29 46
29 51
29 54
29 55
29 59
29 74
29 86
29 89
29 90
29 95
29 100
29 114
30 40
30 86
30 88
30 92
30 98
30 101
31 53
31 60
31 67
31 69
31 96
31 104
31 107
31 108
31 114
32 50
32 61
32 65
32 69
32 77
33 37
33 42
33 55
33 61
33 65
33 70
33 82
33 89
33 94
34 36
34 37
34 78
34 94
35 51
35 55
35 72
35 76
35 106
35 110
35 111
36 58
36 65
36 70
36 76
36 93
36 98
36 118
37 68
37 73
37 75
37 117
38 49
38 50
38 68
38 81
38 88
38 105
39 40
39 61
39 75
39 83
39 95
39 104
39 111
40 45
40 79
40 82
40 110
40 114
41 45
41 51
41 52
41 68
41 77
41 87
42 48
42 63
42 73
42 77
42 93
42 99
42 101
43 72
43 102
43 103
43 115
44 57
44 84
44 86
44 92
44 94
44 100
44 109
45 56
45 62
45 81
45 101
45 115
46 59
46 110
47 66
47 113
48 53
48 90
48 92
48 100
48 101
49 58
49 70
49 76
49 103
49 108
49 116
49 119
50 65
51 57
51 59
51 62
51 75
51 95
51 109
51 115
52 80
52 83
52 85
52 108
52 110
53 56
53 57
53 59
53 101
53 105
53 108
54 78
54 109
54 113
55 59
55 64
55 68
55 72
55 76
55 78
55 80
55 90
55 91
55 107
56 63
56 99
56 103
56 104
56 118
57 62
57 65
57 67
57 72
57 93
57 107
58 60
58 76
58 112
58 115
58 117
59 109
60 76
60 89
60 90
60 93
60 107
60 118
61 80
61 85
61 88
61 95
61 100
61 105
62 73
62 75
62 77
62 89
62 92
62 102
62 105
64 67
64 86
64 90
64 99
65 104
65 109
65 114
65 119
66 81
66 84
66 100
66 107
67 80
67 100
68 81
68 86
68 110
69 72
69 93
69 94
69 95
70 95
70 116
71 73
71 101
72 74
72 88
72 107
73 77
73 79
73 90
73 99
73 105
74 78
75 87
75 92
75 98
75 103
76 86
76 112
76 119
77 88
77 102
77 109
77 114
77 115
78 82
78 84
78 87
78 97
78 99
78 109
78 114
79 89
79 95
79 98
80 98
80 116
81 83
81 103
81 109
81 113
81 118
82 97
82 109
82 110
82 118
83 87
83 103
83 108
84 86
84 103
84 111
86 93
87 101
87 103
87 108
87 111
87 114
87 116
87 117
88 103
88 111
88 118
89 99
89 100
89 107
89 110
89 111
90 93
90 97
90 99
90 102
90 111
91 105
91 106
91 111
92 115
93 100
93 105
93 111
93 113
94 99
94 104
94 113
95 96
95 103
95 108
95 110
97 111
97 119
98 100
98 102
98 109
99 103
99 118
100 117
101 104
101 113
101 119
102 103
102 115
102 117
102 119
103 116
105 113
105 118
107 108
108 117
109 115
110 112
110 116
111 112
111 113
111 117
113 119
114 119
115 119
