0 1
0 46
0 75
0 93
0 31
0 60
0 112
0 115
1 40
1 95
1 57
1 77
1 8
1 44
1 2
2 3
2 84
2 49
2 7
2 114
2 108
2 15
3 27
3 79
3 14
3 23
3 8
3 74
3 102
4 5
4 55
4 17
4 19
4 90
4 35
4 99
4 67
5 15
5 91
5 108
5 31
5 110
5 23
5 92
6 7
6 9
6 67
6 71
6 109
6 29
6 96
6 32
7 35
7 36
7 93
7 34
7 80
7 66
8 9
8 37
8 80
8 53
8 64
8 10
9 25
9 18
9 62
9 72
9 89
9 104
10 11
10 12
10 18
10 76
10 99
10 92
10 86
11 30
11 117
11 27
11 75
11 44
11 103
11 94
12 51
12 25
12 108
12 115
12 24
12 16
12 113
13 14
13 95
13 109
13 21
13 29
13 73
13 39
13 75
14 59
14 92
14 27
14 26
14 104
14 55
15 49
15 58
15 74
15 98
15 72
15 24
16 17
16 50
16 84
16 110
16 24
16 39
16 101
17 56
17 41
17 112
17 61
17 118
17 103
18 19
18 66
18 32
18 86
18 39
18 40
19 75
19 83
19 36
19 71
19 33
19 22
20 21
20 51
20 83
20 99
20 65
20 36
20 42
20 30
21 26
21 119
21 63
21 25
21 87
21 103
22 23
22 81
22 33
22 73
22 98
22 117
22 95
23 57
23 99
23 82
23 97
23 115
24 25
24 105
24 32
24 50
24 69
25 46
25 38
25 93
25 99
26 66
26 116
26 81
26 34
26 62
26 105
27 97
27 93
27 118
27 102
27 54
28 29
28 48
28 73
28 57
28 37
28 94
28 52
28 45
29 37
29 43
29 95
29 68
29 30
30 104
30 105
30 68
30 78
30 57
31 32
31 98
31 92
31 39
31 42
31 44
32 107
32 88
32 35
32 111
33 34
33 111
33 52
33 48
33 95
33 107
34 74
34 88
34 81
34 103
34 61
35 50
35 115
35 119
35 116
35 85
36 37
36 78
36 96
36 75
36 117
37 58
37 113
37 82
37 60
38 39
38 43
38 79
38 100
38 115
38 104
38 74
39 107
39 61
39 44
40 93
40 112
40 66
40 41
40 56
40 94
41 42
41 100
41 70
41 61
41 48
41 71
42 74
42 106
42 111
42 47
42 52
43 64
43 89
43 46
43 80
43 77
43 88
44 45
44 73
44 114
44 61
45 76
45 63
45 88
45 111
45 113
45 114
46 110
46 78
46 62
46 83
46 109
47 48
47 84
47 89
47 87
47 79
47 91
47 52
48 65
48 77
48 87
48 84
49 65
49 54
49 114
49 87
49 85
49 71
50 118
50 101
50 83
50 65
50 115
51 71
51 67
51 55
51 100
51 53
51 114
52 53
52 94
52 84
52 69
53 56
53 104
53 55
53 91
53 107
54 55
54 61
54 79
54 118
54 69
54 119
55 68
55 96
55 84
56 82
56 106
56 94
56 112
56 59
57 88
57 118
57 86
57 101
58 90
58 70
58 77
58 108
58 97
58 66
59 70
59 79
59 104
59 105
59 67
59 64
60 61
60 107
60 85
60 81
60 113
60 105
61 97
62 63
62 88
62 101
62 72
62 77
63 72
63 90
63 74
63 109
63 66
64 65
64 80
64 84
64 73
64 96
65 87
65 79
65 84
66 78
66 116
67 102
67 107
67 71
67 106
68 69
68 91
68 76
68 116
68 119
69 113
69 70
69 114
69 75
70 72
70 89
70 111
70 108
71 103
71 89
72 98
72 96
72 81
73 86
73 80
73 100
74 117
74 92
75 80
75 108
76 77
76 87
76 117
76 96
76 93
77 80
77 118
78 113
78 97
78 100
78 103
79 119
79 91
80 82
81 82
81 98
81 110
82 91
82 113
82 89
83 94
83 102
83 114
83 107
85 86
85 101
85 105
85 109
85 106
86 90
86 94
86 111
87 101
87 100
88 89
88 111
89 96
90 91
90 108
90 118
90 93
91 92
92 95
92 109
93 95
94 110
95 110
96 105
97 98
97 101
97 100
98 115
98 117
99 102
99 117
99 101
100 106
102 104
102 117
102 116
103 111
103 109
104 118
105 108
106 110
106 116
106 119
107 119
109 112
110 112
112 116
112 119
113 114
115 116
