0 1
0 2
0 3
0 4
0 5
0 6
0 7
0 8
0 9
0 10
0 11
0 12
0 13
0 14
0 15
0 16
0 17
0 18
0 20
0 21
0 22
0 24
0 25
0 28
0 29
0 30
0 32
0 33
0 37
0 40
0 41
0 46
0 47
0 48
0 49
0 53
0 54
0 55
0 56
0 57
0 58
0 60
0 62
0 66
0 67
0 68
0 71
0 75
0 77
0 82
0 91
0 97
0 101
0 103
0 106
0 109
0 116
1 11
1 12
1 15
1 19
1 20
1 21
1 24
1 26
1 29
1 38
1 56
1 64
1 72
1 76
1 83
1 88
1 89
1 105
1 115
1 117
2 12
2 13
2 14
2 15
2 16
2 18
2 20
2 22
2 27
2 30
2 34
2 35
2 42
2 43
2 44
2 45
2 51
2 55
2 65
2 69
2 73
2 78
2 92
2 94
2 108
2 109
2 110
2 117
3 11
3 13
3 14
3 21
3 22
3 28
3 31
3 36
3 37
3 43
3 45
3 68
3 102
4 11
4 13
4 14
4 26
4 29
4 31
4 32
4 35
4 44
4 46
4 52
4 60
4 68
4 85
4 95
4 98
4 99
5 11
5 12
5 13
5 14
5 16
5 17
5 19
5 25
5 26
5 29
5 31
5 42
5 44
5 61
5 62
5 72
5 74
5 80
5 82
5 87
5 98
5 104
5 106
5 109
5 113
6 11
6 12
6 15
6 16
6 21
6 31
6 33
6 34
6 35
6 53
6 57
6 62
6 80
6 81
6 86
6 94
6 100
6 103
6 112
6 113
6 118
7 11
7 12
7 13
7 14
7 15
7 16
7 17
7 19
7 21
7 23
7 30
7 33
7 34
7 35
7 40
7 49
7 63
7 68
7 69
7 76
7 84
7 93
7 104
7 105
8 11
8 12
8 13
8 14
8 15
8 17
8 21
8 23
8 24
8 25
8 33
8 35
8 36
8 47
8 54
8 59
8 63
8 64
8 93
8 102
8 111
9 11
9 12
9 15
9 17
9 18
9 19
9 21
9 22
9 27
9 30
9 46
9 47
9 49
9 60
9 66
9 70
9 72
9 94
9 101
9 103
9 112
10 11
10 12
10 13
10 14
10 16
10 18
10 20
10 23
10 25
10 28
10 30
10 32
10 35
10 36
10 38
10 39
10 45
10 47
10 50
10 53
10 54
10 55
10 63
10 65
10 70
10 73
10 75
10 79
10 81
10 83
10 89
10 100
10 103
11 12
11 13
11 14
11 16
11 22
11 23
11 25
11 27
11 28
11 29
11 30
11 33
11 34
11 37
11 39
11 40
11 41
11 42
11 43
11 46
11 48
11 50
11 51
11 55
11 56
11 63
11 65
11 68
11 74
11 76
11 77
11 79
11 92
11 100
11 104
11 113
12 13
12 14
12 15
12 16
12 17
12 18
12 20
12 21
12 22
12 23
12 24
12 27
12 31
12 33
12 37
12 39
12 41
12 44
12 47
12 50
12 51
12 58
12 59
12 63
12 66
12 71
12 72
12 73
12 77
12 79
12 81
12 89
12 112
13 15
13 17
13 18
13 19
13 20
13 21
13 22
13 23
13 26
13 27
13 28
13 30
13 32
13 33
13 34
13 38
13 41
13 43
13 44
13 47
13 48
13 50
13 52
13 53
13 60
13 64
13 65
13 68
13 71
13 76
13 78
13 82
13 84
13 86
13 91
13 106
13 107
13 113
14 15
14 16
14 17
14 18
14 19
14 22
14 24
14 29
14 32
14 35
14 36
14 40
14 41
14 43
14 45
14 50
14 68
14 70
14 74
14 83
14 84
14 89
14 92
14 97
14 104
15 16
15 17
15 18
15 19
15 20
15 23
15 24
15 27
15 34
15 37
15 38
15 39
15 40
15 42
15 45
15 46
15 48
15 49
15 54
15 55
15 56
15 60
15 64
15 65
15 67
15 74
15 80
15 83
15 90
15 93
15 95
15 97
15 101
15 114
15 117
16 17
16 18
16 19
16 20
16 22
16 24
16 25
16 27
16 28
16 31
16 36
16 37
16 39
16 42
16 56
16 67
16 70
16 71
16 74
16 76
16 81
16 87
16 90
16 91
16 110
16 115
17 18
17 19
17 20
17 21
17 25
17 26
17 27
17 30
17 32
17 36
17 37
17 38
17 40
17 43
17 44
17 48
17 50
17 57
17 58
17 61
17 68
17 70
17 71
17 73
17 80
17 85
17 87
17 88
17 90
17 92
17 112
17 116
17 117
18 19
18 20
18 22
18 26
18 28
18 35
18 48
18 54
18 55
18 58
18 65
18 72
18 75
18 80
18 90
18 98
18 100
18 103
18 114
19 23
19 25
19 26
19 30
19 31
19 35
19 39
19 42
19 43
19 44
19 50
19 51
19 52
19 57
19 59
19 65
19 80
19 83
19 89
19 90
19 98
19 109
20 23
20 38
20 43
20 46
20 48
20 49
20 50
20 51
20 60
20 61
20 64
20 66
20 70
20 71
20 80
20 82
20 84
20 88
20 93
20 96
20 104
20 108
20 111
20 112
21 24
21 25
21 28
21 31
21 34
21 38
21 44
21 47
21 48
21 52
21 63
21 67
21 68
21 76
21 92
21 96
21 101
21 114
22 23
22 24
22 26
22 27
22 29
22 30
22 36
22 46
22 49
22 53
22 55
22 73
22 77
22 78
22 84
22 88
22 103
22 113
22 118
23 24
23 29
23 36
23 46
23 76
23 79
23 93
23 102
23 111
24 25
24 26
24 34
24 35
24 37
24 38
24 39
24 40
24 42
24 43
24 46
24 49
24 50
24 52
24 57
24 62
24 72
24 77
24 91
24 107
24 111
24 112
24 115
24 116
25 26
25 27
25 29
25 31
25 32
25 34
25 40
25 42
25 51
25 61
25 72
25 108
26 28
26 29
26 37
26 59
26 83
26 87
26 99
26 106
26 115
26 116
26 118
27 28
27 33
27 42
27 47
27 48
27 52
27 58
27 67
27 69
27 77
27 81
27 86
27 94
27 98
27 106
27 111
27 116
27 119
28 32
28 33
28 36
28 38
28 41
28 46
28 63
28 69
28 78
28 82
28 96
28 102
29 31
29 32
29 34
29 36
29 62
29 75
30 37
30 52
30 56
30 81
30 87
30 89
30 101
31 32
31 33
31 39
31 42
31 51
31 55
31 61
31 67
31 82
31 85
31 87
31 95
32 44
32 51
32 73
32 109
33 39
33 48
33 52
33 53
33 58
33 64
33 70
33 72
33 74
33 82
33 86
33 112
33 114
33 115
34 44
34 45
34 62
34 76
34 85
34 93
34 96
34 98
34 104
34 115
35 38
35 40
35 45
35 50
35 53
35 54
35 60
35 61
35 62
35 64
35 66
35 77
35 79
35 80
35 82
35 101
35 107
35 114
35 117
36 41
36 47
36 54
36 57
36 59
36 61
36 64
36 65
36 76
36 94
36 106
36 119
37 39
37 41
37 52
37 57
37 59
37 63
37 66
37 69
37 71
37 77
37 81
37 85
37 90
37 92
37 108
37 110
37 118
38 40
38 43
38 45
38 55
38 57
38 71
38 83
38 86
38 87
38 105
38 107
38 117
39 41
39 54
39 58
39 71
39 86
39 96
39 107
39 109
40 41
40 52
40 53
40 56
40 58
40 66
40 76
40 78
40 86
40 92
40 95
40 100
40 101
40 107
40 114
40 119
41 45
41 58
41 60
41 63
41 67
41 111
42 49
42 81
42 108
42 119
43 45
43 49
43 53
43 55
43 78
43 79
43 100
43 111
44 54
44 69
44 71
44 85
44 90
44 98
44 111
45 57
45 69
45 87
45 110
45 119
46 47
46 53
46 66
46 72
46 75
46 88
46 101
46 106
46 111
46 114
47 66
47 74
47 99
48 49
48 51
48 56
48 67
48 69
48 70
48 73
48 86
48 89
48 97
48 102
49 51
49 57
49 61
49 68
49 74
49 78
49 79
49 107
49 113
49 118
50 56
50 62
50 64
50 65
50 69
50 70
50 117
51 54
51 75
51 82
51 88
51 99
51 100
51 102
51 107
51 109
51 110
51 119
52 59
52 92
52 105
52 118
52 119
53 59
53 61
53 62
53 79
53 111
54 58
54 60
54 63
54 67
54 80
54 90
54 91
54 97
54 106
54 108
54 114
55 56
55 59
55 60
55 73
55 81
55 84
55 85
55 104
55 112
55 115
56 59
56 65
56 87
56 89
56 94
56 96
56 97
56 99
56 116
57 84
57 91
57 99
58 61
58 77
58 80
58 88
58 110
58 112
59 78
59 83
59 92
59 102
59 104
60 62
60 73
60 96
60 97
60 105
61 70
61 93
61 108
62 64
62 66
62 69
62 74
62 83
62 95
62 107
62 116
62 119
63 73
63 90
64 74
64 88
64 116
65 67
65 75
65 95
65 113
65 117
66 84
66 88
66 99
67 77
67 85
67 105
68 75
68 79
68 88
68 97
68 99
69 75
69 82
69 85
69 93
69 100
70 78
70 91
70 104
70 105
70 108
71 72
71 75
71 86
72 79
72 91
72 100
72 113
73 85
74 98
74 105
75 87
76 93
76 95
76 98
76 103
77 78
77 81
77 89
77 112
78 95
78 96
78 108
78 110
78 116
79 83
79 84
79 103
80 108
80 115
81 86
81 113
82 84
82 89
82 93
82 96
82 119
83 91
83 96
83 101
83 109
84 90
84 92
84 94
84 95
84 97
84 100
84 110
86 98
86 104
86 105
86 106
86 110
87 94
87 102
87 103
88 94
88 95
88 99
88 102
89 105
89 114
90 91
91 94
91 107
91 110
91 117
91 118
91 119
92 106
93 118
94 99
94 101
94 102
94 103
95 97
98 109
98 116
98 118
99 114
100 115
104 115
105 109
107 113
108 117
110 118
