0 18
0 46
0 50
0 58
0 80
0 93
0 102
1 6
1 21
1 22
1 39
1 44
1 69
1 117
2 3
2 5
2 9
2 15
2 28
2 70
2 77
2 78
2 84
2 93
2 96
2 97
2 119
3 7
3 10
3 18
3 30
3 33
3 62
3 72
3 80
3 87
3 92
3 93
3 106
3 110
3 111
3 117
4 23
4 29
4 52
4 59
4 80
4 91
4 96
5 89
5 91
5 107
6 31
6 47
6 91
6 96
6 105
6 110
7 8
7 19
7 29
7 31
7 62
7 83
7 85
7 105
7 116
8 22
8 41
8 46
8 55
8 77
8 79
8 80
8 92
8 109
8 114
9 14
9 18
9 46
9 47
9 68
9 77
9 102
10 39
10 48
10 59
10 63
11 25
11 55
11 76
11 93
11 94
11 102
11 112
12 14
12 38
12 41
12 47
12 53
12 66
12 68
12 73
12 103
12 112
12 119
13 15
13 16
13 38
13 53
13 58
13 92
13 103
13 117
14 22
14 33
14 46
14 83
14 90
14 91
14 104
14 119
15 17
15 35
15 40
15 83
15 105
16 44
16 46
16 72
16 73
16 94
16 118
17 22
17 26
17 39
17 49
17 50
17 51
17 74
17 85
17 90
17 94
17 110
18 22
18 39
18 40
18 45
18 46
18 65
18 76
18 82
18 85
18 93
18 106
19 37
19 44
19 46
19 61
19 76
19 79
19 93
20 36
20 58
20 59
20 60
20 62
20 69
20 82
20 83
20 97
20 101
20 117
20 119
21 25
21 57
21 99
21 102
21 105
21 107
22 33
22 44
22 60
22 61
22 64
22 67
22 68
22 79
22 89
22 115
23 25
23 27
23 37
23 50
23 57
23 80
23 89
23 92
23 100
23 114
24 25
24 28
24 53
24 59
24 65
24 74
24 104
25 32
25 34
25 59
25 60
25 105
25 116
26 28
26 35
26 52
26 53
26 57
26 69
26 83
26 88
26 95
26 108
26 113
26 114
27 30
27 31
27 52
27 79
27 94
27 100
27 102
27 105
28 59
28 73
28 75
28 77
28 78
28 79
28 101
28 107
28 119
29 40
29 41
29 48
29 94
29 106
29 108
30 49
30 74
30 79
30 98
30 113
31 64
31 97
31 98
31 99
32 35
32 46
32 52
32 73
32 96
32 110
33 48
33 52
33 75
33 86
33 118
34 35
34 36
34 40
34 48
34 65
34 94
35 36
35 52
35 69
35 76
35 100
35 118
36 56
36 59
36 77
36 81
36 82
36 87
36 93
36 102
36 118
37 52
37 54
37 61
37 77
37 92
37 102
37 111
38 77
38 80
38 100
38 112
38 116
39 41
39 69
39 75
39 83
39 92
39 99
39 111
40 42
40 58
40 70
40 87
40 90
40 93
40 94
40 102
41 54
41 65
41 76
42 56
42 77
42 83
42 95
42 113
43 48
43 49
43 50
43 52
43 69
43 76
43 98
43 104
44 49
44 99
44 114
44 117
45 55
45 62
45 84
45 88
45 100
45 101
45 117
46 53
46 60
46 63
46 65
46 75
46 118
47 48
47 54
47 65
48 72
48 74
48 87
48 88
49 53
49 64
49 65
49 66
49 72
49 73
49 95
49 115
50 74
50 101
51 58
51 69
51 72
51 74
51 77
51 81
51 92
51 110
52 53
52 55
52 63
52 71
52 81
52 102
53 84
53 88
53 93
53 113
54 59
54 85
54 93
54 95
54 106
55 77
55 87
56 67
56 77
56 100
56 119
57 61
57 83
57 89
57 91
57 96
57 113
58 71
58 72
58 73
58 82
58 110
59 73
59 75
59 94
59 95
59 104
59 112
59 117
60 67
60 72
60 78
60 82
60 90
60 93
61 64
61 95
61 96
61 108
62 72
62 74
62 100
62 102
62 112
62 113
63 72
63 84
63 85
63 89
63 93
63 94
63 96
63 101
64 65
64 81
64 94
64 106
65 83
65 97
65 109
66 73
66 85
66 93
66 97
67 72
67 79
67 82
67 86
67 88
67 92
67 104
67 106
67 107
68 84
68 90
69 94
69 97
69 102
70 75
70 83
70 89
70 109
70 115
71 87
72 79
72 80
72 85
72 98
72 119
73 81
73 86
73 107
73 111
73 117
74 106
74 115
75 98
75 116
75 118
76 81
76 86
76 87
76 106
77 94
77 101
77 114
77 115
78 79
78 101
79 83
79 100
79 108
80 89
80 91
80 94
80 106
81 93
81 105
81 115
82 84
82 85
82 98
82 103
82 117
83 92
83 102
84 98
84 101
84 111
85 89
85 104
86 98
86 116
87 89
87 103
87 107
87 113
88 119
89 99
89 109
90 99
90 101
90 104
90 117
91 112
92 111
93 96
93 99
94 98
96 103
96 113
98 101
99 117
100 114
101 104
102 113
103 108
104 107
106 115
107 114
109 113
