0 1
0 5
0 7
0 10
0 13
0 15
0 17
0 22
0 23
0 26
0 29
0 30
0 34
0 37
0 41
0 42
0 43
0 45
0 48
0 58
1 3
1 5
1 9
1 10
1 11
1 14
1 16
1 17
1 21
1 22
1 25
1 26
1 28
1 32
1 33
1 35
1 36
1 38
1 39
1 40
1 43
1 46
1 49
1 50
1 55
1 59
1 75
1 90
2 5
2 10
2 11
2 19
2 20
2 22
2 23
2 24
2 26
2 27
2 37
2 40
2 42
2 43
2 46
2 47
2 54
2 57
2 58
2 83
2 119
3 4
3 6
3 10
3 18
3 20
3 25
3 27
3 28
3 29
3 32
3 33
3 37
3 38
3 39
3 41
3 42
3 48
3 49
3 50
3 52
3 55
4 6
4 7
4 9
4 11
4 13
4 17
4 18
4 19
4 22
4 24
4 25
4 28
4 29
4 34
4 35
4 42
4 43
4 50
4 53
4 55
4 56
4 58
4 95
5 7
5 11
5 12
5 13
5 15
5 17
5 20
5 22
5 25
5 28
5 30
5 31
5 33
5 37
5 38
5 40
5 41
5 45
5 46
5 47
5 49
5 51
5 53
5 59
5 83
6 11
6 13
6 17
6 18
6 20
6 21
6 23
6 27
6 30
6 31
6 34
6 36
6 37
6 38
6 39
6 44
6 45
6 46
6 50
6 51
6 52
6 53
6 54
6 57
6 95
6 103
7 8
7 12
7 15
7 18
7 19
7 20
7 21
7 25
7 26
7 27
7 28
7 29
7 30
7 33
7 34
7 38
7 39
7 40
7 41
7 42
7 44
7 49
7 52
7 53
7 55
7 56
7 58
7 59
7 75
8 9
8 11
8 12
8 13
8 15
8 18
8 22
8 23
8 25
8 27
8 32
8 33
8 34
8 35
8 36
8 37
8 39
8 40
8 41
8 42
8 54
8 55
8 57
8 75
8 106
9 14
9 15
9 17
9 19
9 23
9 24
9 25
9 28
9 29
9 32
9 34
9 39
9 42
9 43
9 44
9 48
9 50
9 54
9 57
9 59
9 60
10 11
10 12
10 14
10 24
10 30
10 32
10 35
10 36
10 37
10 38
10 41
10 47
10 50
10 51
10 53
10 54
10 105
10 107
10 117
11 17
11 20
11 23
11 37
11 39
11 43
11 45
11 46
11 53
11 54
11 56
11 57
11 90
12 15
12 19
12 20
12 24
12 25
12 26
12 29
12 30
12 32
12 33
12 35
12 37
12 38
12 39
12 41
12 42
12 43
12 44
12 50
12 51
12 54
12 58
13 14
13 15
13 16
13 19
13 22
13 25
13 29
13 30
13 31
13 39
13 42
13 44
13 52
13 54
13 110
14 15
14 18
14 20
14 23
14 24
14 27
14 32
14 33
14 36
14 40
14 41
14 43
14 45
14 48
14 49
14 50
14 51
14 52
14 53
14 54
14 55
14 58
14 59
15 22
15 23
15 28
15 29
15 30
15 31
15 32
15 34
15 35
15 36
15 37
15 39
15 40
15 41
15 43
15 44
15 45
15 46
15 47
15 48
15 51
15 52
15 55
15 59
15 75
15 85
16 23
16 37
16 40
16 41
16 48
16 50
16 51
16 52
16 53
16 54
16 58
16 104
17 20
17 23
17 27
17 29
17 31
17 37
17 40
17 41
17 42
17 43
17 44
17 45
17 46
17 47
17 48
17 49
17 51
17 53
17 54
17 57
17 58
18 21
18 23
18 24
18 26
18 31
18 45
18 51
18 52
18 55
18 56
18 110
18 114
19 23
19 24
19 28
19 30
19 36
19 39
19 42
19 48
19 53
19 54
19 55
19 59
19 114
19 116
20 23
20 33
20 34
20 36
20 39
20 45
20 48
20 49
20 51
20 54
20 57
20 58
20 59
21 22
21 23
21 24
21 25
21 27
21 32
21 33
21 36
21 38
21 39
21 41
21 45
21 46
21 47
21 50
21 51
21 52
21 53
21 54
21 57
21 58
21 59
21 69
22 24
22 27
22 28
22 30
22 32
22 33
22 38
22 43
22 45
22 48
22 52
22 53
22 55
22 56
22 58
22 86
22 92
23 27
23 31
23 32
23 36
23 37
23 39
23 40
23 41
23 42
23 43
23 44
23 45
23 48
23 51
23 52
23 54
23 77
24 27
24 28
24 30
24 31
24 32
24 36
24 38
24 39
24 41
24 42
24 43
24 44
24 46
24 49
24 50
24 54
24 55
24 56
24 58
25 27
25 29
25 31
25 32
25 33
25 35
25 38
25 42
25 44
25 48
25 53
25 55
25 59
25 63
25 115
26 27
26 28
26 29
26 30
26 31
26 36
26 40
26 41
26 42
26 44
26 46
26 47
26 50
26 52
26 54
26 58
27 29
27 31
27 32
27 34
27 37
27 40
27 41
27 44
27 46
27 50
27 55
27 56
27 58
28 29
28 30
28 31
28 35
28 41
28 43
28 46
28 50
28 55
28 57
28 58
28 77
28 88
29 30
29 33
29 37
29 40
29 42
29 43
29 44
29 45
29 47
29 48
29 53
29 56
29 59
29 108
30 32
30 33
30 34
30 36
30 37
30 39
30 41
30 44
30 46
30 47
30 50
30 55
30 56
30 57
30 58
30 88
31 36
31 39
31 40
31 42
31 45
31 48
31 49
31 54
31 55
32 33
32 34
32 41
32 45
32 46
32 53
32 54
32 55
32 56
32 58
32 99
33 35
33 39
33 42
33 45
33 46
33 48
33 49
33 52
33 53
33 55
33 56
33 67
33 116
34 35
34 37
34 39
34 43
34 49
34 51
34 55
34 57
34 61
35 38
35 39
35 40
35 50
35 51
35 52
35 53
35 55
35 59
35 72
36 44
36 46
36 48
36 49
36 52
36 57
36 58
36 61
37 39
37 40
37 41
37 43
37 44
37 47
37 49
37 57
37 73
37 90
38 40
38 41
38 43
38 44
38 46
38 47
38 49
38 51
38 54
38 56
38 57
38 58
38 59
39 40
39 41
39 46
39 52
39 53
39 55
39 57
39 59
39 68
39 103
40 41
40 43
40 56
40 57
40 58
41 43
41 48
41 51
41 53
41 55
41 59
41 64
41 91
42 45
42 46
42 47
42 50
42 51
42 52
42 56
42 57
42 68
42 99
43 44
43 45
43 47
43 48
43 49
43 50
43 57
43 59
43 105
44 51
44 52
44 54
44 56
44 58
44 65
44 72
44 81
44 100
44 116
45 46
45 47
45 50
45 53
45 56
45 59
46 47
46 48
46 55
46 89
46 117
47 50
47 51
47 55
47 57
47 58
47 59
48 52
48 54
48 55
48 56
48 58
49 52
49 55
49 56
49 58
49 59
49 63
49 73
50 51
50 53
50 54
50 56
50 119
51 55
51 56
51 58
52 55
52 57
52 58
52 59
52 61
52 76
52 90
52 109
53 55
53 58
53 59
53 87
54 55
54 64
54 106
55 57
55 59
55 79
55 107
56 58
57 58
57 98
58 59
59 65
59 102
60 61
60 62
60 72
60 75
60 76
60 82
60 91
60 104
60 114
61 62
61 67
61 69
61 73
61 80
61 81
61 84
61 86
61 89
61 90
61 91
61 94
61 97
61 99
61 100
61 104
61 105
61 107
61 108
61 109
61 110
61 111
61 112
61 115
61 116
62 65
62 66
62 67
62 68
62 69
62 70
62 77
62 86
62 87
62 90
62 92
62 95
62 98
62 103
62 107
62 108
62 114
62 116
63 70
63 76
63 79
63 80
63 81
63 82
63 88
63 89
63 91
63 94
63 95
63 98
63 101
63 104
63 111
63 116
64 67
64 70
64 71
64 72
64 73
64 74
64 80
64 81
64 84
64 85
64 87
64 91
64 92
64 100
64 102
64 105
64 106
64 107
64 108
64 111
65 66
65 67
65 71
65 72
65 74
65 75
65 76
65 93
65 106
65 114
65 119
66 68
66 78
66 81
66 82
66 85
66 89
66 91
66 93
66 95
66 97
66 101
66 103
66 109
66 110
67 73
67 76
67 82
67 93
67 98
67 100
67 103
67 108
67 109
67 116
67 119
68 69
68 72
68 73
68 77
68 78
68 82
68 83
68 86
68 95
68 96
68 98
68 99
68 100
68 105
68 110
68 111
68 112
68 116
68 117
68 118
68 119
69 72
69 74
69 75
69 81
69 84
69 87
69 89
69 90
69 93
69 95
69 96
69 97
69 98
69 99
69 103
69 104
69 107
69 108
69 109
69 110
69 114
69 115
70 71
70 77
70 83
70 89
70 90
70 92
70 97
70 103
70 105
70 108
70 111
70 112
70 113
70 114
70 115
70 118
71 73
71 76
71 78
71 81
71 84
71 85
71 86
71 87
71 90
71 92
71 93
71 96
71 97
71 101
71 104
71 107
71 111
71 117
71 119
72 73
72 74
72 76
72 77
72 80
72 81
72 83
72 88
72 90
72 92
72 95
72 99
72 100
72 105
72 110
72 111
72 113
72 114
72 116
72 117
72 118
73 74
73 77
73 84
73 85
73 86
73 89
73 90
73 91
73 93
73 94
73 95
73 99
73 101
73 102
73 105
73 111
73 112
73 113
74 78
74 81
74 82
74 86
74 91
74 92
74 93
74 96
74 103
74 105
74 108
74 109
74 110
74 111
74 118
75 78
75 83
75 85
75 88
75 92
75 93
75 96
75 103
75 108
75 110
76 78
76 80
76 93
76 94
76 102
76 103
76 105
76 107
76 109
76 112
77 80
77 82
77 83
77 89
77 92
77 93
77 96
77 100
77 104
77 110
77 112
77 114
77 119
78 82
78 84
78 85
78 94
78 96
78 99
78 106
78 110
78 113
78 115
78 117
79 90
79 98
79 101
79 110
79 111
79 115
79 116
79 117
79 118
80 81
80 83
80 84
80 85
80 94
80 95
80 97
80 99
80 102
80 112
80 115
80 116
80 117
80 118
80 119
81 84
81 96
81 100
81 106
81 113
81 115
81 118
82 89
82 90
82 91
82 94
82 95
82 110
82 111
82 112
82 114
82 115
82 116
83 86
83 87
83 89
83 102
83 118
84 91
84 99
84 100
84 105
84 112
84 116
84 117
85 89
85 96
85 108
85 109
85 111
85 113
85 115
86 92
86 93
86 95
86 101
86 102
86 106
86 108
86 109
86 111
86 114
86 115
86 116
86 118
86 119
87 92
87 101
87 109
87 115
87 118
87 119
88 90
88 92
88 96
88 98
88 100
88 103
88 109
88 110
88 115
88 116
88 118
89 93
89 98
89 105
89 107
89 113
90 91
90 97
90 104
90 110
90 117
90 119
91 92
91 94
91 103
91 104
91 109
91 113
91 116
92 97
92 102
92 104
92 108
92 109
92 111
92 117
93 95
93 96
93 106
93 108
93 112
94 104
94 107
94 110
94 111
94 114
94 115
94 117
94 118
95 98
95 99
95 115
95 118
95 119
96 98
96 99
96 102
96 107
96 108
96 109
96 114
96 118
97 99
97 106
97 108
97 109
97 110
97 112
97 117
98 100
98 101
98 102
98 104
98 106
98 107
98 108
98 109
98 111
98 115
98 117
99 101
99 104
99 118
100 102
100 103
100 105
100 109
101 102
101 107
101 110
101 111
101 113
101 117
101 119
102 105
102 106
102 118
103 105
103 107
103 110
103 116
103 119
104 106
104 107
104 110
104 113
104 114
104 116
105 106
105 108
105 109
105 112
105 115
105 118
106 107
106 111
106 114
107 108
107 114
107 117
108 114
108 115
109 112
109 116
109 117
110 111
110 117
110 119
111 113
111 115
111 117
111 119
112 113
112 114
113 116
113 118
113 119
114 115
115 116
115 118
116 119
117 119
