0 1
0 76
0 70
0 83
1 85
1 26
1 73
2 3
2 12
2 81
2 39
3 78
3 7
3 99
4 5
4 69
4 84
4 114
5 87
5 63
5 119
6 7
6 68
6 81
6 114
7 70
7 37
8 9
8 19
8 30
8 57
9 27
9 32
9 56
10 11
10 94
10 112
10 113
11 86
11 68
11 91
12 35
12 82
12 47
13 14
13 34
13 37
13 48
14 46
14 27
14 110
15 16
15 75
15 93
15 29
16 39
16 88
16 99
17 18
17 97
17 33
17 40
18 43
18 53
18 68
19 24
19 82
19 42
20 21
20 78
20 26
20 115
21 22
21 79
21 28
22 68
22 25
22 109
23 24
23 98
23 53
23 60
24 113
24 119
25 26
25 107
25 57
26 58
27 50
27 76
28 29
28 115
28 110
29 92
29 51
30 76
30 45
30 91
31 32
31 46
31 119
31 95
32 50
32 74
33 34
33 51
33 115
34 88
34 86
35 36
35 109
35 52
36 62
36 72
36 78
37 38
37 43
38 69
38 82
38 117
39 60
39 80
40 41
40 107
40 84
41 53
41 77
41 75
42 43
42 52
42 63
43 103
44 45
44 47
44 111
44 102
45 101
45 94
46 101
46 87
47 82
47 100
48 49
48 90
48 89
49 69
49 52
49 118
50 83
50 96
51 100
51 105
52 101
53 61
54 55
54 64
54 62
54 119
55 78
55 79
55 62
56 57
56 73
56 116
57 70
58 59
58 117
58 114
59 66
59 108
59 95
60 61
60 88
61 94
61 104
62 63
63 92
64 65
64 71
64 118
65 95
65 107
65 83
66 67
66 80
66 71
67 81
67 85
67 90
69 85
70 115
71 72
71 99
72 106
72 77
73 84
73 83
74 91
74 102
74 79
75 86
75 89
76 100
77 98
77 113
79 80
80 116
81 104
84 104
85 87
86 110
87 118
88 114
89 90
89 111
90 97
91 94
92 93
92 113
93 99
93 110
95 107
96 97
96 106
96 98
97 100
98 112
101 106
102 103
102 116
103 109
103 116
104 105
105 111
105 109
106 112
108 111
108 118
108 117
112 117
