0 1
0 2
0 3
0 4
0 5
0 6
0 7
0 8
0 9
0 10
0 11
0 12
0 13
0 14
0 15
0 16
0 17
0 18
0 19
0 20
0 21
0 22
0 23
0 24
0 27
0 30
0 31
0 34
0 35
0 36
0 37
0 38
0 41
0 43
0 44
0 47
0 51
0 53
0 54
0 55
0 56
0 57
0 59
0 61
0 63
0 66
0 67
0 68
0 71
0 78
0 83
0 85
0 86
0 87
0 88
0 89
0 92
0 94
0 102
0 104
0 106
0 110
0 112
0 113
0 117
1 11
1 12
1 13
1 14
1 15
1 16
1 17
1 18
1 21
1 22
1 23
1 24
1 25
1 26
1 27
1 28
1 29
1 36
1 38
1 39
1 42
1 45
1 49
1 50
1 52
1 60
1 71
1 76
1 79
1 82
1 86
1 91
1 92
1 93
1 97
1 105
1 114
1 117
2 12
2 13
2 14
2 15
2 16
2 18
2 19
2 20
2 22
2 23
2 25
2 27
2 36
2 37
2 38
2 39
2 46
2 56
2 61
2 66
2 67
2 70
2 73
2 77
2 82
2 89
2 97
2 104
2 113
3 11
3 15
3 16
3 18
3 21
3 23
3 28
3 37
3 40
3 42
3 44
3 46
3 57
3 69
3 80
3 86
3 89
3 96
3 108
4 11
4 13
4 15
4 20
4 25
4 38
4 40
4 48
4 87
5 11
5 12
5 14
5 19
5 28
5 89
5 98
5 107
6 11
6 12
6 13
6 14
6 15
6 16
6 18
6 24
6 25
6 32
6 38
6 40
6 41
6 44
6 45
6 46
6 54
6 58
6 62
6 71
6 75
6 87
6 94
6 95
6 99
6 105
7 11
7 12
7 13
7 17
7 18
7 19
7 20
7 21
7 22
7 23
7 25
7 29
7 30
7 32
7 37
7 39
7 42
7 45
7 46
7 47
7 49
7 57
7 61
7 65
7 88
7 100
7 101
7 105
7 106
7 108
7 111
7 115
8 11
8 12
8 13
8 16
8 20
8 21
8 23
8 24
8 26
8 28
8 35
8 39
8 46
8 59
8 63
8 71
8 77
8 89
8 100
8 112
9 11
9 12
9 13
9 14
9 15
9 16
9 17
9 18
9 19
9 25
9 26
9 27
9 33
9 43
9 44
9 51
9 53
9 60
9 64
9 65
9 71
9 74
9 94
9 105
10 11
10 12
10 14
10 17
10 18
10 21
10 24
10 26
10 27
10 29
10 31
10 32
10 34
10 38
10 48
10 50
10 55
10 57
10 60
10 64
10 75
10 80
10 83
10 87
10 101
10 102
10 108
10 117
11 12
11 13
11 14
11 17
11 19
11 22
11 28
11 30
11 31
11 32
11 35
11 36
11 37
11 45
11 52
11 58
11 70
11 72
11 73
11 76
11 78
11 86
11 93
11 94
11 103
11 107
11 119
12 13
12 14
12 15
12 16
12 17
12 19
12 20
12 22
12 23
12 28
12 29
12 30
12 33
12 34
12 35
12 36
12 38
12 40
12 41
12 42
12 44
12 47
12 48
12 49
12 50
12 51
12 54
12 60
12 66
12 68
12 72
12 84
12 89
12 91
12 103
12 112
12 113
12 114
13 14
13 15
13 16
13 17
13 21
13 22
13 23
13 24
13 26
13 27
13 29
13 31
13 34
13 37
13 47
13 49
13 50
13 57
13 61
13 69
13 74
13 76
13 104
13 118
14 15
14 16
14 18
14 19
14 20
14 23
14 25
14 27
14 28
14 29
14 33
14 38
14 39
14 42
14 47
14 48
14 50
14 53
14 55
14 61
14 62
14 70
14 73
14 75
14 76
14 79
14 95
14 96
14 103
14 104
14 105
14 108
14 110
14 112
14 116
15 17
15 20
15 27
15 30
15 31
15 34
15 39
15 51
15 55
15 60
15 65
15 68
15 69
15 76
15 81
15 90
15 114
15 117
16 17
16 19
16 26
16 30
16 32
16 33
16 36
16 37
16 38
16 40
16 42
16 46
16 48
16 50
16 54
16 58
16 59
16 63
16 66
16 67
16 69
16 74
16 76
16 78
16 80
16 81
16 88
16 94
16 98
16 104
16 109
16 110
16 111
16 112
16 116
17 18
17 19
17 20
17 21
17 22
17 24
17 26
17 29
17 30
17 31
17 33
17 35
17 40
17 41
17 43
17 45
17 51
17 57
17 61
17 62
17 63
17 67
17 68
17 71
17 74
17 75
17 77
17 80
17 82
17 92
17 106
17 116
17 118
18 20
18 21
18 22
18 24
18 25
18 28
18 30
18 32
18 33
18 35
18 43
18 44
18 52
18 54
18 55
18 64
18 69
18 73
18 84
18 86
18 98
18 104
18 107
19 23
19 24
19 28
19 31
19 33
19 34
19 35
19 39
19 41
19 44
19 53
19 54
19 55
19 56
19 57
19 59
19 61
19 62
19 63
19 65
19 76
19 78
19 83
19 86
19 94
19 96
19 98
19 106
19 107
20 21
20 22
20 25
20 26
20 31
20 32
20 33
20 42
20 49
20 50
20 51
20 53
20 58
20 63
20 67
20 70
20 71
20 72
20 73
20 77
20 83
20 90
20 91
20 92
20 104
20 112
20 119
21 25
21 26
21 29
21 39
21 41
21 47
21 49
21 55
21 68
21 86
21 97
21 108
21 109
21 118
22 26
22 40
22 49
22 56
22 59
22 61
22 65
22 66
22 71
22 76
22 82
22 106
23 24
23 27
23 28
23 31
23 35
23 37
23 40
23 43
23 50
23 54
23 56
23 59
23 60
23 62
23 64
23 69
23 70
23 73
23 75
23 80
23 84
23 87
23 90
23 91
23 99
23 101
23 102
23 106
23 109
23 110
23 115
23 119
24 32
24 34
24 41
24 43
24 59
24 67
24 68
24 73
24 75
24 92
24 112
24 117
25 27
25 32
25 33
25 45
25 49
25 66
25 85
25 91
25 95
25 100
25 107
25 114
26 29
26 34
26 36
26 41
26 43
26 49
26 53
26 55
26 62
26 74
26 79
26 84
26 103
27 29
27 30
27 34
27 40
27 42
27 44
27 48
27 55
27 63
27 70
27 79
27 89
27 91
27 93
27 96
27 106
27 115
27 119
28 30
28 32
28 35
28 37
28 38
28 39
28 43
28 46
28 48
28 50
28 52
28 61
28 62
28 66
28 67
28 69
28 78
28 82
28 85
28 92
28 93
28 95
28 96
28 97
28 99
28 107
28 115
29 31
29 36
29 42
29 53
29 72
29 79
29 85
29 94
29 100
29 107
30 33
30 35
30 36
30 43
30 44
30 46
30 52
30 59
30 64
30 66
30 67
30 81
30 82
30 85
30 90
30 91
30 93
30 99
30 101
30 103
30 110
30 111
30 113
30 118
30 119
31 37
31 45
31 46
31 47
31 48
31 50
31 53
31 64
31 66
31 87
31 95
31 97
32 36
32 45
32 47
32 48
32 49
32 62
32 65
32 66
32 71
32 76
32 97
32 99
32 102
32 109
33 34
33 39
33 40
33 51
33 54
33 58
33 60
33 63
33 93
33 105
33 115
34 58
34 85
35 46
35 62
35 72
35 78
35 91
35 102
35 104
35 108
36 48
36 52
36 72
36 92
36 111
37 45
37 56
37 65
37 70
37 78
37 81
37 83
37 84
37 97
37 99
37 100
37 104
38 41
38 42
38 54
38 56
38 58
38 59
38 63
38 72
38 75
38 79
38 89
38 98
38 106
38 119
39 51
39 53
39 68
39 77
39 81
39 84
39 90
39 109
39 116
39 117
40 41
40 43
40 57
40 58
40 59
40 68
40 69
40 79
40 91
40 95
40 100
40 102
40 108
40 115
40 116
40 117
41 44
41 61
41 107
41 109
42 45
42 47
42 52
42 56
42 64
42 87
42 93
42 94
42 95
42 101
42 102
42 111
42 113
43 64
43 65
43 77
43 81
43 88
43 113
44 47
44 51
44 58
44 62
44 78
44 79
44 90
44 102
45 51
45 55
45 56
45 58
45 92
46 52
46 53
46 72
46 88
46 91
46 97
47 52
47 70
47 83
48 52
48 69
48 98
48 101
48 119
49 54
49 65
49 82
49 85
49 89
49 100
50 68
50 80
50 88
50 111
51 57
51 60
51 80
51 87
51 93
51 94
51 110
52 75
52 86
52 87
52 98
52 114
53 56
53 57
53 71
53 74
53 84
53 93
53 109
53 115
53 119
54 65
54 74
54 75
54 78
54 85
54 97
54 103
54 108
54 114
55 60
55 72
55 85
55 90
55 100
55 108
56 117
56 119
57 60
57 67
57 83
57 101
57 107
57 113
58 68
58 98
59 73
59 74
59 99
60 64
60 70
60 79
60 89
60 90
61 67
61 69
61 70
61 74
61 76
61 80
61 81
61 87
62 63
62 80
62 82
62 84
62 109
62 110
62 112
63 64
63 73
63 80
63 81
63 82
63 88
63 90
63 100
63 110
63 112
64 77
64 83
64 93
64 96
64 108
64 113
65 81
65 86
65 96
65 99
65 115
65 116
65 118
66 100
67 78
67 88
67 107
67 117
68 72
68 74
68 82
68 83
68 86
68 99
68 102
68 106
69 77
69 98
69 103
69 110
69 114
70 73
70 77
70 79
72 92
72 96
72 106
73 75
73 84
73 85
73 95
73 111
73 116
74 118
75 81
75 83
75 95
75 102
75 111
76 77
76 104
76 105
76 116
79 84
79 90
79 116
80 101
83 110
83 113
84 94
84 96
85 109
86 88
86 101
87 88
87 103
87 105
87 118
88 92
88 98
88 101
88 114
89 97
90 111
91 96
92 95
92 105
92 112
92 114
94 103
94 116
95 111
97 105
97 113
97 118
98 99
100 103
100 114
101 118
105 115
106 118
107 109
111 119
112 115
112 117
