0 3
0 4
0 5
0 8
0 9
0 10
0 11
0 14
0 22
0 24
0 26
0 27
0 31
0 32
0 33
0 34
0 35
0 44
0 46
0 49
0 53
0 54
0 56
0 57
0 58
1 5
1 6
1 10
1 11
1 17
1 20
1 21
1 23
1 31
1 33
1 34
1 37
1 38
1 47
1 53
1 54
1 55
1 56
1 57
1 58
1 59
1 79
2 5
2 6
2 11
2 14
2 20
2 21
2 23
2 25
2 27
2 28
2 29
2 30
2 32
2 33
2 34
2 35
2 36
2 37
2 39
2 40
2 42
2 44
2 46
2 47
2 49
2 50
2 51
2 54
2 55
2 56
2 57
3 6
3 7
3 11
3 12
3 13
3 14
3 16
3 20
3 21
3 24
3 25
3 26
3 29
3 31
3 32
3 33
3 42
3 46
3 47
3 49
3 50
3 55
3 59
3 71
3 109
4 8
4 10
4 12
4 14
4 17
4 19
4 20
4 23
4 25
4 26
4 29
4 30
4 31
4 35
4 36
4 43
4 44
4 45
4 46
4 53
4 54
4 57
4 58
4 59
5 8
5 10
5 11
5 12
5 13
5 20
5 23
5 26
5 28
5 30
5 32
5 33
5 35
5 36
5 48
5 58
5 59
5 65
6 9
6 11
6 12
6 14
6 15
6 19
6 20
6 21
6 24
6 28
6 29
6 30
6 32
6 33
6 40
6 42
6 43
6 50
6 53
6 54
6 57
6 58
6 76
7 9
7 13
7 14
7 16
7 17
7 24
7 26
7 35
7 38
7 42
7 44
7 47
7 50
7 55
7 56
7 72
8 10
8 12
8 14
8 15
8 16
8 20
8 21
8 23
8 30
8 31
8 32
8 34
8 40
8 44
8 49
8 51
8 59
8 67
8 102
9 10
9 13
9 17
9 18
9 21
9 22
9 24
9 25
9 26
9 28
9 29
9 38
9 40
9 43
9 44
9 45
9 46
9 52
9 56
9 87
9 101
10 11
10 16
10 17
10 18
10 19
10 24
10 30
10 32
10 33
10 35
10 36
10 38
10 42
10 45
10 55
10 58
10 59
10 107
11 14
11 15
11 18
11 19
11 23
11 24
11 25
11 26
11 30
11 31
11 38
11 41
11 43
11 46
11 48
11 52
11 53
11 58
11 59
11 113
11 119
12 15
12 16
12 17
12 22
12 23
12 24
12 25
12 27
12 28
12 31
12 32
12 36
12 37
12 40
12 44
12 45
12 47
12 51
12 54
12 57
12 58
12 59
13 14
13 15
13 18
13 19
13 20
13 21
13 22
13 28
13 31
13 32
13 33
13 36
13 42
13 49
13 50
13 53
13 54
13 93
14 15
14 18
14 20
14 22
14 23
14 28
14 31
14 33
14 38
14 39
14 40
14 41
14 43
14 45
14 46
14 52
14 53
14 54
14 56
14 57
15 18
15 21
15 23
15 25
15 26
15 28
15 31
15 36
15 41
15 42
15 46
15 47
15 55
15 56
15 59
15 85
16 17
16 20
16 23
16 24
16 31
16 32
16 37
16 41
16 42
16 46
16 48
16 51
16 54
16 55
16 56
16 58
16 89
16 107
17 19
17 20
17 21
17 25
17 26
17 27
17 28
17 32
17 36
17 37
17 39
17 42
17 43
17 44
17 45
17 46
17 48
17 51
17 55
17 58
17 118
18 19
18 20
18 23
18 24
18 25
18 29
18 34
18 38
18 40
18 44
18 46
18 47
18 50
18 52
18 54
18 55
18 56
18 58
19 21
19 22
19 26
19 29
19 31
19 37
19 43
19 44
19 45
19 48
19 84
20 23
20 27
20 28
20 30
20 33
20 34
20 39
20 41
20 42
20 46
20 48
20 52
20 53
20 55
20 56
20 57
20 59
20 100
21 23
21 26
21 32
21 34
21 38
21 39
21 48
21 50
21 51
21 54
21 55
21 56
21 57
21 58
21 86
21 111
22 23
22 24
22 27
22 30
22 32
22 36
22 37
22 38
22 39
22 41
22 42
22 43
22 44
22 47
22 51
22 53
22 54
22 58
23 25
23 28
23 30
23 32
23 33
23 35
23 37
23 40
23 43
23 46
23 47
23 48
23 53
23 55
23 59
24 29
24 30
24 33
24 43
24 46
24 49
24 50
24 52
24 53
24 54
24 58
24 59
24 69
24 82
24 91
24 118
25 29
25 30
25 35
25 36
25 40
25 43
25 44
25 45
25 46
25 47
25 49
25 51
25 53
25 57
25 80
25 81
25 82
25 83
26 28
26 29
26 31
26 33
26 35
26 40
26 41
26 42
26 44
26 45
26 47
26 48
26 49
26 53
26 57
26 58
26 59
27 31
27 33
27 34
27 40
27 41
27 43
27 44
27 48
27 49
27 52
27 53
27 55
27 56
27 75
27 111
28 29
28 30
28 33
28 41
28 43
28 44
28 45
28 47
28 52
28 56
28 58
28 68
29 30
29 31
29 34
29 40
29 42
29 46
29 50
29 52
29 54
29 55
29 56
29 76
29 78
29 87
30 33
30 34
30 36
30 37
30 38
30 39
30 41
30 49
30 50
30 52
30 53
30 56
30 59
30 106
31 32
31 33
31 38
31 43
31 45
31 46
31 47
31 50
31 54
31 55
31 56
31 57
32 33
32 34
32 36
32 37
32 38
32 46
32 53
32 57
33 34
33 36
33 38
33 39
33 40
33 41
33 43
33 44
33 47
33 53
33 68
33 76
34 35
34 36
34 37
34 41
34 43
34 44
34 45
34 46
34 47
34 53
34 75
34 81
35 36
35 37
35 39
35 41
35 42
35 43
35 45
35 51
35 52
35 59
35 97
35 108
36 39
36 41
36 44
36 45
36 46
36 48
36 49
36 50
36 51
36 56
37 39
37 41
37 45
37 46
37 47
37 48
37 53
37 62
38 39
38 40
38 42
38 46
38 49
38 50
38 51
38 56
38 59
38 78
39 42
39 44
39 47
39 48
39 51
39 56
39 57
39 59
39 85
40 41
40 44
40 46
40 48
40 50
40 51
40 52
40 53
40 54
40 57
40 83
41 42
41 44
41 46
41 50
41 51
41 53
41 54
41 59
41 107
42 44
42 47
42 49
42 51
42 53
42 54
42 55
42 63
42 66
42 101
43 48
43 50
43 54
43 57
43 58
43 77
43 92
44 45
44 46
44 47
44 48
44 51
44 52
44 57
44 82
45 47
45 49
45 50
45 54
45 55
45 60
46 47
46 48
46 52
46 53
46 54
46 56
46 69
46 111
47 48
47 49
47 51
47 52
47 55
47 73
47 115
48 50
48 51
48 55
48 58
49 55
49 58
50 51
50 52
50 54
50 76
51 52
51 55
51 57
51 68
52 54
52 55
52 59
53 54
53 55
54 55
54 56
54 85
54 96
55 57
55 58
55 59
55 90
55 106
56 59
56 68
57 58
58 86
58 95
58 103
58 104
58 112
59 74
60 65
60 69
60 71
60 72
60 77
60 79
60 85
60 88
60 92
60 96
60 98
60 99
60 100
60 101
60 102
60 103
60 112
60 114
60 117
61 62
61 64
61 67
61 72
61 73
61 78
61 86
61 90
61 93
61 99
61 102
61 104
61 116
61 118
62 70
62 73
62 79
62 88
62 89
62 94
62 96
62 98
62 100
62 101
62 102
62 104
62 107
62 108
62 109
62 111
62 115
62 116
63 66
63 69
63 70
63 71
63 76
63 85
63 88
63 89
63 90
63 93
63 94
63 101
63 102
63 103
63 104
63 109
63 111
63 113
63 115
63 119
64 67
64 70
64 72
64 73
64 83
64 87
64 88
64 91
64 92
64 99
64 106
64 107
64 109
64 110
64 119
65 66
65 69
65 71
65 73
65 78
65 85
65 90
65 98
65 102
65 105
65 106
65 109
65 115
65 117
66 71
66 72
66 76
66 78
66 81
66 94
66 95
66 97
66 98
66 102
66 104
66 114
66 117
67 70
67 72
67 78
67 81
67 84
67 85
67 87
67 89
67 91
67 92
67 93
67 95
67 97
67 99
67 101
67 104
67 106
67 109
67 118
68 69
68 72
68 73
68 74
68 76
68 78
68 81
68 82
68 83
68 89
68 90
68 91
68 106
68 115
69 72
69 73
69 74
69 77
69 78
69 79
69 80
69 82
69 98
69 101
69 103
69 104
69 105
69 106
69 107
69 110
69 112
69 115
70 71
70 76
70 77
70 79
70 82
70 91
70 97
70 100
70 103
70 104
70 108
70 109
70 114
70 115
70 116
70 117
71 82
71 83
71 85
71 86
71 89
71 90
71 92
71 93
71 95
71 98
71 108
71 116
71 119
72 74
72 76
72 77
72 78
72 80
72 81
72 84
72 85
72 86
72 87
72 91
72 94
72 98
72 101
72 116
73 77
73 81
73 82
73 83
73 86
73 92
73 93
73 95
73 98
73 112
74 75
74 76
74 82
74 94
74 97
74 98
74 99
74 100
74 101
74 102
74 103
74 104
74 113
74 116
74 118
75 76
75 77
75 82
75 83
75 90
75 102
75 105
75 106
75 108
75 114
76 81
76 86
76 88
76 91
76 92
76 96
76 100
76 103
76 105
76 115
77 89
77 93
77 101
77 103
77 107
77 108
77 115
78 79
78 83
78 89
78 90
78 94
78 95
78 98
78 102
78 105
78 110
78 111
78 118
79 81
79 84
79 99
79 101
79 102
79 108
79 115
79 119
80 84
80 96
80 104
80 105
80 112
80 117
81 82
81 84
81 87
81 89
81 91
81 92
81 94
81 95
81 100
81 102
81 104
81 105
81 106
81 108
81 112
81 113
81 115
81 116
81 118
82 85
82 89
82 90
82 94
82 103
82 104
82 113
82 115
83 97
83 102
83 108
83 110
83 111
83 113
83 114
83 115
83 116
84 88
84 89
84 95
84 96
84 98
84 103
84 107
84 110
84 111
84 114
85 88
85 92
85 93
85 94
85 98
85 99
85 101
85 107
85 108
85 109
85 112
85 116
86 91
86 99
86 100
86 109
86 111
86 112
86 114
87 88
87 90
87 92
87 94
87 95
87 98
87 99
87 107
87 108
87 112
87 114
87 117
87 118
87 119
88 91
88 92
88 93
88 95
88 98
88 100
88 102
88 108
88 109
88 110
88 111
88 112
88 115
88 119
89 95
89 103
89 104
89 111
89 112
89 116
89 117
90 92
90 95
90 96
90 97
90 100
90 103
90 105
90 116
90 119
91 94
91 95
91 99
91 100
91 104
91 111
91 113
91 118
92 93
92 98
92 102
92 108
92 109
92 111
92 113
92 114
92 117
93 97
93 101
93 109
93 110
93 111
93 112
93 114
93 115
93 116
93 117
93 118
94 99
94 102
94 109
94 111
94 119
95 101
95 102
95 103
95 104
95 112
95 114
95 115
96 101
96 103
96 108
96 110
96 112
96 117
96 118
96 119
97 100
97 102
97 103
97 104
97 105
97 111
97 115
97 118
98 100
98 104
98 106
98 109
98 116
98 118
98 119
99 113
99 114
99 115
99 118
99 119
100 101
100 104
100 111
100 117
101 103
101 104
101 105
101 106
101 108
101 113
101 115
101 117
101 119
102 103
102 104
102 106
102 108
102 111
102 112
103 104
103 106
103 109
103 111
103 115
103 117
104 105
104 110
104 111
104 112
104 114
104 118
105 109
105 110
105 112
105 114
106 115
106 116
107 111
107 114
107 117
107 118
108 109
108 112
108 113
108 115
108 117
109 118
110 113
110 117
111 113
111 116
111 119
112 115
112 116
112 117
113 114
114 115
114 116
114 119
115 117
116 119
