0 1
0 13
1 2
2 3
2 15
3 4
4 5
4 17
5 6
6 7
6 19
7 8
8 9
8 21
9 10
10 11
10 23
11 12
12 25
13 14
14 15
14 28
15 16
16 17
16 30
17 18
18 19
18 32
19 20
20 21
20 34
21 22
22 23
22 36
23 24
24 25
24 38
25 26
26 40
27 28
27 41
28 29
29 30
29 43
30 31
31 32
31 45
32 33
33 34
33 47
34 35
35 36
35 49
36 37
37 38
37 51
38 39
39 40
39 53
41 42
42 43
42 56
43 44
44 45
44 58
45 46
46 47
46 60
47 48
48 49
48 62
49 50
50 51
50 64
51 52
52 53
52 66
53 54
54 68
55 56
55 69
56 57
57 58
57 71
58 59
59 60
59 73
60 61
61 62
61 75
62 63
63 64
63 77
64 65
65 66
65 79
66 67
67 68
67 81
69 70
70 71
71 72
72 73
73 74
74 75
75 76
76 77
77 78
78 79
79 80
80 81
