0 1
0 2
0 3
0 4
0 5
0 6
0 7
0 8
0 9
0 10
0 11
0 12
0 13
0 14
0 15
0 16
0 17
0 18
0 19
0 20
0 21
0 22
0 24
0 25
0 27
0 29
0 30
0 34
0 37
0 39
0 40
0 41
0 43
0 44
0 46
0 47
0 48
0 49
0 51
0 52
0 54
0 55
0 60
0 62
0 65
0 67
0 75
0 76
0 77
0 79
0 83
0 84
0 87
0 89
0 93
0 98
0 99
0 101
0 106
0 107
0 109
0 111
1 11
1 12
1 13
1 16
1 18
1 19
1 23
1 28
1 35
1 38
1 39
1 41
1 45
1 46
1 47
1 63
1 66
1 68
1 73
1 74
1 76
1 84
1 86
1 105
1 109
1 116
2 11
2 12
2 13
2 14
2 19
2 29
2 30
2 32
2 33
2 35
2 37
2 43
2 49
2 56
2 57
2 68
2 83
2 89
2 90
2 92
2 107
2 112
3 11
3 12
3 13
3 14
3 15
3 16
3 17
3 20
3 21
3 22
3 23
3 25
3 26
3 34
3 35
3 36
3 55
3 60
3 61
3 70
3 77
3 105
4 11
4 12
4 13
4 14
4 16
4 17
4 18
4 19
4 22
4 24
4 27
4 30
4 31
4 43
4 45
4 47
4 53
4 55
4 74
4 76
4 93
4 103
4 104
4 106
4 109
4 114
4 115
5 11
5 12
5 13
5 14
5 15
5 16
5 23
5 28
5 31
5 33
5 37
5 38
5 42
5 46
5 47
5 58
5 62
5 63
5 71
5 80
5 93
5 98
5 110
5 114
6 11
6 14
6 15
6 17
6 20
6 21
6 24
6 26
6 28
6 30
6 48
6 50
6 51
6 59
6 64
6 73
6 75
6 77
6 81
6 88
6 103
6 109
6 116
7 11
7 12
7 14
7 15
7 16
7 17
7 27
7 28
7 32
7 33
7 37
7 41
7 48
7 54
7 55
7 72
7 73
7 82
7 101
7 102
7 111
7 114
9 11
9 12
9 13
9 18
9 19
9 21
9 24
9 25
9 28
9 31
9 36
9 48
9 61
9 69
9 101
10 11
10 12
10 13
10 15
10 16
10 17
10 18
10 19
10 20
10 21
10 23
10 26
10 28
10 31
10 38
10 46
10 49
10 58
10 59
10 63
10 78
10 81
10 84
10 91
10 96
10 108
10 114
10 115
11 12
11 13
11 14
11 15
11 16
11 17
11 19
11 22
11 23
11 25
11 28
11 30
11 34
11 35
11 38
11 42
11 43
11 44
11 45
11 46
11 47
11 50
11 51
11 60
11 61
11 65
11 66
11 67
11 69
11 72
11 77
11 79
11 93
11 96
11 104
11 105
11 116
11 118
12 13
12 14
12 15
12 17
12 20
12 21
12 22
12 24
12 25
12 26
12 27
12 29
12 32
12 37
12 41
12 43
12 44
12 50
12 51
12 54
12 57
12 62
12 76
12 83
12 88
12 91
12 93
12 103
12 110
12 111
12 115
13 14
13 15
13 16
13 17
13 18
13 19
13 20
13 22
13 25
13 27
13 29
13 30
13 49
13 54
13 57
13 66
13 69
13 71
13 73
13 75
13 76
13 78
13 79
13 80
13 82
13 93
13 100
13 110
13 112
13 113
14 15
14 17
14 18
14 19
14 22
14 23
14 24
14 26
14 28
14 29
14 30
14 33
14 34
14 35
14 36
14 48
14 49
14 52
14 74
14 75
14 78
14 80
14 87
14 88
14 93
14 94
14 97
14 100
14 104
14 105
14 106
14 108
14 111
14 113
14 114
14 119
15 16
15 18
15 19
15 21
15 24
15 25
15 26
15 29
15 31
15 34
15 36
15 39
15 41
15 48
15 50
15 56
15 60
15 61
15 69
15 70
15 72
15 74
15 83
15 90
15 95
15 98
15 102
15 103
15 106
15 108
15 110
15 119
16 18
16 20
16 21
16 22
16 23
16 24
16 26
16 27
16 29
16 30
16 31
16 33
16 36
16 40
16 45
16 49
16 55
16 57
16 59
16 61
16 68
16 85
16 87
16 91
16 93
16 95
16 98
16 99
17 18
17 20
17 21
17 23
17 29
17 31
17 32
17 34
17 40
17 42
17 44
17 46
17 53
17 58
17 61
17 63
17 103
17 105
17 110
18 20
18 21
18 23
18 25
18 27
18 32
18 34
18 35
18 40
18 57
18 59
18 62
18 63
18 65
18 78
18 79
18 88
18 95
18 98
18 102
18 105
18 112
18 116
18 118
19 20
19 22
19 23
19 24
19 27
19 31
19 33
19 36
19 38
19 39
19 41
19 43
19 52
19 54
19 60
19 74
19 77
19 79
19 80
19 86
19 87
19 95
19 99
19 100
19 106
19 109
19 110
20 26
20 30
20 36
20 37
20 40
20 45
20 48
20 54
20 55
20 60
20 66
20 68
20 70
20 84
20 90
20 101
21 22
21 24
21 25
21 26
21 30
21 32
21 33
21 39
21 46
21 50
21 57
21 69
21 73
21 84
21 91
21 101
21 112
21 115
22 28
22 35
22 36
22 37
22 38
22 41
22 42
22 46
22 47
22 51
22 65
22 68
22 70
22 71
22 79
22 85
22 89
22 90
22 110
22 115
23 25
23 29
23 31
23 33
23 35
23 38
23 39
23 42
23 43
23 46
23 53
23 56
23 58
23 63
23 65
23 67
23 71
23 72
23 78
23 82
23 88
23 91
23 92
23 94
23 95
23 102
23 104
23 110
23 111
24 26
24 27
24 28
24 35
24 40
24 47
24 49
24 51
24 82
24 89
24 92
24 96
24 97
25 27
25 29
25 33
25 34
25 59
25 64
25 65
25 67
25 69
25 89
25 115
26 31
26 40
26 42
26 49
26 53
26 58
26 61
26 73
26 78
26 81
26 98
26 99
26 100
26 105
26 117
27 32
27 34
27 40
27 44
27 51
27 56
27 78
27 83
27 117
27 118
28 33
28 36
28 38
28 39
28 41
28 44
28 50
28 56
28 60
28 64
28 70
28 71
28 79
28 84
28 91
28 116
29 32
29 41
29 45
29 50
29 55
29 59
29 84
29 101
29 113
30 32
30 38
30 45
30 50
30 51
30 62
30 70
30 72
30 73
30 77
30 82
30 86
30 87
30 95
30 107
30 108
31 32
31 34
31 38
31 42
31 44
31 58
31 63
31 72
31 81
31 83
31 100
32 35
32 37
32 39
32 47
32 51
32 52
32 56
32 57
32 67
32 75
32 81
32 96
32 97
32 99
32 100
32 105
32 111
32 112
32 116
32 117
33 36
33 40
33 43
33 44
33 48
33 56
33 63
33 73
33 75
33 77
33 80
33 81
33 82
33 85
33 94
33 97
33 102
33 114
34 40
34 52
34 54
34 71
34 75
34 79
34 80
34 83
34 84
34 85
34 92
35 37
35 39
35 41
35 42
35 43
35 51
35 55
35 59
35 66
35 78
35 88
35 96
35 99
35 101
35 102
35 103
35 107
35 113
35 117
36 37
36 42
36 44
36 49
36 52
36 53
36 57
36 68
36 98
36 100
36 106
37 39
37 64
37 82
37 86
37 94
37 104
38 43
38 49
38 54
38 68
38 69
38 70
38 89
38 92
38 108
38 113
38 115
39 60
39 62
39 65
39 71
39 72
39 77
39 83
39 91
39 102
39 119
40 45
40 46
40 47
40 52
40 56
40 58
40 60
40 64
40 66
40 67
40 68
40 71
40 73
40 82
40 86
40 94
40 95
40 107
40 109
40 111
41 42
41 44
41 45
41 48
41 58
41 66
41 68
41 87
41 88
41 89
41 94
41 112
41 116
42 47
42 53
42 70
42 74
42 105
43 45
43 57
43 61
43 64
43 66
43 67
43 74
43 79
43 85
43 86
43 88
43 89
43 96
43 109
44 48
44 52
44 53
44 54
44 59
44 62
44 67
44 70
44 79
44 84
44 94
44 97
44 99
44 102
44 104
44 109
44 118
45 50
45 76
45 84
45 104
45 111
45 118
46 53
46 61
46 62
46 69
46 113
46 117
47 59
47 60
47 61
47 63
47 65
47 69
47 74
47 77
47 81
47 83
47 100
47 103
47 106
47 117
48 50
48 52
48 90
48 95
48 112
49 56
49 64
49 87
49 91
49 94
49 110
49 114
49 119
50 59
50 69
50 97
50 99
50 113
51 52
51 53
51 62
51 72
51 78
51 85
51 104
51 107
51 112
52 53
52 58
52 66
52 73
52 74
52 91
53 54
53 55
53 58
53 67
53 81
53 85
53 101
53 102
53 118
54 55
54 56
54 57
54 62
54 64
54 67
54 71
54 72
54 80
54 83
54 86
54 88
54 90
54 93
54 108
55 64
55 65
55 68
55 80
55 87
56 75
56 102
57 93
57 100
57 101
58 74
58 86
58 107
58 116
59 72
59 94
60 64
60 66
60 70
60 85
60 95
60 117
61 63
61 76
61 109
62 65
62 95
63 76
63 87
64 81
65 76
65 80
65 82
65 88
65 92
65 98
65 105
65 107
66 71
66 75
66 77
66 90
67 90
67 98
67 106
67 116
67 117
68 76
68 103
68 104
68 112
68 115
69 75
69 90
69 96
70 85
70 108
71 100
71 110
72 78
72 81
72 89
72 92
72 115
73 114
74 92
74 103
74 114
74 118
76 85
76 89
76 92
76 97
76 99
76 119
77 87
77 91
77 97
77 119
78 80
78 96
78 104
78 108
79 86
79 119
80 86
80 108
81 82
81 113
81 118
82 94
82 106
82 107
82 119
86 99
87 90
88 112
89 108
89 111
90 92
90 96
90 97
91 96
91 101
91 109
91 118
93 97
93 107
94 98
94 117
94 118
95 111
95 119
97 113
97 115
98 103
98 106
100 117
101 116
102 119
106 113
106 114
