0 1
0 4
0 21
0 59
0 93
0 104
0 48
0 36
1 112
1 23
1 7
1 114
1 54
1 9
1 102
2 3
2 39
2 72
2 64
2 99
2 43
2 4
2 52
3 60
3 4
3 65
3 34
3 52
3 93
3 6
4 26
4 62
4 77
4 69
4 84
5 6
5 11
5 22
5 63
5 53
5 108
5 109
5 101
6 8
6 55
6 110
6 102
6 60
6 24
7 8
7 48
7 56
7 113
7 45
7 88
7 75
8 47
8 48
8 82
8 106
8 70
8 34
9 10
9 34
9 47
9 24
9 49
9 60
9 65
10 94
10 16
10 15
10 114
10 68
10 40
10 85
11 44
11 69
11 19
11 72
11 98
11 104
11 113
12 13
12 27
12 81
12 57
12 16
12 78
12 44
12 85
13 62
13 101
13 63
13 78
13 55
13 67
13 37
14 15
14 33
14 36
14 107
14 105
14 106
14 52
14 25
15 97
15 89
15 77
15 115
15 21
15 79
16 17
16 36
16 88
16 18
16 116
16 81
17 18
17 43
17 32
17 30
17 117
17 60
17 103
18 59
18 101
18 111
18 81
18 78
18 91
19 20
19 79
19 88
19 91
19 93
19 28
19 101
20 104
20 119
20 29
20 51
20 116
20 87
20 107
21 49
21 54
21 58
21 118
21 119
21 47
22 27
22 89
22 63
22 105
22 92
22 67
22 108
23 24
23 78
23 45
23 30
23 42
23 119
23 111
24 74
24 42
24 108
24 75
24 46
25 26
25 86
25 72
25 33
25 108
25 89
25 118
26 111
26 107
26 35
26 110
26 59
26 109
27 28
27 90
27 110
27 33
27 70
27 38
28 92
28 79
28 95
28 110
28 109
28 119
29 30
29 98
29 59
29 82
29 75
29 79
29 110
30 31
30 35
30 68
30 92
30 100
31 32
31 60
31 70
31 86
31 73
31 36
31 76
32 35
32 83
32 86
32 98
32 80
32 38
33 61
33 40
33 38
33 41
33 49
34 35
34 53
34 61
34 78
34 103
35 69
35 89
35 79
35 91
36 90
36 58
36 91
36 44
37 38
37 55
37 83
37 108
37 59
37 46
37 115
38 68
38 41
38 73
38 87
39 40
39 73
39 49
39 42
39 97
39 96
39 87
40 56
40 99
40 112
40 118
40 93
41 42
41 61
41 74
41 104
41 49
41 43
42 58
42 54
42 110
42 118
43 44
43 91
43 70
43 88
43 116
44 51
44 113
44 86
44 106
45 46
45 50
45 81
45 112
45 115
45 95
46 109
46 64
46 71
46 116
46 61
47 67
47 73
47 76
47 90
47 112
48 57
48 56
48 102
48 96
48 105
49 116
49 118
49 66
50 51
50 67
50 96
50 90
50 54
50 53
50 116
51 89
51 111
51 58
51 118
51 114
52 53
52 107
52 58
52 117
52 71
53 97
53 109
53 106
53 84
54 84
54 68
54 114
54 106
55 74
55 97
55 101
55 95
55 113
56 57
56 85
56 105
56 79
56 104
57 74
57 70
57 110
57 102
57 100
58 95
58 80
58 117
59 75
59 112
59 96
60 63
60 81
60 99
61 76
61 115
61 119
61 74
62 98
62 88
62 94
62 68
62 85
62 118
63 64
63 101
63 110
63 70
64 91
64 98
64 99
64 87
64 77
65 66
65 80
65 78
65 97
65 70
65 109
66 67
66 106
66 84
66 71
66 69
66 78
67 73
67 75
67 111
68 69
68 93
68 97
69 76
69 74
69 93
70 71
71 77
71 86
71 84
71 92
72 73
72 75
72 87
72 117
72 94
73 78
73 107
74 98
74 113
75 90
75 77
76 102
76 103
76 104
76 82
77 105
77 89
77 94
79 117
79 96
80 113
80 89
80 116
80 111
80 105
81 99
81 98
81 119
82 83
82 84
82 112
82 88
82 119
83 115
83 106
83 105
83 103
83 94
84 112
84 101
85 86
85 87
85 93
85 91
86 92
86 109
87 95
87 115
88 113
88 105
89 96
90 107
90 92
90 95
91 100
92 94
92 114
93 117
94 100
94 102
95 99
95 114
96 103
96 112
97 99
97 108
98 100
99 103
100 103
100 111
100 102
101 109
102 114
103 113
104 108
104 116
106 117
107 108
107 119
111 115
114 117
115 118
