0 9
0 11
0 12
0 13
0 15
0 17
0 19
0 20
0 22
0 24
0 25
0 30
0 35
0 36
0 40
0 42
0 43
0 46
0 47
0 49
0 52
0 54
0 57
0 59
0 60
0 61
0 68
0 70
0 71
0 72
0 73
0 76
0 78
0 83
0 84
0 86
0 87
0 90
0 92
0 94
0 98
0 100
0 107
0 109
0 111
0 113
0 117
0 118
1 3
1 8
1 11
1 12
1 15
1 21
1 29
1 30
1 33
1 35
1 42
1 47
1 49
1 51
1 56
1 59
1 61
1 67
1 69
1 70
1 71
1 75
1 78
1 79
1 81
1 83
1 86
1 90
1 93
1 95
1 96
1 99
1 101
1 102
1 108
1 109
1 113
1 114
1 118
2 8
2 11
2 14
2 16
2 19
2 22
2 26
2 28
2 30
2 32
2 33
2 39
2 40
2 41
2 42
2 46
2 47
2 48
2 49
2 52
2 54
2 60
2 65
2 68
2 73
2 74
2 80
2 81
2 82
2 85
2 89
2 93
2 97
2 99
2 105
2 107
2 112
2 113
2 114
3 5
3 11
3 15
3 18
3 23
3 25
3 26
3 31
3 35
3 38
3 44
3 49
3 57
3 62
3 63
3 72
3 83
3 86
3 87
3 94
3 102
3 105
3 112
3 113
3 117
4 6
4 7
4 9
4 12
4 14
4 15
4 18
4 21
4 23
4 25
4 29
4 31
4 37
4 39
4 42
4 44
4 48
4 52
4 54
4 58
4 59
4 60
4 64
4 69
4 70
4 73
4 77
4 78
4 83
4 85
4 90
4 91
4 94
4 95
4 97
4 99
4 106
4 114
4 116
4 117
4 119
5 9
5 11
5 12
5 13
5 14
5 15
5 18
5 20
5 24
5 31
5 34
5 49
5 50
5 53
5 54
5 55
5 57
5 59
5 60
5 62
5 63
5 66
5 70
5 81
5 85
5 87
5 88
5 90
5 94
5 99
5 100
5 101
5 102
5 103
5 106
5 109
5 119
6 7
6 10
6 14
6 17
6 18
6 19
6 20
6 21
6 24
6 25
6 27
6 32
6 33
6 38
6 39
6 40
6 41
6 46
6 51
6 58
6 60
6 61
6 62
6 66
6 67
6 70
6 71
6 73
6 76
6 79
6 82
6 86
6 91
6 102
6 105
6 111
6 113
6 114
7 9
7 10
7 18
7 19
7 20
7 25
7 28
7 29
7 34
7 36
7 37
7 40
7 42
7 43
7 45
7 49
7 51
7 55
7 56
7 58
7 59
7 62
7 66
7 68
7 69
7 72
7 76
7 78
7 79
7 80
7 83
7 86
7 88
7 89
7 90
7 91
7 93
7 94
7 100
7 104
7 108
7 117
8 15
8 16
8 18
8 19
8 21
8 23
8 24
8 26
8 28
8 30
8 32
8 33
8 36
8 39
8 41
8 43
8 45
8 46
8 49
8 52
8 56
8 57
8 58
8 60
8 62
8 64
8 66
8 68
8 71
8 74
8 80
8 84
8 85
8 88
8 91
8 92
8 97
8 99
8 101
8 103
8 104
8 107
8 108
8 114
8 116
8 118
8 119
9 10
9 12
9 13
9 15
9 20
9 22
9 25
9 27
9 39
9 40
9 42
9 43
9 47
9 49
9 51
9 52
9 54
9 55
9 56
9 57
9 59
9 60
9 61
9 63
9 65
9 66
9 68
9 70
9 72
9 74
9 78
9 79
9 83
9 84
9 89
9 90
9 95
9 106
9 108
9 111
9 114
9 116
10 11
10 15
10 16
10 19
10 20
10 22
10 23
10 29
10 31
10 33
10 34
10 35
10 38
10 39
10 48
10 50
10 54
10 70
10 75
10 76
10 77
10 78
10 79
10 83
10 89
10 92
10 95
10 98
10 99
10 100
10 101
10 102
10 105
10 106
10 107
10 111
10 115
10 117
10 118
11 13
11 14
11 15
11 16
11 18
11 23
11 24
11 28
11 29
11 37
11 40
11 41
11 42
11 43
11 45
11 48
11 51
11 52
11 64
11 68
11 70
11 77
11 80
11 81
11 82
11 89
11 90
11 93
11 99
11 101
11 103
11 104
11 105
11 109
11 110
11 112
11 117
12 13
12 14
12 17
12 20
12 23
12 25
12 26
12 27
12 30
12 37
12 38
12 39
12 41
12 44
12 45
12 46
12 50
12 56
12 66
12 68
12 70
12 71
12 75
12 80
12 81
12 85
12 88
12 102
12 105
12 106
12 107
12 110
12 117
13 16
13 17
13 18
13 19
13 24
13 25
13 31
13 34
13 39
13 44
13 46
13 48
13 51
13 56
13 58
13 59
13 60
13 61
13 63
13 65
13 66
13 68
13 69
13 73
13 75
13 84
13 85
13 89
13 94
13 99
13 104
13 111
13 114
13 117
13 119
14 15
14 21
14 22
14 26
14 30
14 32
14 36
14 42
14 43
14 45
14 47
14 48
14 50
14 53
14 55
14 56
14 60
14 61
14 62
14 66
14 67
14 68
14 70
14 71
14 73
14 74
14 76
14 83
14 87
14 101
14 103
14 106
14 109
14 110
14 113
14 115
14 116
14 117
14 118
15 20
15 21
15 26
15 28
15 32
15 35
15 41
15 47
15 49
15 51
15 52
15 56
15 57
15 58
15 69
15 72
15 73
15 75
15 76
15 78
15 80
15 81
15 86
15 88
15 89
15 92
15 94
15 96
15 99
15 101
15 103
15 104
15 108
15 110
15 117
16 17
16 18
16 23
16 28
16 30
16 31
16 33
16 35
16 36
16 38
16 41
16 46
16 47
16 48
16 49
16 50
16 54
16 55
16 56
16 57
16 59
16 60
16 64
16 67
16 69
16 70
16 76
16 77
16 78
16 84
16 87
16 90
16 94
16 102
16 107
16 110
16 111
16 114
16 118
16 119
17 22
17 26
17 27
17 30
17 37
17 39
17 40
17 41
17 43
17 46
17 51
17 52
17 61
17 62
17 63
17 65
17 67
17 68
17 73
17 79
17 83
17 85
17 87
17 88
17 97
17 98
17 104
17 106
17 109
17 110
17 112
17 118
17 119
18 21
18 24
18 26
18 29
18 30
18 32
18 38
18 40
18 41
18 47
18 52
18 53
18 54
18 56
18 57
18 64
18 69
18 72
18 77
18 78
18 83
18 85
18 88
18 90
18 92
18 93
18 94
18 97
18 100
18 101
18 104
18 106
18 108
18 110
18 113
18 116
18 118
18 119
19 21
19 22
19 24
19 25
19 32
19 34
19 35
19 39
19 42
19 43
19 48
19 49
19 50
19 51
19 53
19 57
19 74
19 77
19 78
19 81
19 86
19 88
19 89
19 93
19 103
19 104
19 109
19 114
19 115
19 116
19 118
20 22
20 24
20 28
20 36
20 43
20 45
20 46
20 47
20 48
20 51
20 55
20 57
20 59
20 63
20 65
20 66
20 67
20 69
20 71
20 75
20 76
20 78
20 79
20 82
20 83
20 85
20 92
20 94
20 95
20 101
20 106
20 107
20 108
20 109
20 110
20 114
20 116
21 25
21 26
21 28
21 39
21 45
21 47
21 50
21 56
21 60
21 62
21 65
21 66
21 68
21 71
21 72
21 75
21 78
21 80
21 84
21 85
21 86
21 93
21 96
21 98
21 102
21 104
21 109
21 114
21 116
21 118
22 26
22 27
22 34
22 37
22 42
22 48
22 54
22 59
22 65
22 67
22 68
22 72
22 80
22 81
22 83
22 84
22 85
22 88
22 89
22 90
22 92
22 94
22 95
22 96
22 102
22 103
22 107
22 108
22 110
22 111
22 112
23 24
23 27
23 28
23 30
23 32
23 34
23 38
23 44
23 48
23 49
23 51
23 57
23 59
23 64
23 67
23 69
23 72
23 77
23 78
23 83
23 86
23 87
23 92
23 98
23 99
23 101
23 107
23 110
23 113
23 114
23 116
23 117
24 27
24 31
24 34
24 36
24 38
24 40
24 41
24 48
24 50
24 58
24 59
24 62
24 63
24 65
24 69
24 70
24 72
24 73
24 74
24 76
24 77
24 79
24 80
24 82
24 84
24 86
24 88
24 90
24 95
24 97
24 99
24 100
24 101
24 105
24 107
24 112
24 114
24 119
25 26
25 27
25 28
25 33
25 36
25 38
25 45
25 47
25 48
25 51
25 54
25 57
25 59
25 63
25 64
25 65
25 66
25 67
25 70
25 73
25 83
25 87
25 91
25 92
25 93
25 94
25 96
25 98
25 103
25 104
25 106
25 109
25 112
25 113
25 115
25 116
25 119
26 31
26 39
26 42
26 45
26 46
26 50
26 51
26 53
26 54
26 56
26 58
26 61
26 62
26 64
26 70
26 71
26 73
26 75
26 76
26 78
26 86
26 90
26 98
26 99
26 101
26 104
26 108
26 112
26 119
27 30
27 36
27 48
27 50
27 51
27 54
27 57
27 59
27 66
27 68
27 72
27 73
27 74
27 77
27 78
27 84
27 86
27 91
27 92
27 95
27 97
27 101
27 102
27 103
27 107
27 109
27 110
27 113
27 115
27 116
27 117
27 118
28 29
28 32
28 33
28 37
28 39
28 43
28 46
28 48
28 50
28 59
28 64
28 68
28 71
28 73
28 75
28 78
28 79
28 82
28 84
28 87
28 88
28 89
28 90
28 98
28 101
28 102
28 105
28 109
28 113
28 114
28 115
28 118
29 34
29 37
29 40
29 44
29 45
29 61
29 64
29 70
29 78
29 83
29 84
29 85
29 92
29 94
29 95
29 96
29 97
29 98
29 102
29 104
29 108
29 111
29 114
29 117
30 31
30 32
30 33
30 38
30 39
30 41
30 43
30 51
30 52
30 54
30 55
30 58
30 59
30 62
30 64
30 66
30 67
30 69
30 73
30 77
30 85
30 89
30 92
30 98
30 105
30 106
30 107
30 109
30 110
30 112
30 113
30 115
30 118
31 34
31 37
31 38
31 39
31 40
31 42
31 43
31 44
31 46
31 49
31 50
31 51
31 53
31 54
31 55
31 60
31 62
31 67
31 70
31 83
31 85
31 92
31 94
31 97
31 99
31 101
31 102
31 105
31 110
31 111
31 112
31 113
31 114
31 118
32 33
32 34
32 37
32 38
32 39
32 41
32 44
32 45
32 46
32 49
32 51
32 52
32 53
32 56
32 58
32 61
32 66
32 68
32 70
32 73
32 76
32 78
32 79
32 80
32 81
32 82
32 83
32 84
32 87
32 88
32 91
32 93
32 96
32 104
32 107
32 108
32 109
32 111
32 118
32 119
33 36
33 38
33 39
33 48
33 53
33 55
33 56
33 62
33 67
33 75
33 79
33 82
33 88
33 90
33 97
33 101
33 105
33 106
33 111
33 112
33 115
33 117
34 36
34 38
34 39
34 40
34 49
34 50
34 51
34 67
34 70
34 75
34 76
34 78
34 79
34 81
34 82
34 84
34 85
34 89
34 92
34 100
34 106
34 110
34 113
34 114
34 116
35 37
35 38
35 39
35 42
35 43
35 45
35 46
35 48
35 54
35 56
35 57
35 60
35 62
35 65
35 67
35 69
35 72
35 74
35 76
35 77
35 81
35 82
35 83
35 85
35 89
35 90
35 91
35 92
35 93
35 97
35 100
35 104
35 107
35 109
35 113
35 117
36 46
36 50
36 51
36 56
36 59
36 61
36 62
36 65
36 68
36 72
36 73
36 77
36 80
36 83
36 85
36 86
36 87
36 89
36 94
36 98
36 99
36 115
36 116
37 41
37 54
37 59
37 61
37 62
37 64
37 68
37 69
37 71
37 72
37 74
37 75
37 78
37 80
37 84
37 88
37 89
37 92
37 94
37 95
37 99
37 102
37 106
37 109
37 111
37 115
37 116
38 43
38 45
38 51
38 53
38 55
38 56
38 58
38 61
38 62
38 64
38 68
38 72
38 76
38 80
38 82
38 84
38 92
38 93
38 94
38 95
38 96
38 97
38 103
38 109
38 113
38 114
38 115
38 116
38 117
38 118
39 42
39 44
39 45
39 47
39 49
39 53
39 54
39 57
39 58
39 61
39 63
39 67
39 70
39 71
39 73
39 76
39 77
39 78
39 84
39 89
39 91
39 92
39 93
39 98
39 99
39 100
39 103
39 104
39 106
39 107
39 108
39 113
39 114
39 115
39 116
40 43
40 44
40 48
40 50
40 51
40 56
40 60
40 62
40 64
40 65
40 66
40 67
40 72
40 73
40 79
40 80
40 81
40 86
40 91
40 92
40 96
40 99
40 103
40 104
40 106
40 107
40 108
40 109
40 114
41 43
41 45
41 51
41 58
41 61
41 63
41 64
41 66
41 70
41 72
41 76
41 77
41 82
41 88
41 91
41 94
41 95
41 98
41 101
41 107
41 108
41 117
41 118
42 44
42 45
42 49
42 50
42 58
42 60
42 63
42 65
42 72
42 76
42 79
42 81
42 84
42 94
42 96
42 104
42 110
42 111
42 112
42 113
42 114
42 115
42 118
43 45
43 46
43 48
43 59
43 60
43 64
43 67
43 75
43 77
43 79
43 81
43 85
43 86
43 90
43 91
43 93
43 94
43 96
43 99
43 100
43 104
43 105
43 109
43 112
43 114
43 117
44 46
44 52
44 53
44 57
44 66
44 69
44 73
44 74
44 76
44 79
44 87
44 89
44 90
44 95
44 96
44 104
44 106
44 108
44 110
44 111
44 112
44 116
44 117
45 48
45 49
45 51
45 56
45 58
45 60
45 67
45 70
45 71
45 74
45 81
45 83
45 86
45 88
45 94
45 97
45 102
45 106
45 108
45 110
45 112
46 47
46 48
46 53
46 55
46 57
46 59
46 60
46 61
46 67
46 69
46 74
46 75
46 76
46 77
46 81
46 82
46 83
46 97
46 98
46 102
46 105
46 109
46 110
47 48
47 50
47 53
47 57
47 58
47 59
47 60
47 64
47 65
47 66
47 68
47 72
47 75
47 83
47 87
47 88
47 89
47 100
47 103
47 105
47 110
47 113
47 116
47 118
48 51
48 52
48 55
48 62
48 63
48 64
48 68
48 69
48 70
48 71
48 74
48 75
48 81
48 86
48 89
48 93
48 94
48 96
48 99
48 103
48 106
48 107
48 111
48 114
48 115
48 116
48 117
49 51
49 58
49 59
49 66
49 68
49 70
49 81
49 85
49 88
49 89
49 94
49 96
49 98
49 100
49 101
49 102
49 103
49 104
49 116
49 117
50 51
50 52
50 54
50 60
50 64
50 68
50 69
50 72
50 80
50 83
50 85
50 90
50 91
50 97
50 104
50 108
50 114
50 118
51 52
51 53
51 54
51 56
51 58
51 60
51 61
51 62
51 64
51 66
51 67
51 72
51 73
51 74
51 80
51 84
51 87
51 90
51 93
51 95
51 103
51 109
51 111
51 112
51 114
51 116
51 117
52 54
52 57
52 62
52 64
52 66
52 67
52 68
52 73
52 77
52 79
52 80
52 81
52 86
52 93
52 94
52 96
52 102
52 103
52 111
52 114
52 115
53 58
53 59
53 60
53 63
53 65
53 68
53 71
53 73
53 82
53 85
53 88
53 89
53 90
53 92
53 93
53 94
53 95
53 96
53 103
53 104
53 108
53 109
53 110
53 112
53 113
54 55
54 60
54 66
54 68
54 71
54 74
54 77
54 79
54 80
54 82
54 87
54 93
54 94
54 97
54 98
54 101
54 104
54 105
54 107
54 110
54 114
54 117
54 119
55 60
55 61
55 64
55 65
55 69
55 77
55 80
55 85
55 92
55 95
55 101
55 104
55 105
55 106
55 116
55 117
56 61
56 65
56 68
56 70
56 72
56 75
56 81
56 82
56 84
56 85
56 86
56 88
56 89
56 90
56 91
56 93
56 95
56 98
56 99
56 102
56 104
56 106
56 114
57 58
57 66
57 69
57 70
57 71
57 73
57 74
57 76
57 79
57 84
57 90
57 95
57 99
57 103
57 111
57 112
57 114
57 117
58 59
58 60
58 64
58 67
58 78
58 79
58 87
58 88
58 89
58 92
58 94
58 96
58 99
58 100
58 103
58 105
58 109
58 111
58 112
58 115
58 117
58 118
59 60
59 62
59 63
59 64
59 67
59 70
59 71
59 75
59 79
59 83
59 84
59 86
59 89
59 92
59 99
59 102
59 104
59 105
59 107
59 111
59 112
59 115
59 116
59 118
59 119
60 64
60 68
60 71
60 75
60 78
60 79
60 80
60 85
60 87
60 88
60 99
60 104
60 113
60 118
61 62
61 67
61 71
61 73
61 75
61 79
61 80
61 81
61 82
61 83
61 87
61 94
61 95
61 102
61 106
61 108
61 109
61 110
61 112
61 113
61 114
61 116
61 119
62 64
62 68
62 72
62 73
62 76
62 79
62 81
62 82
62 84
62 86
62 88
62 89
62 91
62 93
62 94
62 96
62 103
62 104
62 105
62 106
62 113
62 114
62 115
63 65
63 68
63 71
63 74
63 76
63 77
63 80
63 88
63 89
63 91
63 92
63 94
63 95
63 96
63 97
63 98
63 101
63 102
63 108
63 109
63 113
64 65
64 67
64 69
64 72
64 73
64 75
64 79
64 80
64 83
64 84
64 85
64 90
64 92
64 93
64 94
64 97
64 99
64 101
64 103
64 109
64 111
64 115
64 116
64 117
64 118
65 70
65 73
65 78
65 83
65 87
65 88
65 90
65 93
65 99
65 103
65 104
65 107
65 109
65 110
65 116
65 117
66 68
66 71
66 74
66 75
66 78
66 80
66 83
66 86
66 87
66 88
66 96
66 98
66 100
66 104
66 105
66 117
66 118
67 70
67 71
67 74
67 75
67 81
67 83
67 85
67 89
67 96
67 98
67 99
67 101
67 104
67 105
67 112
67 117
68 70
68 73
68 74
68 75
68 76
68 80
68 86
68 91
68 96
68 97
68 99
68 100
68 104
68 110
68 114
68 115
68 116
69 74
69 76
69 78
69 80
69 86
69 92
69 94
69 96
69 101
69 102
69 103
69 104
69 105
69 106
69 107
69 110
69 113
69 117
70 75
70 79
70 80
70 83
70 99
70 100
70 103
70 104
70 107
70 109
70 110
70 111
71 74
71 80
71 81
71 82
71 86
71 87
71 91
71 96
71 98
71 100
71 104
71 107
71 110
71 116
71 117
71 119
72 74
72 75
72 79
72 80
72 82
72 83
72 84
72 85
72 86
72 89
72 93
72 96
72 98
72 104
72 105
72 108
73 77
73 78
73 81
73 85
73 87
73 88
73 89
73 96
73 99
73 101
73 102
73 103
73 107
73 108
73 109
73 113
73 117
74 75
74 77
74 80
74 81
74 82
74 83
74 86
74 89
74 90
74 91
74 92
74 98
74 99
74 103
74 104
74 105
74 106
74 107
74 108
74 112
74 117
74 119
75 77
75 78
75 79
75 80
75 84
75 85
75 86
75 88
75 89
75 90
75 93
75 96
75 99
75 102
75 103
75 105
75 107
75 108
75 119
76 78
76 81
76 83
76 89
76 91
76 95
76 100
76 112
76 113
76 116
77 82
77 83
77 84
77 86
77 87
77 93
77 94
77 99
77 101
77 102
77 105
77 107
77 109
77 110
77 111
77 112
77 113
77 114
78 80
78 81
78 82
78 83
78 86
78 89
78 90
78 95
78 101
78 104
78 108
78 113
78 115
78 119
79 80
79 83
79 84
79 91
79 95
79 96
79 97
79 98
79 99
79 101
79 104
79 106
79 113
79 114
79 116
80 82
80 85
80 86
80 89
80 90
80 91
80 96
80 97
80 99
80 105
80 106
80 107
80 108
80 110
80 112
80 113
80 114
80 117
80 118
80 119
81 84
81 95
81 97
81 99
81 101
81 103
81 105
81 107
81 110
81 111
82 83
82 88
82 95
82 97
82 100
82 102
82 107
82 108
82 116
82 119
83 84
83 85
83 94
83 95
83 98
83 99
83 100
83 101
83 103
83 105
83 107
83 109
83 110
83 113
83 114
83 116
83 117
83 118
84 86
84 95
84 99
84 100
84 105
84 106
84 107
84 111
84 113
84 117
84 119
85 87
85 88
85 91
85 94
85 97
85 98
85 101
85 102
85 105
85 107
85 109
85 110
85 112
85 113
85 115
85 116
85 118
85 119
86 94
86 95
86 97
86 98
86 99
86 101
86 111
86 113
86 114
86 116
87 88
87 89
87 91
87 92
87 93
87 94
87 96
87 97
87 98
87 99
87 104
87 108
87 109
87 113
87 115
87 116
87 118
88 92
88 93
88 95
88 103
88 104
88 109
88 112
88 113
88 115
88 116
89 92
89 103
89 104
89 105
89 109
89 111
89 113
89 114
89 117
89 118
90 91
90 92
90 93
90 100
90 101
90 102
90 104
90 107
90 111
90 118
90 119
91 92
91 97
91 101
91 102
91 103
91 104
91 115
91 116
92 94
92 96
92 99
92 101
92 104
92 105
92 106
92 109
92 110
92 111
92 113
92 118
93 100
93 101
93 102
93 106
93 117
93 118
94 96
94 98
94 103
94 104
94 107
94 114
95 96
95 101
95 102
95 104
95 105
95 109
95 111
95 113
95 114
95 117
95 119
96 99
96 101
96 102
96 104
96 107
96 108
96 109
96 112
96 113
96 116
96 117
96 119
97 102
97 103
97 104
97 108
97 109
97 111
97 112
97 115
97 116
97 117
98 101
98 103
98 107
98 109
98 115
98 116
99 107
99 109
99 113
99 115
99 117
99 118
99 119
100 101
100 102
100 103
100 105
100 106
100 107
100 109
100 112
100 113
100 114
100 116
101 102
101 103
101 106
101 107
101 108
101 115
101 116
102 103
102 106
102 109
102 111
102 113
103 113
103 115
104 106
104 110
104 113
104 115
104 119
105 107
105 108
105 109
105 110
105 112
105 113
105 114
106 107
106 109
106 110
106 111
106 115
106 119
107 109
107 110
107 111
107 112
107 116
107 118
107 119
108 111
108 112
108 113
108 115
108 119
109 110
109 111
109 113
109 115
109 117
110 113
110 115
110 116
110 117
110 118
111 112
111 113
112 113
112 116
112 118
113 114
113 115
113 119
115 116
115 118
115 119
