0 1
0 2
0 3
0 4
0 5
0 6
0 7
0 8
0 9
0 10
0 11
0 12
0 13
0 14
0 15
0 16
0 17
0 18
0 19
0 21
0 23
0 25
0 26
0 27
0 31
0 32
0 33
0 36
0 40
0 42
0 44
0 48
0 49
0 52
0 55
0 63
0 64
0 65
0 68
0 74
0 90
0 97
0 100
0 101
0 103
0 111
0 114
0 118
0 119
1 11
1 13
1 14
1 17
1 20
1 25
1 35
1 39
1 46
1 47
1 55
1 98
2 11
2 12
2 13
2 14
2 15
2 16
2 17
2 19
2 21
2 24
2 25
2 26
2 27
2 28
2 37
2 42
2 43
2 47
2 48
2 51
2 53
2 56
2 58
2 59
2 62
2 65
2 66
2 73
2 78
2 93
2 94
2 102
2 104
2 110
3 11
3 12
3 15
3 16
3 18
3 20
3 21
3 22
3 23
3 24
3 25
3 26
3 27
3 30
3 31
3 32
3 36
3 38
3 41
3 43
3 44
3 50
3 62
3 63
3 64
3 65
3 69
3 71
3 72
3 77
3 86
3 87
3 88
3 89
3 92
3 95
3 96
3 103
3 104
3 113
3 116
4 12
4 16
4 52
4 105
5 11
5 12
5 13
5 14
5 17
5 18
5 19
5 21
5 23
5 28
5 36
5 38
5 51
5 57
5 58
5 59
5 63
5 72
5 96
5 105
5 112
5 113
5 117
6 11
6 12
6 13
6 17
6 20
6 24
6 26
6 30
6 31
6 42
6 44
6 46
6 89
6 107
7 11
7 12
7 13
7 16
7 17
7 19
7 20
7 22
7 23
7 24
7 25
7 27
7 28
7 31
7 34
7 35
7 39
7 49
7 60
7 62
7 73
7 92
7 95
7 101
7 102
7 104
7 112
7 116
8 11
8 12
8 13
8 14
8 15
8 16
8 17
8 27
8 29
8 33
8 38
8 41
8 52
8 54
8 58
8 60
8 64
8 68
8 86
8 92
8 106
8 108
9 11
9 12
9 13
9 14
9 15
9 16
9 18
9 19
9 20
9 21
9 22
9 29
9 31
9 46
9 48
9 50
9 51
9 52
9 53
9 56
9 57
9 58
9 73
9 92
9 93
9 98
9 103
9 109
9 116
10 11
10 14
10 15
10 18
10 25
10 26
10 29
10 30
10 41
10 56
10 59
10 75
10 86
10 88
10 95
10 97
10 100
10 111
11 12
11 13
11 14
11 15
11 16
11 17
11 18
11 19
11 20
11 22
11 23
11 24
11 26
11 27
11 28
11 29
11 30
11 32
11 34
11 35
11 47
11 49
11 55
11 56
11 57
11 60
11 69
11 71
11 82
11 88
11 91
11 101
11 106
11 109
11 115
11 119
12 13
12 14
12 15
12 16
12 17
12 20
12 22
12 23
12 24
12 25
12 30
12 31
12 33
12 34
12 38
12 50
12 51
12 55
12 60
12 76
12 77
12 78
12 80
12 81
12 94
12 101
12 110
12 116
13 14
13 15
13 16
13 18
13 19
13 21
13 22
13 23
13 24
13 32
13 33
13 34
13 37
13 40
13 41
13 44
13 51
13 56
13 61
13 62
13 63
13 67
13 68
13 72
13 73
13 74
13 81
13 88
13 89
13 103
13 104
13 105
13 108
13 112
14 15
14 18
14 19
14 20
14 21
14 23
14 26
14 29
14 30
14 31
14 32
14 34
14 35
14 36
14 39
14 42
14 46
14 47
14 49
14 54
14 55
14 57
14 64
14 66
14 67
14 68
14 69
14 71
14 73
14 77
14 81
14 88
14 91
14 93
14 94
14 102
14 104
14 107
14 108
14 109
14 119
15 18
15 20
15 22
15 23
15 24
15 25
15 28
15 29
15 32
15 33
15 34
15 35
15 37
15 38
15 40
15 44
15 51
15 53
15 54
15 55
15 57
15 60
15 61
15 65
15 66
15 69
15 71
15 73
15 78
15 85
15 90
15 105
15 112
16 17
16 18
16 19
16 20
16 21
16 25
16 26
16 37
16 39
16 41
16 43
16 46
16 58
16 60
16 66
16 69
16 70
16 75
16 76
16 79
16 80
16 81
16 86
16 90
16 110
16 115
17 22
17 23
17 24
17 29
17 31
17 38
17 42
17 48
17 51
17 60
17 76
17 87
17 92
17 95
17 96
17 99
17 106
17 114
18 19
18 26
18 30
18 33
18 36
18 39
18 47
18 48
18 69
18 70
18 74
18 78
18 82
18 83
18 107
18 114
19 21
19 22
19 24
19 28
19 29
19 40
19 44
19 45
19 50
19 52
19 53
19 54
19 62
19 64
19 65
19 69
19 70
19 79
19 82
19 83
19 88
19 97
19 99
19 111
19 117
20 21
20 25
20 27
20 44
20 45
20 52
20 57
20 71
20 77
20 81
20 87
20 90
20 92
20 93
20 95
21 22
21 28
21 31
21 34
21 41
21 54
21 58
21 68
21 86
21 91
21 97
21 98
21 105
21 108
22 29
22 30
22 32
22 36
22 37
22 49
22 58
22 61
22 62
22 65
22 66
22 73
22 76
22 77
22 84
22 86
22 97
22 98
22 101
22 112
22 118
23 26
23 27
23 28
23 30
23 32
23 33
23 34
23 35
23 36
23 39
23 40
23 41
23 45
23 46
23 47
23 49
23 58
23 72
23 79
23 80
23 87
23 99
23 102
23 109
24 43
24 45
24 46
24 48
24 54
24 66
24 67
24 86
24 114
25 27
25 28
25 29
25 32
25 39
25 42
25 43
25 46
25 50
25 54
25 58
25 63
25 68
25 71
25 77
25 83
25 97
25 113
26 27
26 32
26 39
26 40
26 47
26 50
26 61
26 64
26 65
26 79
26 82
26 83
26 85
26 101
26 116
27 28
27 35
27 38
27 40
27 42
27 45
27 51
27 52
27 59
27 61
27 67
27 68
27 71
27 75
27 77
27 84
27 94
27 101
28 33
28 34
28 35
28 36
28 38
28 43
28 47
28 49
28 52
28 62
28 65
28 67
28 70
28 74
28 76
28 80
28 90
28 110
28 114
28 119
29 30
29 31
29 35
29 36
29 37
29 38
29 39
29 43
29 48
29 49
29 53
29 54
29 57
29 64
29 66
29 73
29 79
29 91
29 92
29 97
29 98
29 103
29 113
29 114
29 119
30 37
30 43
30 45
30 53
30 56
30 60
30 72
30 74
30 76
30 81
30 92
30 115
31 33
31 34
31 36
31 41
31 45
31 48
31 57
31 59
31 61
31 63
31 67
31 68
31 70
31 72
31 77
31 83
31 85
31 91
31 99
31 102
31 106
31 107
31 117
31 119
32 33
32 35
32 37
32 39
32 40
32 41
32 51
32 55
32 64
32 73
32 79
32 94
32 101
32 102
32 107
32 118
33 37
33 44
33 50
33 59
33 64
33 70
33 72
33 82
33 91
33 115
33 116
34 42
34 50
34 56
34 59
34 74
34 75
34 76
34 82
34 83
34 90
34 95
34 97
34 99
34 105
34 107
34 110
34 119
35 37
35 40
35 44
35 55
35 56
35 65
35 86
35 87
35 91
35 92
35 105
35 106
35 112
36 45
36 49
36 72
36 78
36 80
36 89
37 38
37 48
37 49
37 50
37 55
37 63
37 66
37 70
37 114
37 115
37 117
37 118
38 40
38 42
38 43
38 54
38 59
38 63
38 78
38 80
38 84
38 99
39 41
39 44
39 45
39 46
39 63
39 72
39 75
39 78
39 83
39 85
39 106
39 107
39 109
40 46
40 48
40 53
40 58
40 61
40 71
40 88
40 89
40 102
40 105
41 42
41 43
41 45
41 50
41 62
41 69
41 79
41 93
41 99
41 102
41 104
41 111
41 119
42 47
42 57
42 67
42 96
42 106
43 47
43 62
43 68
43 77
43 85
43 88
43 89
43 100
43 101
44 52
44 53
44 80
44 82
44 91
44 111
45 65
45 85
45 99
45 104
45 108
45 117
45 118
46 52
46 54
46 56
46 70
46 108
47 51
47 69
47 85
47 94
47 106
48 53
48 55
48 57
48 79
48 80
48 88
48 103
48 109
48 111
48 112
48 114
48 116
49 53
49 61
49 63
49 74
49 84
49 94
49 107
49 112
49 116
50 79
51 60
51 68
51 76
51 83
51 111
51 113
52 115
53 62
53 66
53 74
53 78
53 89
53 94
53 95
53 100
53 114
53 115
53 117
54 56
54 61
54 64
54 71
54 76
54 85
54 100
54 103
54 110
54 114
55 69
55 70
55 71
55 76
55 89
55 93
55 104
55 113
56 60
56 61
56 70
56 84
56 90
56 110
57 59
57 93
57 96
58 59
58 75
58 78
58 90
58 99
58 118
59 108
59 110
60 66
60 78
60 89
60 96
60 103
61 75
61 88
61 95
62 74
62 84
63 90
63 115
64 67
64 73
64 75
64 81
64 85
64 91
64 98
64 100
65 67
65 75
65 105
65 111
66 67
66 75
66 82
66 117
67 77
68 80
68 81
68 82
68 93
68 97
68 98
68 100
69 81
69 84
69 87
69 94
69 98
69 108
70 79
70 82
70 83
70 86
70 111
71 72
71 74
71 80
72 84
72 109
74 87
74 93
74 106
74 116
75 118
76 84
76 107
76 111
77 83
77 87
77 102
77 109
78 84
78 97
78 113
79 109
80 81
80 100
80 102
80 104
81 118
82 85
83 93
83 96
83 104
84 87
85 86
85 87
85 92
85 117
86 89
86 91
86 95
86 96
86 106
87 90
87 103
88 96
88 119
90 94
90 98
90 103
90 108
90 113
91 100
91 105
92 112
93 113
94 95
94 100
95 96
95 110
95 115
95 117
97 98
97 101
97 107
97 110
98 99
99 108
102 116
102 118
102 119
103 112
104 113
107 109
109 115
110 118
113 117
