0 2
0 3
0 4
0 7
0 8
0 9
0 10
0 12
0 15
0 16
0 23
0 26
0 28
0 30
0 31
0 33
0 36
0 38
0 39
0 46
0 49
0 51
0 53
0 58
0 59
0 79
0 93
1 4
1 8
1 9
1 11
1 17
1 19
1 21
1 23
1 25
1 28
1 29
1 30
1 35
1 38
1 39
1 46
1 47
1 49
1 50
1 52
1 53
1 55
1 57
1 59
1 66
1 71
1 74
1 94
1 114
2 4
2 5
2 7
2 9
2 10
2 13
2 15
2 16
2 19
2 20
2 22
2 23
2 30
2 32
2 33
2 34
2 36
2 37
2 39
2 40
2 41
2 42
2 43
2 47
2 49
2 51
2 53
2 55
2 57
2 59
2 115
3 10
3 11
3 14
3 15
3 16
3 25
3 30
3 32
3 33
3 35
3 36
3 37
3 42
3 43
3 46
3 48
3 53
3 55
3 57
3 58
3 59
3 73
3 111
4 5
4 8
4 10
4 15
4 16
4 17
4 24
4 25
4 26
4 30
4 32
4 41
4 43
4 44
4 45
4 49
4 52
4 53
4 57
4 58
4 95
4 105
5 12
5 16
5 17
5 19
5 22
5 24
5 26
5 27
5 32
5 35
5 44
5 48
5 51
5 52
5 54
5 59
6 14
6 20
6 25
6 29
6 30
6 32
6 33
6 36
6 37
6 39
6 40
6 54
6 57
6 58
7 8
7 9
7 11
7 13
7 14
7 17
7 20
7 23
7 24
7 26
7 27
7 33
7 34
7 35
7 36
7 38
7 46
7 47
7 49
7 52
7 53
7 54
7 57
7 67
7 103
7 108
7 112
8 9
8 10
8 12
8 15
8 17
8 18
8 19
8 25
8 27
8 30
8 31
8 32
8 34
8 35
8 36
8 38
8 39
8 40
8 42
8 43
8 45
8 47
8 49
8 50
8 55
8 59
8 74
9 13
9 14
9 17
9 20
9 21
9 23
9 24
9 29
9 34
9 35
9 37
9 42
9 46
9 47
9 49
9 51
9 52
9 57
9 74
9 106
9 116
10 12
10 16
10 20
10 21
10 22
10 25
10 26
10 29
10 33
10 38
10 42
10 43
10 45
10 46
10 47
10 48
10 50
10 52
10 55
10 57
10 58
10 59
10 72
11 15
11 17
11 18
11 20
11 21
11 23
11 26
11 27
11 31
11 34
11 35
11 36
11 37
11 38
11 42
11 44
11 45
11 46
11 51
11 53
11 57
11 58
11 59
11 113
11 116
12 13
12 14
12 17
12 18
12 19
12 20
12 26
12 31
12 32
12 33
12 36
12 38
12 39
12 44
12 46
12 47
12 48
12 49
12 53
12 56
13 16
13 28
13 31
13 33
13 35
13 36
13 38
13 43
13 44
13 48
13 51
13 56
13 57
13 84
13 94
14 17
14 20
14 22
14 24
14 27
14 29
14 34
14 35
14 36
14 38
14 41
14 45
14 48
14 54
14 55
14 57
14 59
14 81
14 87
15 19
15 21
15 23
15 26
15 29
15 31
15 33
15 36
15 39
15 40
15 42
15 45
15 46
15 48
15 49
15 50
15 54
15 82
16 18
16 19
16 20
16 21
16 23
16 25
16 27
16 28
16 29
16 35
16 37
16 38
16 39
16 40
16 41
16 43
16 44
16 45
16 47
16 49
16 52
16 54
16 56
16 57
16 58
16 100
16 102
16 109
17 18
17 20
17 23
17 26
17 28
17 30
17 32
17 34
17 38
17 45
17 47
17 48
17 52
17 53
17 56
17 57
17 91
17 99
17 102
18 20
18 23
18 24
18 25
18 27
18 31
18 33
18 34
18 35
18 36
18 38
18 39
18 41
18 43
18 45
18 46
18 48
18 51
18 52
19 20
19 22
19 25
19 27
19 28
19 32
19 35
19 39
19 41
19 44
19 46
19 49
19 55
19 57
19 59
19 74
19 108
19 111
19 112
20 23
20 26
20 31
20 36
20 40
20 41
20 42
20 43
20 46
20 50
20 51
20 59
20 110
21 25
21 30
21 32
21 33
21 34
21 35
21 36
21 38
21 40
21 41
21 43
21 45
21 46
21 49
21 52
21 56
21 59
21 83
22 23
22 26
22 27
22 29
22 30
22 35
22 37
22 40
22 43
22 45
22 48
22 49
22 50
22 53
22 56
22 61
22 95
22 119
23 25
23 26
23 28
23 29
23 30
23 31
23 33
23 35
23 38
23 39
23 41
23 42
23 46
23 47
23 48
23 56
23 57
23 58
23 59
23 81
24 25
24 27
24 29
24 31
24 34
24 37
24 39
24 40
24 42
24 43
24 47
24 48
24 49
24 59
25 26
25 27
25 31
25 32
25 33
25 36
25 37
25 41
25 44
25 46
25 47
25 48
25 50
25 54
26 31
26 34
26 35
26 36
26 38
26 40
26 41
26 42
26 43
26 46
26 48
26 49
26 50
26 51
26 52
26 54
26 55
26 57
26 82
26 119
27 28
27 30
27 31
27 32
27 35
27 38
27 39
27 43
27 44
27 45
27 50
27 53
27 55
27 56
27 70
28 41
28 47
28 48
28 50
28 52
28 54
28 55
28 82
28 93
29 30
29 35
29 39
29 44
29 50
29 58
29 74
30 33
30 35
30 36
30 37
30 39
30 47
30 49
30 52
30 57
30 81
31 32
31 34
31 35
31 36
31 42
31 43
31 44
31 46
31 48
31 50
31 51
31 52
31 53
31 56
31 59
31 65
31 110
32 34
32 35
32 38
32 42
32 43
32 44
32 50
32 51
32 55
32 56
32 57
32 59
33 37
33 38
33 39
33 45
33 48
33 50
33 52
33 55
33 57
33 59
33 81
33 83
34 37
34 41
34 45
34 47
34 53
34 54
34 55
34 58
34 68
34 105
35 38
35 40
35 42
35 44
35 46
35 47
35 49
35 50
35 51
35 52
35 53
35 87
35 89
35 114
36 38
36 39
36 42
36 44
36 47
36 48
36 54
36 55
36 70
36 109
37 41
37 43
37 52
37 54
37 56
37 57
37 58
37 80
37 108
38 42
38 46
38 47
38 48
38 49
38 54
38 55
38 56
38 57
38 58
38 109
39 43
39 44
39 49
39 51
39 52
39 59
39 86
40 41
40 46
40 48
40 49
40 50
40 51
40 57
40 58
41 42
41 45
41 48
41 49
41 50
41 51
41 53
41 56
41 58
41 116
42 45
42 50
42 52
42 53
42 55
42 58
43 44
43 45
43 51
43 53
43 55
43 56
43 109
43 115
44 46
44 50
44 51
44 52
44 54
44 57
44 58
44 88
44 115
45 46
45 49
45 52
45 55
45 56
45 58
45 118
46 47
46 50
46 51
46 57
46 103
47 48
47 50
47 55
47 93
48 49
48 52
48 53
48 54
48 56
48 57
48 58
48 106
49 51
49 56
49 58
49 69
49 86
49 112
49 116
50 51
50 52
50 53
50 54
50 55
50 57
50 59
50 79
50 103
51 52
51 55
51 58
51 59
51 96
52 54
52 55
52 59
52 86
52 95
53 55
53 63
53 92
54 56
54 95
54 115
55 56
55 58
55 59
55 72
56 59
57 58
57 59
57 98
58 59
59 75
59 119
60 61
60 70
60 71
60 81
60 84
60 86
60 90
60 93
60 95
60 99
60 100
60 104
60 110
60 113
60 116
60 117
61 64
61 65
61 69
61 71
61 80
61 82
61 84
61 87
61 89
61 91
61 93
61 98
61 102
61 103
61 106
61 111
61 117
61 118
62 67
62 69
62 71
62 74
62 76
62 77
62 81
62 84
62 97
62 99
62 100
62 107
62 108
62 109
62 110
62 111
62 112
62 113
62 114
63 65
63 68
63 69
63 71
63 74
63 75
63 76
63 80
63 85
63 86
63 89
63 90
63 91
63 93
63 95
63 97
63 98
63 99
63 100
63 103
63 113
63 116
63 119
64 65
64 67
64 80
64 84
64 86
64 95
64 98
64 104
64 106
64 114
64 115
64 117
64 118
65 67
65 71
65 77
65 78
65 82
65 83
65 87
65 88
65 89
65 91
65 93
65 100
65 101
65 105
65 106
65 107
65 108
65 109
65 114
65 118
65 119
66 69
66 71
66 74
66 75
66 76
66 79
66 81
66 85
66 95
66 97
66 98
66 99
66 100
66 101
66 102
66 107
66 108
66 112
66 115
66 117
66 118
67 70
67 71
67 79
67 81
67 82
67 83
67 87
67 92
67 94
67 107
67 108
67 109
67 113
67 114
67 116
67 117
68 69
68 71
68 72
68 73
68 74
68 78
68 79
68 82
68 90
68 92
68 98
68 104
68 105
68 108
68 110
69 71
69 73
69 76
69 77
69 78
69 79
69 86
69 93
69 96
69 101
69 107
69 108
69 115
69 117
69 118
69 119
70 79
70 80
70 81
70 85
70 92
70 93
70 96
70 105
70 108
70 109
70 111
70 114
70 118
71 72
71 75
71 78
71 83
71 84
71 88
71 89
71 91
71 94
71 97
71 103
71 104
71 106
71 112
71 114
71 118
72 73
72 77
72 79
72 80
72 85
72 86
72 98
72 99
72 101
72 104
72 109
72 115
72 118
73 74
73 78
73 80
73 85
73 90
73 91
73 92
73 95
73 98
73 101
73 106
73 107
73 109
73 110
73 112
73 115
74 77
74 78
74 81
74 82
74 84
74 86
74 89
74 91
74 94
74 97
74 107
74 109
74 112
74 116
74 119
75 83
75 85
75 89
75 90
75 91
75 93
75 94
75 96
75 99
75 104
75 109
75 111
75 115
76 81
76 82
76 87
76 96
76 100
76 110
76 112
76 113
76 115
76 117
77 78
77 81
77 82
77 84
77 87
77 89
77 91
77 94
77 99
77 100
77 102
77 104
77 111
77 114
77 116
77 117
78 81
78 82
78 85
78 88
78 90
78 91
78 97
78 98
78 99
78 109
78 110
78 111
78 112
78 117
78 119
79 82
79 83
79 85
79 86
79 94
79 95
79 96
79 100
79 104
79 105
79 110
79 114
79 117
80 81
80 87
80 90
80 91
80 104
80 111
80 114
80 117
81 85
81 94
81 98
81 102
81 107
81 117
81 118
81 119
82 83
82 87
82 89
82 91
82 93
82 96
82 98
82 99
82 100
82 101
82 102
82 103
82 106
82 112
82 114
82 117
82 119
83 85
83 86
83 91
83 100
83 102
83 103
83 104
83 112
83 113
83 114
84 89
84 91
84 95
84 96
84 99
84 101
84 106
84 114
84 119
85 95
85 99
85 102
85 105
85 106
85 109
85 111
85 118
86 89
86 92
86 94
86 99
86 103
86 105
86 107
86 109
86 114
86 116
87 88
87 93
87 97
87 98
87 106
87 107
87 108
87 109
87 111
87 114
87 115
88 90
88 95
88 99
88 103
88 104
88 105
88 106
88 107
88 108
88 110
88 112
89 90
89 92
89 94
89 95
89 99
89 102
89 106
89 107
89 108
89 112
89 114
89 115
89 118
90 93
90 96
90 98
90 99
90 105
90 107
90 109
90 110
90 112
90 118
91 92
91 95
91 96
91 97
91 100
91 105
91 108
91 111
91 113
91 119
92 97
92 98
92 101
92 102
92 105
92 109
92 113
92 114
92 116
93 94
93 98
93 101
93 103
93 104
93 105
93 106
93 111
93 114
93 117
94 100
94 101
94 104
94 106
94 110
94 115
94 117
94 118
94 119
95 96
95 98
95 99
95 101
95 103
95 108
95 110
95 112
95 114
95 116
96 98
96 101
96 102
96 106
96 110
96 112
96 119
97 100
97 105
97 108
97 109
97 112
97 115
97 116
97 117
97 119
98 102
98 113
99 106
99 109
99 115
99 119
100 103
100 104
100 107
100 109
100 111
100 112
100 114
101 103
101 107
101 110
101 113
101 114
101 119
102 103
102 107
102 109
102 112
102 117
102 118
103 104
103 108
103 110
103 112
103 114
103 115
103 116
104 107
104 108
104 109
104 113
104 117
104 118
105 110
105 111
105 113
105 114
105 115
105 116
105 118
106 107
106 110
106 114
107 114
107 117
108 109
108 112
108 117
108 119
109 110
109 113
109 114
109 115
109 116
109 118
110 112
110 115
110 119
111 114
111 117
111 118
111 119
112 113
112 117
112 118
113 114
113 115
113 117
114 116
114 117
114 119
116 118
