0 1
0 2
0 118
0 27
0 79
0 85
1 2
1 3
1 4
1 118
1 41
2 3
2 5
2 119
2 117
2 95
3 4
3 5
3 6
3 7
3 48
4 5
4 6
4 7
4 37
4 25
5 7
5 8
5 92
5 103
5 43
5 88
6 7
6 8
6 9
7 8
7 52
7 21
8 9
8 11
8 106
9 11
9 97
9 43
10 41
10 81
10 111
10 89
10 70
11 12
11 13
11 14
12 13
12 14
12 77
13 14
13 15
13 16
14 15
14 16
14 22
14 97
15 17
15 18
15 19
15 75
15 114
16 17
16 18
16 19
17 18
17 19
17 77
18 19
18 20
18 92
18 63
19 20
19 21
19 22
20 59
20 108
20 27
20 54
20 112
21 22
21 23
22 24
22 25
22 115
22 65
23 24
23 25
23 80
24 25
24 26
24 27
25 26
25 55
25 48
25 30
26 27
26 29
26 54
27 29
27 30
27 96
27 76
27 31
28 29
28 30
28 31
28 70
29 30
29 31
29 32
30 31
30 59
31 33
31 65
32 33
32 35
32 112
32 89
33 35
33 36
33 90
33 111
34 35
34 36
34 37
35 36
35 37
35 38
35 100
35 79
36 38
36 39
36 54
36 71
36 105
36 69
37 38
37 40
37 115
38 39
38 40
38 41
38 79
39 40
39 41
39 42
39 47
40 41
40 42
40 70
40 58
40 93
40 106
41 43
41 44
42 43
42 44
42 45
43 44
43 45
44 45
44 46
44 47
45 46
45 47
45 48
45 88
46 47
46 48
46 49
46 69
47 48
47 50
47 111
48 49
48 50
48 78
49 50
49 51
49 52
49 89
50 51
50 53
50 70
50 105
51 52
51 53
51 54
51 73
52 53
52 54
52 55
52 85
53 54
53 55
53 56
54 55
54 56
54 57
55 57
55 58
56 57
56 58
56 59
57 58
57 59
57 60
58 59
58 60
58 119
58 108
59 60
59 62
59 73
60 61
60 62
60 68
61 64
61 102
61 70
62 63
62 98
62 100
63 65
63 94
63 84
64 67
64 95
64 89
65 68
65 86
65 67
65 117
66 67
66 68
66 69
66 102
67 68
67 70
68 69
68 70
68 71
69 70
69 84
70 72
71 73
71 117
72 73
72 74
72 75
73 75
73 76
74 75
74 76
74 77
75 77
75 78
75 88
75 80
76 77
76 79
77 78
77 79
77 80
77 95
78 80
78 81
79 119
80 81
80 82
81 83
81 84
82 83
82 84
82 85
83 84
83 85
83 86
84 85
84 87
85 86
85 88
85 96
86 87
86 88
86 89
87 88
87 89
87 90
89 90
89 92
89 112
89 114
90 91
90 92
90 93
91 92
91 93
91 94
92 93
92 95
93 94
93 95
93 104
94 95
94 96
94 99
95 97
95 98
96 99
97 98
97 99
98 99
98 100
98 101
99 100
99 102
99 117
100 102
100 119
101 102
101 103
101 104
102 103
102 104
103 105
103 106
104 107
104 117
105 107
106 107
106 108
106 113
107 108
107 109
107 110
108 111
109 110
109 111
109 112
110 111
110 112
110 113
110 117
111 113
113 114
113 115
114 116
115 116
115 118
116 117
116 118
116 119
118 119
