0 2
0 3
0 4
0 6
0 7
0 12
0 13
0 15
0 18
0 20
0 21
0 23
0 25
0 35
0 61
0 87
0 97
0 111
1 4
1 12
1 13
1 17
1 20
1 21
1 22
1 23
1 33
1 53
1 57
1 73
1 85
1 86
2 3
2 5
2 6
2 9
2 10
2 11
2 12
2 19
2 23
2 37
2 73
2 99
2 107
2 109
2 113
2 116
3 6
3 15
3 17
3 18
3 21
3 31
3 51
3 82
3 97
3 107
3 110
4 5
4 17
4 19
4 38
4 58
4 68
4 70
5 6
5 10
5 11
5 12
5 13
5 14
5 16
5 20
5 22
5 23
5 33
5 53
5 65
5 83
5 90
5 95
5 115
6 9
6 14
6 16
6 18
6 20
6 22
6 23
6 33
6 40
6 49
6 66
6 72
6 83
6 87
6 101
7 9
7 14
7 16
7 17
7 21
7 26
7 30
7 44
7 46
7 50
7 70
8 17
8 22
8 24
8 28
8 29
8 34
8 37
8 49
8 51
8 59
8 80
9 11
9 12
9 13
9 19
9 22
9 52
9 109
10 11
10 12
10 13
10 18
10 19
10 23
10 58
10 79
10 96
11 14
11 16
11 17
11 18
11 21
11 22
11 44
11 54
11 80
11 81
11 83
11 92
12 17
12 18
12 19
12 21
12 22
12 23
12 67
13 18
13 19
13 20
13 22
13 23
13 50
13 53
13 59
13 61
13 81
13 103
14 19
14 20
14 48
14 73
14 81
14 101
14 103
14 106
15 18
15 20
15 21
15 38
15 76
15 79
15 94
15 119
16 17
16 18
16 19
16 37
16 75
16 110
17 18
17 19
17 21
17 45
18 22
18 41
18 52
18 73
19 20
19 33
19 44
19 83
20 23
20 73
20 76
20 89
20 110
21 22
21 65
21 77
21 78
22 43
22 64
22 65
22 112
23 33
23 37
23 63
23 103
23 105
24 25
24 27
24 33
24 35
24 38
24 43
25 33
25 35
25 36
25 39
25 40
25 43
25 45
25 46
25 59
25 96
25 107
25 109
26 35
26 36
26 38
26 40
26 41
26 43
26 44
26 46
26 53
26 70
26 72
26 104
26 108
27 28
27 30
27 31
27 40
27 42
27 44
27 45
27 55
27 57
27 69
28 29
28 35
28 40
28 41
28 42
28 67
28 111
29 31
29 33
29 35
29 39
29 40
29 47
30 33
30 34
30 35
30 37
30 39
30 45
30 46
30 47
30 51
30 86
30 89
30 103
31 32
31 34
31 37
31 40
31 42
31 44
31 45
31 46
31 62
31 116
32 43
32 45
32 55
32 86
32 103
33 34
33 35
33 36
33 45
33 47
33 67
33 84
33 96
33 97
34 35
34 36
34 41
34 44
34 45
34 66
34 68
35 40
35 68
35 102
36 37
36 38
36 39
36 40
36 41
36 43
36 57
36 59
37 40
37 47
37 65
38 39
38 40
38 42
38 43
38 44
38 45
38 111
38 117
39 40
39 45
39 56
39 61
40 41
40 42
40 46
40 86
40 99
40 101
41 42
41 46
41 62
41 65
41 67
41 87
41 88
42 44
42 45
42 46
42 116
43 45
43 47
43 81
43 83
43 107
43 108
43 113
44 57
44 60
44 92
44 97
44 102
45 47
45 66
45 67
45 68
45 74
45 86
45 108
45 117
46 51
46 74
46 80
46 86
46 107
47 53
47 71
47 80
47 119
48 49
48 51
48 52
48 53
48 54
48 56
48 58
48 60
48 61
48 64
48 66
48 67
48 68
48 69
48 71
48 96
48 100
48 115
49 52
49 55
49 57
49 58
49 59
49 69
49 114
49 118
50 51
50 53
50 54
50 56
50 58
50 61
50 63
50 64
50 65
50 71
50 79
50 89
51 52
51 54
51 55
51 58
51 61
51 62
51 63
51 64
51 66
51 71
51 82
52 54
52 55
52 56
52 58
52 60
52 62
52 64
52 68
52 70
52 80
52 112
53 54
53 56
53 59
53 65
53 66
53 67
53 70
53 107
53 118
54 56
54 57
54 58
54 61
54 66
54 67
54 68
54 70
54 71
54 100
54 106
54 116
55 59
55 61
55 68
55 70
55 71
55 77
55 81
56 57
56 60
56 65
56 66
56 67
56 70
56 74
56 119
57 62
57 65
57 67
57 69
57 78
57 101
57 102
57 107
57 118
58 62
58 67
58 69
58 70
58 92
58 113
59 62
59 63
59 68
59 70
59 71
59 88
59 97
59 98
59 119
60 66
60 68
60 70
60 92
60 97
60 106
61 67
61 68
61 69
61 70
61 81
61 92
62 65
62 67
62 91
63 64
63 65
63 66
63 67
63 68
63 70
63 112
64 67
64 68
64 70
64 78
64 83
64 89
64 94
64 106
64 108
64 114
65 67
65 69
65 70
65 90
66 69
66 82
67 68
67 71
67 98
68 69
68 70
68 77
69 70
69 85
69 99
70 71
70 96
70 102
71 84
71 108
72 75
72 85
72 87
72 91
72 95
72 107
73 74
73 75
73 77
73 82
73 86
73 87
73 89
73 93
73 94
73 98
73 100
74 75
74 78
74 81
74 84
74 89
74 94
74 109
75 84
75 90
75 93
75 99
75 104
76 78
76 79
76 80
76 83
76 84
76 89
76 92
76 95
76 100
76 104
76 112
76 119
77 78
77 79
77 80
77 81
77 83
77 88
77 94
77 96
77 100
78 80
78 83
78 84
78 88
78 90
78 95
78 100
79 80
79 81
79 91
79 94
79 95
79 105
80 82
80 84
80 85
80 86
80 87
80 88
80 89
80 90
80 92
80 95
80 119
81 85
81 87
81 88
81 89
81 90
81 93
82 83
82 84
82 85
82 86
82 89
82 92
83 85
83 88
83 89
83 90
83 93
83 97
83 105
83 111
84 85
84 86
84 87
84 93
84 112
85 87
85 94
85 104
86 88
86 91
86 95
86 100
86 112
86 118
87 88
87 89
87 94
87 96
87 110
88 90
88 91
88 97
88 109
89 90
89 91
90 93
90 94
90 95
91 92
91 94
91 95
91 103
91 104
91 114
92 94
92 95
93 98
93 110
93 112
94 95
94 108
94 110
95 105
96 98
96 99
96 100
96 101
96 103
96 104
96 105
96 109
96 111
96 113
96 115
96 116
96 118
97 101
97 103
97 106
97 108
97 110
97 114
97 117
97 119
98 99
98 102
98 105
98 113
99 103
99 104
99 105
99 117
100 104
100 105
100 108
100 112
100 115
100 116
100 117
100 118
100 119
101 102
101 103
101 109
101 111
101 112
101 116
102 104
102 106
102 108
102 109
102 118
103 105
103 106
103 109
103 110
103 112
103 115
103 116
103 118
103 119
104 108
104 110
104 111
104 118
105 111
105 117
106 110
106 111
106 112
106 114
106 117
107 108
107 110
107 112
107 113
107 118
108 111
108 115
109 110
109 112
109 114
109 115
109 118
110 116
110 118
111 116
111 118
112 114
112 117
113 114
113 115
113 116
113 118
113 119
114 116
114 117
115 117
115 118
115 119
116 118
117 118
117 119
