0 2
0 5
0 6
0 7
0 13
0 15
0 18
0 20
0 23
0 26
0 29
0 48
1 4
1 7
1 11
1 13
1 14
1 18
1 22
1 38
1 112
2 3
2 6
2 13
2 15
2 18
2 19
2 20
2 55
2 60
2 68
2 75
2 81
2 84
2 117
3 6
3 7
3 11
3 18
3 23
3 42
3 53
3 54
3 76
3 111
3 115
4 6
4 7
4 8
4 9
4 13
4 14
4 15
4 17
4 21
4 57
4 68
5 9
5 11
5 13
5 15
5 16
5 19
5 21
5 23
5 25
5 34
5 77
5 81
5 99
5 107
6 7
6 8
6 9
6 12
6 14
6 15
6 16
6 17
6 20
6 21
6 23
6 89
6 114
7 8
7 10
7 11
7 13
7 14
7 15
7 20
7 25
7 93
7 98
7 115
8 9
8 14
8 18
8 19
8 21
8 44
8 68
8 75
8 78
8 109
9 16
9 18
9 19
9 20
9 41
9 89
9 93
9 106
9 107
9 116
10 11
10 12
10 13
10 17
10 18
10 19
10 22
10 27
10 47
10 48
10 73
10 86
10 94
10 105
10 110
10 111
10 112
11 12
11 16
11 17
11 22
11 26
11 51
11 61
12 13
12 14
12 15
12 16
12 19
12 20
12 21
12 22
12 50
12 65
12 81
12 94
12 117
13 15
13 16
13 18
13 22
13 23
13 31
13 68
13 70
13 71
13 85
13 116
14 16
14 17
14 21
14 22
14 93
14 107
14 110
15 17
15 20
15 23
15 36
15 45
16 21
16 23
16 41
16 59
16 85
16 96
16 97
16 109
16 117
17 19
17 20
17 21
17 22
17 23
17 73
17 116
18 19
18 22
18 51
18 76
18 98
19 20
19 21
19 22
19 23
19 27
19 55
19 56
19 99
19 114
19 115
20 63
20 68
20 69
20 118
21 23
21 32
21 79
21 103
22 23
22 24
22 111
22 118
22 119
23 59
23 60
23 103
23 107
24 25
24 27
24 30
24 31
24 32
24 35
24 36
24 40
24 42
24 45
24 46
24 47
24 49
24 93
24 116
25 26
25 27
25 28
25 33
25 39
25 78
25 101
25 109
26 30
26 35
26 40
26 42
26 45
26 55
26 59
26 75
26 83
26 100
27 28
27 31
27 32
27 37
27 38
27 43
27 44
27 46
27 47
27 65
27 102
27 112
28 30
28 36
28 38
28 41
28 42
28 44
28 45
28 47
28 104
28 109
29 33
29 34
29 38
29 39
29 40
29 48
29 56
30 31
30 32
30 33
30 38
30 39
30 41
30 43
30 44
30 45
30 46
30 47
30 82
31 32
31 35
31 36
31 41
31 43
31 44
31 114
32 33
32 34
32 37
32 40
32 41
32 42
32 44
32 45
32 46
32 47
32 68
33 36
33 44
33 47
33 76
34 36
34 41
34 42
34 43
34 44
34 52
34 85
34 92
34 107
35 36
35 38
35 40
35 41
35 43
35 44
35 47
35 48
35 54
35 98
35 107
36 40
36 42
36 45
36 47
36 70
36 71
36 90
36 91
36 101
37 40
37 41
37 42
37 46
37 68
37 69
37 77
38 39
38 41
38 46
38 47
38 87
38 105
38 112
38 114
39 42
39 46
39 73
39 81
39 97
39 108
40 42
40 43
40 71
40 101
41 60
41 62
41 64
41 84
41 93
41 95
41 113
42 47
42 56
42 64
42 98
42 112
43 47
43 67
43 70
43 92
43 100
43 105
43 110
44 46
44 47
44 65
44 111
45 46
45 47
45 59
45 73
45 78
46 57
46 66
47 60
47 77
47 97
48 50
48 55
48 56
48 57
48 59
48 61
48 64
48 68
48 82
48 83
48 85
48 89
49 51
49 52
49 55
49 56
49 59
49 61
49 64
49 66
49 68
49 69
49 71
49 99
49 103
49 105
49 112
49 119
50 52
50 55
50 59
50 62
50 68
51 54
51 55
51 57
51 58
51 59
51 62
51 64
51 65
51 66
51 91
51 95
51 109
52 53
52 55
52 57
52 58
52 63
52 66
52 83
52 87
52 94
52 107
52 118
53 60
53 65
53 67
53 68
53 78
53 85
53 119
54 56
54 58
54 59
54 60
54 61
54 62
54 63
54 67
54 70
54 85
54 105
55 56
55 58
55 60
55 61
55 62
55 68
55 69
55 76
55 82
55 87
55 106
55 119
56 58
56 61
56 62
56 63
56 64
56 68
57 61
57 65
57 68
57 75
57 90
57 94
57 105
57 114
58 61
58 62
58 63
58 65
58 68
58 70
58 71
59 62
59 63
59 65
59 66
59 69
59 70
59 84
59 85
59 92
59 99
60 61
60 64
60 65
60 66
60 67
60 70
60 71
61 63
61 66
61 71
61 86
61 99
62 64
62 67
62 68
62 69
62 71
62 87
62 90
63 77
63 84
63 102
63 103
63 104
64 65
64 68
64 71
64 92
65 68
65 70
65 71
65 93
65 105
65 108
66 68
66 71
66 73
66 104
67 70
67 89
67 101
69 70
69 71
69 73
69 76
69 112
70 80
70 95
70 111
70 119
71 94
72 73
72 74
72 76
72 79
72 81
72 86
72 89
72 90
72 92
72 97
72 102
72 106
72 112
72 116
73 86
73 88
73 89
73 90
73 91
73 113
74 79
74 80
74 83
74 85
74 87
74 89
74 93
74 94
74 100
74 107
75 80
75 83
75 86
75 88
75 90
75 92
75 106
75 110
75 119
76 78
76 80
76 82
76 85
76 89
76 91
77 81
77 84
77 90
77 92
77 93
77 95
77 106
78 79
78 80
78 82
78 83
78 85
78 86
78 88
78 89
78 92
78 93
78 95
78 111
78 117
79 81
79 88
79 89
79 92
79 94
79 95
79 112
80 81
80 84
80 85
80 90
80 91
80 95
80 112
80 113
81 87
81 88
81 90
81 119
82 83
82 85
82 87
82 88
82 99
83 84
83 90
83 91
83 92
83 93
83 104
83 117
84 87
84 88
84 90
84 91
84 93
84 94
84 95
84 101
85 86
85 88
85 90
85 92
85 95
86 87
86 88
86 93
86 95
86 98
86 115
86 117
86 118
87 90
87 91
87 92
87 115
87 119
88 89
88 90
88 91
88 99
88 106
88 110
89 95
89 115
90 91
90 94
90 113
90 118
91 92
91 112
92 93
92 114
93 95
93 105
94 95
94 103
94 105
95 105
95 119
96 97
96 100
96 104
96 105
96 107
96 108
96 113
96 115
96 117
97 100
97 101
97 104
97 105
97 106
97 108
97 113
97 116
97 118
97 119
98 99
98 100
98 103
98 106
98 107
98 108
98 110
98 113
98 114
98 118
99 101
99 102
99 103
99 106
99 108
99 111
99 112
99 114
99 115
100 109
100 110
100 112
100 113
100 115
101 102
101 103
101 104
101 105
101 110
101 111
101 116
101 117
101 119
102 105
102 109
102 111
102 112
102 113
102 114
102 115
102 118
103 107
103 113
103 114
103 116
103 118
104 105
104 109
104 111
104 112
104 115
105 113
105 116
106 109
106 111
106 116
106 117
107 109
107 112
107 113
107 115
107 116
107 117
107 118
108 110
108 111
108 112
108 114
108 115
109 111
109 113
109 114
109 118
109 119
110 114
110 119
111 112
111 115
111 116
111 117
111 119
112 115
112 117
114 115
114 116
114 117
115 116
115 118
116 117
116 118
117 119
