0 1
0 19
0 21
0 51
0 55
0 58
0 60
0 94
0 95
0 108
0 115
1 9
1 60
1 70
1 86
1 92
1 93
1 105
1 110
2 24
2 42
2 62
2 70
2 79
2 82
2 84
2 95
3 17
3 38
3 47
3 50
3 52
3 64
3 84
3 99
3 107
4 20
4 21
4 26
4 46
4 47
4 61
4 65
4 66
4 71
4 110
5 10
5 21
5 34
5 40
5 53
5 61
6 18
6 36
6 37
6 44
6 56
6 64
6 65
6 72
6 80
6 84
6 85
6 98
6 104
7 11
7 22
7 25
7 33
7 37
7 54
7 63
7 85
7 88
7 100
7 117
8 14
8 17
8 40
8 48
8 50
8 58
8 70
8 83
8 90
8 92
8 106
8 117
9 15
9 16
9 30
9 36
9 43
9 45
9 60
9 76
9 90
9 104
9 105
10 33
10 38
10 40
10 47
10 68
10 82
10 91
10 114
11 24
11 35
11 106
11 113
12 13
12 29
12 41
12 45
12 58
12 71
12 89
12 110
13 14
13 35
13 50
13 53
13 76
13 77
13 79
13 82
13 88
13 94
13 116
14 18
14 20
14 25
14 37
14 41
14 44
14 61
14 86
14 96
14 100
14 107
14 108
14 112
14 117
15 19
15 24
15 34
15 37
15 43
15 44
15 58
15 64
15 67
15 89
15 101
16 26
16 33
16 54
16 58
16 63
16 73
16 74
16 91
16 104
16 112
17 20
17 31
17 59
17 69
17 91
17 92
17 112
17 117
17 118
18 29
18 66
18 76
18 98
18 101
18 113
19 35
19 43
19 58
19 60
19 82
19 89
19 92
19 96
19 97
19 105
20 33
20 41
20 50
20 74
20 77
20 101
20 104
20 118
21 31
21 72
22 26
22 32
22 39
22 43
22 47
22 53
22 55
22 71
22 75
22 90
22 93
22 115
23 26
23 61
23 95
23 104
23 105
23 112
23 116
24 66
24 77
24 91
24 107
25 32
25 35
25 37
25 40
25 47
25 49
25 66
25 68
25 90
25 95
25 99
25 101
25 114
25 118
26 29
26 33
26 64
26 69
26 81
26 104
26 106
27 35
27 42
27 60
27 67
27 79
27 93
27 96
27 100
27 107
27 116
28 35
28 41
28 46
28 50
28 62
28 82
28 91
28 103
28 111
29 30
29 37
29 40
29 84
29 90
29 101
29 113
29 114
30 52
30 64
30 81
30 83
30 94
30 117
31 33
31 36
31 39
31 51
31 52
31 63
31 65
31 72
31 78
31 104
31 114
31 115
32 64
32 66
32 69
32 71
32 78
32 81
32 108
33 35
33 54
33 63
33 68
34 42
34 43
34 45
34 46
34 52
34 54
34 63
34 68
34 76
34 96
34 103
34 115
35 55
35 57
35 79
35 94
35 95
35 97
35 99
35 107
35 113
36 59
36 62
36 73
36 85
36 90
36 91
36 95
36 96
36 100
36 104
36 114
37 51
37 52
37 53
37 68
37 72
37 79
37 101
38 52
38 61
38 65
38 72
38 75
38 90
38 92
38 95
38 110
38 113
38 114
39 43
39 46
39 56
39 57
39 59
39 62
39 66
39 86
39 90
39 91
39 100
39 106
39 115
39 117
40 45
40 53
40 62
40 68
40 74
40 93
40 98
40 112
41 99
41 111
41 113
42 46
42 61
42 74
42 93
42 108
42 114
43 58
43 82
43 96
43 98
43 116
43 117
43 118
44 59
44 64
44 82
44 88
44 99
45 49
45 61
45 64
45 74
45 79
45 93
45 94
45 97
45 105
45 113
46 62
46 74
46 110
47 66
47 67
47 75
47 84
47 87
47 94
47 102
47 110
47 114
48 54
48 61
48 74
48 109
48 114
49 53
49 66
49 68
49 78
49 83
49 87
49 111
50 60
50 61
50 65
50 67
50 70
50 83
51 57
51 66
51 67
51 80
51 86
51 91
51 116
51 118
52 66
52 85
52 105
52 113
52 118
53 79
53 98
53 105
53 108
53 117
54 64
54 91
54 108
55 67
55 73
55 74
55 95
55 109
56 57
56 67
56 82
56 96
56 107
56 112
56 113
56 117
57 68
57 90
57 94
57 102
58 72
58 76
58 83
58 89
58 98
58 113
58 119
59 73
59 94
59 98
59 110
60 78
60 99
60 100
60 101
60 107
61 62
61 63
61 68
61 69
61 70
61 76
61 79
61 91
61 93
61 111
61 118
61 119
62 64
62 80
63 67
64 66
64 83
64 106
64 111
64 112
65 74
65 91
66 68
66 77
66 88
66 98
66 100
66 109
66 117
67 78
67 80
67 82
67 87
68 71
68 116
69 72
69 82
69 89
69 97
70 76
70 97
70 115
71 76
71 91
71 104
71 107
72 76
72 95
72 104
72 107
72 108
73 74
73 80
73 87
73 90
73 99
73 113
74 75
74 110
74 116
74 118
75 79
75 87
75 106
75 111
76 80
76 99
76 106
76 110
76 111
76 115
77 104
77 118
79 85
79 91
79 100
80 99
80 101
81 86
81 102
81 103
81 106
81 109
81 112
82 92
82 113
83 99
83 108
84 91
85 118
86 98
86 103
86 109
86 111
87 103
87 113
87 114
88 91
88 94
88 115
89 92
89 100
90 96
90 99
90 101
90 108
91 114
93 96
93 117
94 99
95 103
95 105
95 108
95 110
95 111
95 112
96 117
98 99
98 102
99 106
100 109
100 118
101 105
101 109
101 119
102 110
102 111
102 113
107 108
107 109
108 115
112 114
