0 1
0 2
0 4
0 6
0 8
0 13
0 14
0 15
0 19
0 20
0 25
0 27
0 28
0 31
0 33
0 35
0 36
0 38
0 39
0 41
0 49
0 50
0 53
0 57
1 3
1 8
1 13
1 14
1 16
1 17
1 18
1 19
1 21
1 22
1 23
1 30
1 33
1 34
1 35
1 37
1 39
1 42
1 47
1 49
1 50
1 52
1 53
1 57
1 59
2 3
2 5
2 6
2 13
2 14
2 18
2 20
2 22
2 25
2 28
2 30
2 33
2 34
2 38
2 41
2 42
2 45
2 46
2 47
2 51
2 53
2 114
3 4
3 6
3 7
3 9
3 10
3 18
3 19
3 20
3 25
3 29
3 31
3 32
3 35
3 37
3 38
3 41
3 48
3 52
3 55
3 58
3 59
3 92
3 117
4 5
4 9
4 11
4 13
4 16
4 19
4 21
4 22
4 23
4 29
4 33
4 34
4 35
4 37
4 41
4 42
4 43
4 44
4 45
4 51
4 56
5 9
5 11
5 13
5 14
5 17
5 18
5 23
5 24
5 26
5 27
5 32
5 40
5 41
5 42
5 43
5 46
5 47
5 50
5 51
5 52
5 53
6 8
6 10
6 13
6 15
6 17
6 18
6 22
6 23
6 25
6 26
6 28
6 29
6 32
6 33
6 35
6 37
6 39
6 44
6 46
6 50
6 53
6 55
6 56
6 59
6 60
6 78
7 8
7 14
7 17
7 20
7 22
7 25
7 32
7 35
7 36
7 39
7 41
7 42
7 43
7 44
7 45
7 46
7 47
7 48
7 52
7 53
7 55
7 56
7 57
7 80
8 9
8 10
8 12
8 14
8 15
8 24
8 25
8 31
8 33
8 36
8 37
8 41
8 42
8 43
8 46
8 47
8 51
8 54
8 56
8 58
9 10
9 11
9 13
9 14
9 15
9 16
9 20
9 21
9 23
9 25
9 26
9 33
9 39
9 41
9 43
9 48
9 49
9 56
9 57
9 97
10 13
10 18
10 19
10 25
10 28
10 34
10 41
10 44
10 47
10 48
10 49
10 50
10 53
10 55
10 57
10 59
10 98
11 15
11 17
11 18
11 20
11 21
11 22
11 24
11 32
11 34
11 35
11 40
11 42
11 49
11 53
11 55
11 58
11 64
12 13
12 14
12 16
12 17
12 21
12 22
12 25
12 28
12 29
12 36
12 37
12 38
12 39
12 40
12 43
12 46
12 48
12 51
12 52
12 59
13 14
13 22
13 23
13 27
13 28
13 31
13 32
13 34
13 39
13 45
13 48
13 52
13 55
14 16
14 18
14 24
14 25
14 27
14 28
14 31
14 33
14 35
14 39
14 40
14 48
14 51
14 52
14 53
14 54
14 55
14 56
14 58
14 102
15 18
15 20
15 22
15 25
15 26
15 30
15 31
15 37
15 39
15 42
15 44
15 48
15 53
15 54
15 55
15 84
16 21
16 29
16 30
16 35
16 37
16 39
16 43
16 44
16 55
16 88
17 21
17 26
17 31
17 34
17 39
17 42
17 43
17 46
17 51
17 56
17 57
17 64
18 24
18 27
18 30
18 31
18 36
18 37
18 43
18 44
18 45
18 49
18 54
18 55
18 56
18 58
19 20
19 23
19 24
19 26
19 27
19 29
19 30
19 31
19 32
19 34
19 35
19 36
19 39
19 43
19 48
19 53
19 54
19 57
20 21
20 26
20 27
20 28
20 30
20 32
20 33
20 35
20 36
20 37
20 38
20 39
20 40
20 41
20 45
20 48
20 50
20 52
20 54
20 59
20 79
20 119
21 22
21 23
21 24
21 25
21 27
21 29
21 31
21 33
21 34
21 35
21 40
21 41
21 42
21 46
21 47
21 49
21 50
21 53
21 56
21 105
22 25
22 26
22 28
22 30
22 32
22 36
22 38
22 39
22 43
22 47
22 50
22 51
22 52
22 56
22 58
22 59
23 25
23 26
23 27
23 31
23 32
23 33
23 35
23 36
23 40
23 41
23 42
23 43
23 44
23 46
23 50
23 53
23 56
23 100
24 27
24 29
24 31
24 35
24 36
24 40
24 44
24 57
24 76
25 27
25 29
25 31
25 37
25 39
25 41
25 42
25 46
25 49
25 55
25 59
25 80
25 117
26 30
26 34
26 41
26 42
26 43
26 45
26 51
26 54
26 59
26 70
27 28
27 30
27 31
27 33
27 36
27 37
27 46
27 47
27 48
27 49
27 50
27 54
27 55
27 57
27 58
27 66
27 83
27 106
27 114
28 29
28 30
28 34
28 36
28 39
28 42
28 43
28 45
28 48
28 50
28 51
28 52
28 54
28 55
28 108
29 30
29 32
29 34
29 37
29 38
29 40
29 42
29 46
29 47
29 48
29 49
29 54
29 56
29 57
29 58
30 32
30 34
30 35
30 36
30 37
30 39
30 44
30 49
30 50
30 54
30 56
30 58
31 33
31 34
31 37
31 40
31 42
31 45
31 47
31 53
31 55
31 57
31 59
31 114
31 116
32 33
32 34
32 36
32 40
32 44
32 48
32 49
32 52
32 54
32 56
32 57
33 34
33 35
33 36
33 38
33 41
33 42
33 45
33 48
33 52
33 57
33 58
33 59
33 60
34 37
34 41
34 47
34 48
34 49
34 50
34 56
34 63
34 87
35 41
35 48
35 51
35 53
35 54
35 58
35 59
35 68
35 85
35 93
36 37
36 39
36 41
36 43
36 44
36 45
36 46
36 50
36 52
36 54
36 57
36 58
36 59
37 40
37 42
37 46
37 48
37 51
37 52
37 54
37 55
37 58
37 59
37 79
37 100
37 105
38 41
38 42
38 43
38 50
38 51
38 52
38 53
38 55
38 58
38 115
39 41
39 44
39 45
39 46
39 47
39 54
39 59
39 66
39 114
39 115
40 42
40 49
40 53
40 54
40 59
41 45
41 46
41 47
41 53
41 54
41 56
41 59
41 103
41 116
42 45
42 47
42 49
42 59
42 72
43 44
43 47
43 48
43 49
43 50
43 53
43 59
43 75
44 46
44 47
44 48
44 50
44 52
44 54
44 59
45 47
45 54
45 55
46 47
46 48
46 50
46 51
46 52
46 54
46 57
46 75
47 48
47 51
47 55
47 56
47 57
47 116
48 49
48 50
48 51
48 52
48 53
48 56
48 57
48 58
48 98
49 50
49 51
49 56
49 59
49 66
50 51
50 54
50 55
50 57
50 59
50 87
50 112
51 52
51 55
51 56
51 57
51 84
51 92
52 55
52 56
52 61
52 98
52 99
53 55
53 56
53 58
54 55
54 57
55 58
55 119
56 57
57 58
57 113
58 100
58 105
58 110
59 70
59 75
59 82
60 64
60 68
60 73
60 74
60 78
60 79
60 82
60 93
60 94
60 97
60 104
60 105
60 107
60 110
61 64
61 65
61 68
61 73
61 74
61 80
61 96
61 100
61 106
61 107
61 108
61 110
61 114
61 116
62 63
62 66
62 67
62 68
62 69
62 70
62 71
62 75
62 76
62 78
62 81
62 84
62 88
62 89
62 92
62 95
62 100
62 106
62 110
62 112
62 114
62 119
63 64
63 65
63 67
63 72
63 73
63 75
63 78
63 81
63 84
63 86
63 91
63 92
63 99
63 102
63 104
63 108
63 114
63 117
63 118
64 70
64 72
64 73
64 78
64 79
64 81
64 82
64 86
64 88
64 91
64 99
64 101
64 104
64 113
64 116
65 66
65 75
65 82
65 83
65 85
65 90
65 91
65 95
65 98
65 102
65 105
65 106
65 111
65 112
66 70
66 84
66 85
66 89
66 91
66 96
66 97
66 99
66 101
66 104
66 109
66 117
66 118
67 76
67 77
67 78
67 80
67 83
67 87
67 92
67 94
67 95
67 96
67 97
67 98
67 106
67 108
67 111
67 115
67 119
68 69
68 73
68 76
68 78
68 79
68 80
68 89
68 90
68 93
68 96
68 98
68 104
68 106
68 107
68 115
68 116
68 119
69 74
69 78
69 80
69 83
69 85
69 88
69 93
69 99
69 106
69 109
69 110
69 118
69 119
70 79
70 84
70 88
70 90
70 97
70 98
70 101
70 102
70 104
70 106
70 107
70 108
70 110
70 111
71 72
71 75
71 76
71 77
71 83
71 85
71 91
71 97
71 99
71 106
71 107
71 118
72 76
72 83
72 85
72 89
72 90
72 93
72 94
72 95
72 100
72 103
72 106
72 113
72 115
73 76
73 77
73 79
73 81
73 82
73 83
73 87
73 88
73 89
73 93
73 99
73 104
73 105
73 108
73 113
73 115
73 118
74 77
74 79
74 82
74 84
74 85
74 86
74 89
74 90
74 97
74 99
74 109
74 118
74 119
75 77
75 79
75 86
75 90
75 92
75 95
75 98
75 99
75 102
75 103
75 109
75 115
76 78
76 83
76 87
76 89
76 91
76 94
76 96
76 97
76 99
76 101
76 103
76 104
76 106
76 109
76 112
76 116
76 118
77 81
77 97
77 101
77 105
77 110
77 119
78 79
78 87
78 91
78 93
78 99
78 103
78 105
78 107
78 110
78 111
78 114
78 115
78 119
79 81
79 82
79 84
79 85
79 87
79 90
79 91
79 93
79 96
79 97
79 98
79 99
79 100
79 107
79 109
79 116
79 117
80 83
80 88
80 90
80 92
80 93
80 95
80 96
80 99
80 107
80 115
80 118
81 83
81 86
81 89
81 91
81 92
81 95
81 99
81 100
81 101
81 103
81 107
81 108
81 111
81 115
82 83
82 85
82 86
82 87
82 91
82 98
82 103
82 105
82 112
82 116
82 118
83 86
83 87
83 88
83 94
83 95
83 96
83 99
83 100
83 107
83 109
83 111
83 112
83 113
83 116
84 87
84 90
84 92
84 93
84 96
84 99
84 106
84 111
84 112
84 113
85 91
85 97
85 99
85 100
85 101
85 104
85 107
85 110
85 112
85 115
85 116
85 117
86 87
86 90
86 92
86 94
86 97
86 104
86 108
86 110
86 111
86 114
86 116
86 117
87 91
87 92
87 93
87 96
87 101
87 103
87 104
87 113
88 91
88 94
88 96
88 105
88 106
88 107
88 118
88 119
89 91
89 96
89 98
89 99
89 103
89 104
89 107
89 112
89 113
89 115
89 116
89 118
90 91
90 94
90 97
90 99
90 100
90 102
90 105
90 110
90 114
90 117
90 118
91 103
91 107
91 114
91 119
92 94
92 102
92 103
92 104
92 105
92 109
92 112
92 114
92 115
93 94
93 96
93 97
93 99
93 103
93 105
93 109
93 110
93 114
93 119
94 99
94 100
94 105
94 107
94 109
94 116
95 99
95 100
95 102
95 109
95 110
95 111
95 112
95 113
95 115
96 107
96 109
96 113
96 114
96 115
96 117
97 100
97 108
97 109
97 116
98 101
98 106
98 108
98 113
98 114
99 109
99 113
100 101
100 104
100 105
100 106
100 108
100 110
100 111
100 115
100 119
101 104
101 108
101 117
101 118
102 105
102 108
102 109
102 111
102 114
102 117
103 109
103 110
103 111
103 114
103 115
104 105
104 108
104 110
104 111
104 114
105 106
105 107
105 109
105 114
105 117
105 118
105 119
106 110
106 113
106 117
107 109
107 114
107 115
107 117
108 109
108 110
108 117
108 118
109 117
110 111
110 116
110 118
111 112
111 113
111 118
112 114
112 117
112 118
112 119
114 115
115 117
