0 1
0 119
0 2
0 118
0 3
0 117
0 17
1 3
1 119
1 4
1 118
1 12
2 4
2 5
2 119
2 101
3 4
3 5
3 33
3 50
3 56
4 5
4 6
4 7
4 91
5 6
5 7
5 8
5 32
5 49
5 39
5 71
6 9
6 101
6 99
7 8
7 9
7 30
7 106
8 9
8 10
8 11
8 82
8 26
9 10
9 11
9 12
9 33
10 11
10 13
10 107
10 36
11 12
11 13
11 14
12 14
12 77
12 112
12 37
13 15
13 16
13 70
13 54
13 31
14 15
14 16
14 17
14 114
15 17
15 26
15 115
16 17
16 19
16 34
16 71
17 19
17 20
17 28
17 109
18 20
18 21
18 105
18 65
19 20
19 22
19 59
20 21
20 22
20 23
21 23
21 24
21 47
21 93
22 23
22 25
22 60
23 24
23 112
23 114
24 25
24 27
24 47
25 26
25 27
25 28
26 27
26 29
27 28
27 29
27 52
28 31
28 97
29 30
29 32
29 70
30 31
30 96
31 32
31 34
31 113
32 34
32 35
33 34
33 77
34 35
34 36
34 37
35 36
35 37
35 38
35 85
36 38
36 39
36 45
37 38
37 39
37 40
37 87
38 39
38 40
38 41
38 44
38 84
39 40
39 41
40 41
40 42
40 43
41 42
41 43
41 44
42 44
42 113
42 71
43 44
43 45
43 46
43 115
44 45
44 47
45 46
45 47
45 48
46 47
46 48
46 49
47 49
47 50
47 86
48 50
48 51
48 97
49 51
49 52
49 64
49 115
50 51
50 52
51 52
51 53
51 54
51 106
52 53
52 85
52 83
52 79
53 54
53 55
53 56
54 57
54 85
55 56
55 57
55 58
55 74
56 58
56 103
56 101
57 58
57 60
57 106
58 61
58 114
58 64
58 87
59 60
59 61
59 62
60 61
60 62
60 63
61 62
61 63
61 117
62 63
62 64
62 65
63 64
63 65
63 66
63 67
64 66
64 67
64 84
65 67
65 68
65 114
66 67
66 68
66 69
67 68
67 70
68 70
68 71
68 115
68 88
69 70
69 71
69 72
69 98
70 72
70 73
70 93
71 72
71 105
72 74
72 75
72 84
73 75
73 76
73 89
74 75
74 77
75 76
75 77
75 78
75 103
76 77
76 78
76 79
76 94
77 78
77 79
77 80
78 79
78 80
78 81
79 80
79 81
79 82
80 81
80 83
80 93
81 82
81 83
81 84
82 84
82 85
82 113
83 84
83 96
83 114
84 85
85 86
85 87
86 87
86 88
86 89
87 90
88 89
88 90
89 90
89 91
89 92
90 91
90 93
90 101
91 92
91 94
92 93
92 94
92 95
93 94
93 96
93 99
94 95
94 96
95 96
95 97
95 98
96 98
96 99
97 98
97 99
97 100
98 99
98 100
98 109
99 101
99 102
100 101
100 102
100 103
101 102
101 103
102 103
102 104
102 105
103 104
103 106
104 105
104 106
104 107
105 106
105 108
106 108
106 109
107 109
107 110
108 109
108 110
108 111
109 110
110 111
110 112
110 113
111 112
111 113
111 114
111 116
112 113
112 115
113 115
114 115
115 117
116 117
116 119
117 118
117 119
118 119
