0 3
0 5
0 7
0 12
0 13
0 15
0 21
0 23
0 25
0 26
0 29
0 37
0 38
0 40
0 43
0 44
0 45
0 50
0 51
0 53
0 55
0 57
0 59
0 60
0 87
1 2
1 4
1 5
1 7
1 8
1 9
1 11
1 13
1 18
1 19
1 22
1 23
1 30
1 31
1 33
1 34
1 35
1 36
1 37
1 43
1 46
1 47
1 49
1 51
1 52
1 56
1 57
1 98
2 4
2 5
2 12
2 20
2 21
2 25
2 29
2 32
2 33
2 34
2 36
2 39
2 40
2 41
2 42
2 43
2 46
2 48
2 50
2 59
2 67
2 119
3 4
3 5
3 9
3 10
3 14
3 15
3 17
3 19
3 21
3 23
3 24
3 32
3 33
3 34
3 36
3 41
3 42
3 43
3 44
3 51
3 58
4 7
4 10
4 12
4 16
4 19
4 20
4 21
4 24
4 25
4 29
4 34
4 36
4 37
4 38
4 44
4 45
4 46
4 47
4 48
4 50
4 53
4 54
5 7
5 9
5 10
5 17
5 18
5 20
5 24
5 25
5 26
5 40
5 44
5 45
5 52
5 58
5 112
6 13
6 15
6 18
6 20
6 22
6 23
6 26
6 29
6 30
6 31
6 33
6 34
6 35
6 36
6 37
6 39
6 43
6 46
6 50
6 51
6 52
7 8
7 11
7 12
7 13
7 14
7 17
7 19
7 20
7 21
7 22
7 24
7 27
7 35
7 36
7 38
7 39
7 40
7 41
7 50
7 51
7 52
7 54
7 55
7 56
7 57
7 58
7 103
8 13
8 14
8 15
8 17
8 22
8 25
8 26
8 29
8 30
8 39
8 41
8 43
8 44
8 48
8 53
8 59
8 63
8 104
9 14
9 16
9 17
9 18
9 20
9 21
9 24
9 25
9 31
9 34
9 40
9 41
9 48
9 49
9 56
9 57
9 59
10 12
10 15
10 16
10 21
10 23
10 26
10 27
10 32
10 38
10 43
10 49
10 50
10 54
10 56
10 58
10 59
10 73
10 95
11 12
11 14
11 18
11 24
11 27
11 30
11 32
11 34
11 36
11 37
11 38
11 41
11 42
11 43
11 46
11 48
11 51
11 55
11 56
11 57
11 59
11 78
12 14
12 16
12 17
12 19
12 23
12 24
12 27
12 29
12 30
12 37
12 38
12 39
12 41
12 45
12 47
12 48
12 49
12 50
12 51
12 55
12 58
12 77
13 14
13 15
13 16
13 20
13 22
13 23
13 26
13 27
13 28
13 30
13 31
13 35
13 36
13 37
13 39
13 42
13 44
13 49
13 50
13 52
13 53
13 56
13 59
13 62
13 67
13 115
14 15
14 16
14 17
14 18
14 19
14 20
14 22
14 23
14 25
14 26
14 29
14 32
14 33
14 40
14 41
14 43
14 48
14 51
14 53
14 55
14 57
14 58
14 59
14 90
15 18
15 19
15 20
15 26
15 28
15 30
15 35
15 36
15 37
15 38
15 43
15 44
15 45
15 46
15 48
15 51
15 52
15 53
15 54
15 59
15 77
16 19
16 21
16 22
16 31
16 32
16 34
16 38
16 52
16 55
16 58
16 59
16 107
17 19
17 21
17 23
17 26
17 34
17 38
17 42
17 48
17 50
17 54
17 55
17 56
17 58
17 108
17 112
18 20
18 23
18 24
18 25
18 27
18 28
18 31
18 33
18 34
18 35
18 37
18 38
18 39
18 50
18 51
18 53
18 54
18 59
19 21
19 22
19 24
19 25
19 27
19 28
19 34
19 37
19 38
19 40
19 44
19 45
19 46
19 50
19 52
19 54
19 56
19 59
19 66
20 26
20 29
20 34
20 37
20 39
20 43
20 45
20 48
20 52
20 54
20 55
20 56
20 58
20 59
20 63
20 79
20 103
21 22
21 24
21 25
21 26
21 27
21 28
21 29
21 31
21 32
21 34
21 35
21 36
21 38
21 40
21 43
21 45
21 46
21 47
21 49
21 51
21 53
21 54
21 55
21 57
21 59
21 67
22 23
22 24
22 25
22 27
22 28
22 29
22 40
22 41
22 42
22 43
22 44
22 45
22 46
22 53
22 56
22 64
22 95
23 24
23 27
23 28
23 33
23 35
23 38
23 40
23 54
23 58
23 59
23 96
23 107
24 25
24 29
24 30
24 34
24 39
24 45
24 46
24 47
24 48
24 55
24 57
24 58
24 109
25 26
25 27
25 28
25 30
25 34
25 37
25 38
25 39
25 41
25 45
25 47
25 55
25 57
25 59
25 97
26 29
26 33
26 39
26 42
26 45
26 47
26 48
26 51
26 52
26 54
26 55
26 57
27 33
27 35
27 36
27 37
27 38
27 40
27 48
27 49
27 51
27 52
27 54
27 55
27 56
27 57
27 58
27 106
28 32
28 34
28 35
28 38
28 40
28 43
28 47
28 49
28 50
28 54
28 55
28 57
28 65
28 117
29 31
29 32
29 33
29 37
29 39
29 41
29 43
29 44
29 45
29 46
29 49
29 50
29 55
29 56
29 57
29 58
29 97
30 31
30 32
30 33
30 37
30 39
30 40
30 42
30 45
30 50
30 55
30 56
30 58
30 59
30 77
31 40
31 42
31 43
31 56
31 57
31 59
32 33
32 35
32 36
32 38
32 41
32 42
32 43
32 44
32 54
32 55
32 59
32 107
32 111
33 40
33 44
33 45
33 47
33 48
33 49
33 50
33 54
33 56
33 94
34 36
34 39
34 41
34 42
34 45
34 47
34 50
34 52
34 53
34 54
34 55
34 57
34 58
35 37
35 40
35 41
35 43
35 44
35 45
35 48
35 50
35 53
35 54
35 55
35 58
36 37
36 39
36 40
36 41
36 44
36 49
36 50
36 51
36 53
36 55
36 56
36 64
37 43
37 45
37 46
37 51
37 55
37 56
38 44
38 45
38 49
38 53
38 56
38 58
38 59
38 83
38 114
39 47
39 48
39 51
39 52
39 54
39 55
39 56
39 57
39 58
39 87
40 42
40 43
40 44
40 46
40 47
40 54
40 55
40 56
40 57
41 43
41 44
41 45
41 46
41 47
41 49
41 50
41 51
41 53
41 56
41 58
41 59
42 43
42 46
42 47
42 49
42 50
42 55
42 57
42 61
42 75
43 45
43 49
43 51
43 53
43 55
43 95
44 46
44 47
44 48
44 55
44 59
45 52
45 53
45 54
45 59
45 69
45 116
46 47
46 49
46 51
46 53
46 56
46 58
46 96
47 48
47 49
47 53
47 55
47 59
47 62
47 72
48 50
48 51
48 52
48 55
49 51
49 53
49 56
49 58
49 60
49 62
50 52
50 111
51 53
51 54
51 57
51 58
51 79
51 94
52 54
52 69
52 80
52 89
53 57
53 58
53 59
54 57
54 58
55 108
56 58
56 71
56 110
57 75
58 87
59 77
59 116
60 63
60 66
60 68
60 69
60 74
60 75
60 86
60 88
60 89
60 104
60 106
60 109
60 110
60 111
60 112
60 114
60 117
61 66
61 69
61 79
61 83
61 85
61 88
61 90
61 93
61 96
61 97
61 105
61 108
61 110
61 113
61 114
61 115
61 116
61 117
62 64
62 71
62 76
62 77
62 78
62 86
62 89
62 95
62 107
62 113
63 64
63 65
63 66
63 67
63 68
63 75
63 76
63 77
63 80
63 85
63 87
63 88
63 94
63 97
63 98
63 101
63 102
63 103
63 105
63 109
63 110
63 114
63 116
64 66
64 67
64 70
64 71
64 83
64 86
64 90
64 92
64 96
64 99
64 103
64 104
64 106
64 112
64 113
64 118
65 66
65 71
65 76
65 78
65 80
65 85
65 96
65 100
65 109
65 110
65 111
65 116
66 70
66 87
66 88
66 90
66 92
66 95
66 101
66 102
66 107
66 109
66 113
66 114
66 118
67 73
67 79
67 81
67 83
67 86
67 88
67 89
67 92
67 94
67 95
67 104
67 112
67 119
68 74
68 76
68 85
68 88
68 92
68 94
68 97
68 98
68 100
68 102
68 103
68 104
68 106
68 114
68 115
68 119
69 70
69 71
69 72
69 74
69 75
69 77
69 89
69 91
69 97
69 103
69 104
69 109
69 111
69 112
69 115
69 118
70 72
70 79
70 85
70 92
70 93
70 94
70 102
70 106
70 107
70 108
70 111
70 116
70 119
71 76
71 77
71 78
71 82
71 90
71 91
71 99
71 101
71 105
71 106
71 112
71 115
71 116
71 117
71 119
72 75
72 81
72 87
72 88
72 95
72 98
72 101
72 102
72 108
72 110
72 114
73 76
73 78
73 79
73 83
73 85
73 90
73 93
73 94
73 96
73 97
73 100
73 101
73 107
73 110
73 114
73 117
74 78
74 81
74 86
74 87
74 88
74 90
74 91
74 99
74 101
74 102
74 104
74 106
74 111
74 113
74 115
74 117
74 119
75 79
75 81
75 82
75 84
75 86
75 90
75 91
75 103
75 105
75 111
75 114
76 77
76 78
76 82
76 84
76 96
76 97
76 104
76 110
76 113
76 115
77 83
77 84
77 85
77 92
77 99
77 100
77 103
77 104
77 105
77 107
77 111
77 112
77 113
77 115
77 116
78 91
78 92
78 93
78 95
78 99
78 110
78 115
79 80
79 83
79 85
79 88
79 90
79 93
79 96
79 98
79 99
79 105
79 107
79 108
79 111
79 112
79 118
79 119
80 82
80 84
80 87
80 94
80 97
80 104
80 109
80 110
80 111
80 112
80 113
80 116
81 91
81 92
81 93
81 96
81 100
81 102
81 103
81 104
81 105
81 106
81 112
81 115
81 119
82 84
82 90
82 98
82 106
82 107
82 111
83 86
83 94
83 97
83 98
83 99
83 101
83 104
83 105
83 106
83 107
83 108
83 112
83 115
83 116
83 118
84 85
84 94
84 96
84 101
84 106
84 107
84 108
84 114
85 87
85 88
85 91
85 93
85 95
85 97
85 98
85 102
85 105
85 108
85 109
85 110
85 114
85 115
85 117
85 118
85 119
86 88
86 93
86 96
86 97
86 98
86 104
86 105
86 106
86 107
86 108
86 112
86 114
86 115
86 118
86 119
87 88
87 89
87 90
87 93
87 97
87 103
87 105
87 106
87 108
87 115
87 117
88 90
88 98
88 100
88 102
88 105
88 108
88 109
88 112
88 117
88 118
89 93
89 97
89 99
89 102
89 108
89 110
90 97
90 98
90 106
90 108
90 111
91 100
91 101
91 105
91 108
91 110
91 115
91 117
92 101
92 102
92 104
92 108
92 112
92 115
93 94
93 104
93 107
93 118
94 107
94 112
94 118
95 96
95 99
95 103
95 104
95 106
95 108
95 110
96 97
96 99
96 100
96 103
96 104
96 106
96 118
97 98
97 100
97 106
97 112
97 118
98 99
98 100
98 101
98 103
98 104
98 105
98 107
98 108
98 110
98 112
98 114
98 116
98 117
98 118
99 100
99 101
99 102
99 106
99 107
99 110
99 112
99 117
100 104
100 107
100 108
100 109
100 115
100 116
100 118
101 104
101 106
101 107
101 109
101 110
101 115
101 117
101 118
102 104
102 106
102 108
102 109
102 110
102 113
102 116
103 104
103 106
103 114
103 115
103 116
104 105
104 107
104 108
104 111
104 113
104 118
104 119
105 106
105 109
105 110
105 113
105 115
105 116
106 107
106 108
106 109
106 111
106 117
107 111
107 112
107 113
107 114
108 111
108 113
108 118
109 111
109 116
109 117
110 111
110 113
110 114
110 116
111 113
111 114
111 117
112 113
112 115
112 116
112 119
113 119
114 116
115 116
117 119
118 119
