0 1
0 2
0 3
0 4
0 5
0 6
0 7
0 8
0 13
0 16
0 17
0 18
0 21
0 22
0 23
0 31
0 33
0 37
0 40
0 43
0 52
0 56
0 66
0 72
0 75
0 86
0 94
0 99
0 112
0 114
0 119
1 20
1 42
1 70
2 3
2 11
2 18
2 25
3 4
3 5
3 6
3 7
3 8
3 23
3 25
3 32
3 34
3 41
3 51
3 71
3 73
3 83
3 107
3 117
4 9
4 11
4 36
4 37
4 63
4 92
4 118
5 10
5 12
5 13
5 21
5 26
5 70
5 97
5 112
6 9
6 67
7 12
7 28
7 31
7 34
8 10
8 14
8 15
8 20
8 41
8 56
9 22
9 44
9 69
10 14
10 16
10 19
10 50
10 72
10 97
11 67
11 78
11 102
12 24
12 27
12 30
12 46
12 48
12 61
12 62
12 74
12 96
12 102
13 19
13 26
13 43
13 47
13 54
13 91
13 117
14 15
14 35
14 36
14 87
14 95
15 17
15 30
15 62
16 29
16 52
16 83
17 91
17 103
17 106
18 111
19 79
19 105
20 24
20 35
20 50
20 55
20 58
20 71
20 93
20 98
21 38
21 58
21 76
22 27
22 39
22 55
22 57
23 29
23 47
23 60
23 88
24 33
24 42
24 65
24 81
24 106
25 44
25 49
25 57
25 77
25 84
26 28
26 46
26 61
27 32
27 40
27 45
27 90
27 99
27 104
27 105
29 45
29 53
30 59
30 63
30 103
30 104
30 115
33 48
33 49
33 82
33 107
33 109
34 38
35 87
36 39
36 54
36 98
37 82
38 89
38 94
40 53
40 59
40 88
41 113
42 95
42 119
47 60
47 65
48 51
48 64
48 68
48 73
48 74
48 80
49 77
51 85
52 81
52 113
53 68
53 85
54 116
57 64
57 66
58 78
58 93
58 100
59 76
59 92
61 109
64 90
65 84
67 69
67 115
69 80
69 89
69 111
72 108
72 110
73 86
74 75
74 79
74 108
75 118
83 101
91 101
92 96
92 100
92 116
93 114
104 110
