0 20
0 27
0 36
0 39
0 40
0 43
0 51
0 52
0 60
0 68
0 82
0 83
0 91
0 94
1 19
1 25
1 35
1 59
1 78
1 95
2 9
2 13
2 15
2 92
2 115
3 5
3 10
3 18
3 22
3 25
3 26
3 33
3 42
3 63
3 75
3 82
3 92
4 6
4 10
4 32
4 46
4 51
4 66
4 80
4 104
4 107
4 108
4 116
5 7
5 16
5 39
5 40
5 44
5 48
5 56
5 85
5 90
5 112
6 7
6 8
6 14
6 51
6 66
6 83
6 106
7 9
7 21
7 38
7 62
7 87
7 97
7 102
7 116
8 17
8 41
8 51
8 56
8 71
8 79
8 84
8 112
9 10
9 13
9 14
9 15
9 18
9 20
9 35
9 45
9 67
9 71
9 75
9 76
9 93
9 114
9 117
10 11
10 79
10 83
10 89
10 101
10 110
11 28
11 62
11 79
11 97
12 13
12 50
12 65
12 78
12 88
12 93
12 95
12 99
12 106
13 22
13 33
13 49
13 59
13 73
13 76
13 80
13 103
13 107
13 109
14 21
14 44
14 47
14 48
14 68
14 89
14 100
14 118
15 23
15 35
15 55
15 56
15 72
15 74
15 78
15 90
15 99
15 110
15 119
16 32
16 35
16 52
16 78
16 82
16 85
16 91
16 97
16 103
16 104
17 35
17 41
17 44
17 47
17 48
17 52
17 53
17 62
17 72
17 73
17 79
17 80
17 84
17 90
18 47
18 58
18 73
18 77
18 84
18 98
18 102
18 110
18 113
19 32
19 61
19 62
19 64
19 92
19 94
19 100
19 105
19 112
20 34
20 60
20 61
20 76
20 82
20 86
20 91
20 106
20 109
21 60
21 67
21 77
21 80
21 93
21 103
21 117
22 27
22 28
22 43
22 44
22 62
22 72
22 73
22 106
22 114
22 115
23 72
23 89
23 96
24 30
24 31
24 55
24 57
24 58
24 64
24 91
24 97
24 100
24 106
24 113
25 31
25 42
25 47
25 64
25 74
25 89
25 105
25 108
25 109
25 115
26 42
26 66
26 85
26 106
26 111
27 48
27 55
27 65
27 72
27 80
27 86
27 88
28 77
28 86
28 89
28 95
28 103
29 34
29 46
29 56
29 57
29 59
29 92
29 95
29 104
30 37
30 39
30 76
30 80
31 33
31 58
31 73
31 74
31 95
31 110
32 37
32 42
32 54
32 63
32 88
32 96
32 98
32 112
32 115
33 68
33 89
33 90
33 93
33 95
33 97
33 107
34 39
34 64
34 65
34 71
34 84
34 87
34 91
34 101
34 104
34 118
35 47
35 53
35 58
35 68
35 73
35 118
36 38
36 56
36 81
36 85
36 100
36 107
36 117
37 40
37 52
37 53
37 57
37 62
37 67
37 85
37 86
37 104
37 112
37 118
38 44
38 46
38 53
38 62
38 70
38 84
38 88
38 99
38 100
38 111
39 49
39 63
39 68
39 75
39 79
39 81
39 82
39 92
39 100
39 104
39 109
40 42
40 64
40 88
40 99
40 107
41 43
41 45
41 67
41 100
41 101
41 108
41 113
42 55
42 70
42 86
42 87
42 108
42 109
43 55
43 58
43 75
43 88
43 90
43 92
43 104
43 112
43 119
44 49
44 70
44 88
44 98
45 52
45 72
45 78
45 105
45 119
46 65
46 70
46 80
46 84
46 90
46 104
46 111
47 85
47 101
47 106
47 116
47 119
48 51
48 82
48 85
48 100
48 116
49 50
49 51
49 52
49 55
49 64
49 69
49 73
49 86
49 100
50 52
50 53
50 66
50 74
50 82
50 98
51 60
51 67
51 110
52 57
52 75
52 106
52 116
53 57
53 72
53 102
53 115
54 71
54 101
54 117
55 62
55 69
55 91
55 96
55 101
55 117
56 58
56 59
56 71
56 75
56 88
56 112
57 87
57 88
57 98
57 110
57 119
58 61
58 63
58 65
58 69
58 72
58 89
58 97
58 98
59 84
59 112
60 64
60 68
60 95
60 98
60 115
60 118
61 62
61 68
61 113
61 119
62 74
62 90
62 118
63 72
63 84
63 89
63 90
63 97
63 118
64 66
64 72
64 79
64 88
64 90
64 98
65 94
65 111
66 86
66 102
67 70
67 78
67 108
67 110
68 78
68 81
68 83
69 80
69 108
70 75
70 85
70 89
70 100
70 104
70 107
71 80
71 84
71 86
71 89
71 92
71 97
72 75
72 87
72 98
72 103
73 86
73 91
74 75
74 90
74 97
74 99
74 102
74 111
74 114
74 116
74 118
75 78
75 79
75 94
75 106
75 108
75 110
76 79
76 85
76 91
76 104
76 110
77 97
78 90
78 108
78 114
78 119
79 81
79 102
80 87
80 92
80 106
80 110
80 118
81 94
81 99
81 102
81 110
81 118
81 119
83 85
83 96
83 104
85 102
85 107
86 96
87 91
87 96
87 98
87 103
87 116
88 95
88 112
89 90
90 97
90 99
91 100
91 103
92 98
92 114
92 118
93 101
93 102
93 106
93 108
94 104
94 110
95 97
95 100
95 104
95 111
95 113
95 115
97 99
97 108
97 116
97 118
98 111
99 111
99 115
100 116
101 117
102 105
103 116
103 118
104 114
104 115
104 118
106 114
107 108
110 112
111 119
116 117
116 118
