0 94
0 95
0 104
0 107
0 111
0 118
1 64
1 75
1 77
1 79
1 107
1 109
1 112
1 114
2 65
2 67
2 69
2 71
2 75
2 80
2 87
2 91
2 95
2 103
2 114
3 61
3 63
3 64
3 73
3 75
3 81
3 82
3 93
3 94
3 95
3 100
3 109
4 78
4 85
4 93
4 100
4 103
4 111
4 114
5 61
5 65
5 70
5 72
5 75
5 76
5 77
5 79
5 81
5 82
5 89
5 94
5 105
6 63
6 69
6 74
6 80
6 83
6 92
6 93
6 110
7 63
7 69
7 81
7 84
7 90
7 91
7 92
7 96
7 112
8 66
8 77
8 83
8 84
8 86
8 96
8 97
8 105
8 108
8 110
8 112
9 60
9 61
9 80
9 84
9 96
9 106
9 110
9 113
10 60
10 63
10 66
10 70
10 82
10 83
10 104
10 106
10 112
11 63
11 72
11 78
11 83
12 61
12 74
12 90
12 93
12 96
12 102
12 106
12 110
12 116
12 118
13 60
13 68
13 71
13 72
13 74
13 78
13 91
13 95
13 98
13 100
13 101
13 105
13 106
13 112
14 68
14 70
14 85
14 86
14 99
14 102
14 104
14 112
15 63
15 73
15 76
15 79
15 83
15 88
15 91
15 92
16 69
16 90
16 94
16 100
16 110
17 65
17 67
17 76
17 84
17 91
17 114
18 75
18 82
18 83
18 84
18 89
18 103
18 106
18 113
19 76
19 78
19 90
19 93
19 97
19 103
19 105
19 107
19 108
20 61
20 65
20 72
20 84
20 86
20 91
20 99
20 107
20 109
20 110
20 111
20 113
20 119
21 60
21 64
21 70
21 79
21 92
21 94
21 95
21 97
21 104
21 115
22 60
22 88
22 94
22 97
22 98
22 105
22 106
22 110
22 113
23 72
23 73
23 93
23 94
23 100
23 101
23 102
23 105
24 61
24 65
24 66
24 82
24 86
24 87
24 90
24 95
24 99
24 112
24 119
25 72
25 73
25 91
25 93
25 116
26 70
26 75
26 76
26 87
26 95
26 99
26 101
26 104
26 112
26 118
27 66
27 71
27 85
27 86
27 92
27 93
28 70
28 74
28 84
28 91
28 92
28 117
29 66
29 67
29 71
29 75
29 81
29 83
29 87
29 90
29 91
29 99
29 102
29 119
30 62
30 87
30 90
30 95
30 100
30 105
31 60
31 67
31 70
31 73
31 96
31 97
31 106
31 119
32 62
32 65
32 71
32 87
32 107
32 117
33 62
33 64
33 71
33 78
33 79
33 81
33 96
33 98
33 110
33 115
33 116
33 118
33 119
34 75
34 77
34 81
34 87
34 92
34 96
34 97
35 63
35 68
35 82
35 89
35 96
35 105
35 113
36 70
36 77
36 78
36 88
36 90
36 92
36 100
36 104
36 106
36 112
36 113
37 62
37 69
37 73
37 74
37 82
37 84
37 87
37 91
37 99
37 113
37 119
38 63
38 66
38 75
38 77
38 81
38 86
38 90
38 94
38 100
38 107
38 113
39 83
39 84
39 88
39 93
39 98
39 100
39 109
39 115
39 119
40 79
40 81
40 91
40 99
40 105
40 106
40 117
41 63
41 70
41 73
41 77
41 91
41 93
41 105
41 118
42 61
42 70
42 72
42 99
42 101
42 107
42 116
43 62
43 66
43 68
43 77
43 79
43 91
43 95
43 102
43 110
44 65
44 66
44 71
44 75
44 92
44 93
44 96
44 100
44 104
44 113
44 119
45 65
45 67
45 72
45 75
45 76
45 77
45 91
45 93
45 101
45 102
45 107
45 110
45 116
45 118
46 75
46 76
46 86
46 94
46 97
46 100
46 107
46 111
46 116
46 117
47 61
47 64
47 70
47 82
47 83
47 90
47 94
47 99
47 102
47 103
47 104
47 112
48 68
48 70
48 77
48 108
48 114
48 117
48 119
49 72
49 76
49 77
49 88
49 91
49 100
49 108
49 116
50 62
50 73
50 79
50 93
50 97
50 101
50 110
51 60
51 63
51 64
51 67
51 73
51 78
51 91
51 92
51 94
51 106
51 110
51 118
52 71
52 75
52 83
52 84
52 113
52 116
53 63
53 82
53 86
53 90
53 99
53 107
53 111
54 61
54 64
54 65
54 77
54 78
54 80
54 87
54 95
54 115
54 119
55 97
55 102
55 103
55 109
55 111
55 119
56 105
56 115
57 62
57 66
57 67
57 72
57 76
57 79
57 87
57 88
57 90
57 95
57 102
57 110
57 116
58 70
58 77
58 82
58 96
58 98
58 109
59 60
59 72
59 87
59 109
