0 5
0 26
0 35
0 55
0 97
0 104
0 113
0 116
0 118
1 3
1 20
1 28
1 32
1 34
1 42
1 43
1 52
1 79
1 84
1 98
1 99
1 105
2 6
2 7
2 15
2 64
2 87
2 93
2 94
2 114
3 8
3 15
3 21
3 43
3 50
3 55
3 62
3 88
3 97
3 98
3 104
3 108
3 117
3 118
4 33
4 51
4 93
4 105
4 107
5 9
5 13
5 17
5 28
5 50
5 100
5 109
5 110
5 116
6 35
6 55
6 62
6 69
6 71
6 92
6 105
6 110
7 17
7 21
7 28
7 61
7 67
7 72
7 78
7 109
7 114
8 12
8 46
8 54
8 65
8 66
8 84
8 100
8 104
8 112
9 13
9 31
9 51
9 52
9 53
9 61
9 63
9 70
9 95
9 103
10 23
10 57
10 100
10 107
10 111
10 114
11 12
11 30
11 48
11 90
11 93
11 110
11 117
12 42
12 53
12 55
12 63
12 71
12 76
12 81
12 105
12 117
13 31
13 38
13 63
13 67
13 73
13 77
13 98
13 115
13 118
14 18
14 23
14 30
14 38
14 54
14 56
14 59
14 70
14 79
15 47
15 48
15 81
15 84
15 100
16 36
16 39
16 61
16 76
16 79
16 106
17 31
17 36
17 39
17 81
17 118
18 39
18 68
18 75
18 116
19 48
19 53
19 68
19 69
19 79
19 83
19 90
19 94
19 114
20 39
20 57
20 61
20 63
20 68
20 71
20 85
20 118
21 29
21 43
21 44
21 53
21 109
22 26
22 83
22 85
22 109
22 116
22 117
23 55
23 83
23 86
23 90
23 92
23 112
23 116
24 34
24 46
24 52
24 53
24 71
24 86
25 49
25 52
25 55
25 61
26 40
26 43
26 52
26 86
26 90
26 92
27 35
27 40
27 45
27 49
27 66
27 75
27 87
27 92
27 103
27 111
27 112
27 117
28 33
28 42
28 46
28 64
28 69
28 73
28 95
28 117
28 118
29 42
29 51
29 63
29 67
29 71
29 102
30 33
30 37
30 49
30 59
30 80
30 88
30 104
31 63
31 70
31 79
31 87
31 88
31 96
31 104
31 114
32 55
32 57
32 62
32 78
32 83
32 94
32 119
33 36
33 37
33 41
33 58
33 59
33 79
33 95
33 101
33 118
34 39
34 52
34 59
34 70
34 78
34 100
35 60
35 64
35 65
35 69
35 82
35 87
35 88
35 96
36 51
36 54
36 57
36 62
36 73
36 84
36 88
36 89
36 95
36 104
36 106
36 112
37 40
37 50
37 94
37 119
38 44
38 97
38 115
39 50
39 53
39 58
39 60
39 67
39 68
39 73
39 82
39 98
39 106
39 119
40 63
40 67
40 97
41 72
41 81
41 85
41 110
41 116
42 49
42 59
42 67
42 73
42 80
42 81
42 95
42 100
42 106
42 108
42 114
43 53
43 63
43 113
43 114
44 50
44 52
44 58
44 88
44 115
44 116
45 67
45 76
45 82
45 93
45 97
45 105
46 72
46 77
46 81
46 86
46 101
46 112
46 114
46 115
47 79
47 103
47 115
48 75
48 77
48 86
48 90
48 98
48 100
48 107
48 115
49 50
49 51
49 86
49 92
49 99
49 109
49 113
50 60
50 66
50 75
50 83
50 87
50 106
50 108
50 117
51 54
51 112
52 58
52 60
53 57
53 80
53 93
53 111
54 63
54 105
55 56
55 65
55 75
55 79
55 83
55 98
55 102
56 65
56 89
56 92
56 101
57 66
57 82
57 100
57 119
58 62
58 63
58 93
58 98
58 114
59 69
59 72
59 87
59 119
60 78
60 87
60 92
60 94
61 68
61 86
61 95
61 96
61 115
62 76
62 107
62 111
62 115
63 73
63 77
63 86
63 87
64 78
64 91
64 96
65 89
65 111
65 113
66 78
66 90
66 92
67 69
67 85
67 88
67 89
67 106
67 115
67 116
68 84
68 99
68 103
69 103
70 72
70 97
70 98
70 102
70 118
71 75
71 94
71 96
71 97
71 103
71 105
71 116
71 119
72 73
72 75
72 80
72 82
72 93
72 109
72 119
73 94
73 113
73 118
74 100
74 106
74 116
75 96
75 99
75 114
76 92
77 82
77 91
77 101
77 115
78 94
78 115
79 93
79 108
79 112
80 106
80 119
81 85
81 88
81 93
81 94
81 105
82 83
82 86
82 105
83 116
84 92
85 91
85 103
85 116
86 98
86 115
87 91
87 99
87 103
87 116
88 92
88 119
89 117
89 119
91 106
91 118
93 109
94 103
94 105
94 112
95 100
95 108
96 100
96 105
96 111
96 112
97 113
98 100
98 117
98 118
99 112
99 119
100 108
101 103
101 119
102 107
102 116
105 109
105 113
106 116
108 111
108 117
109 111
109 112
110 118
111 117
116 118
117 118
