0 60
0 70
0 87
0 91
0 92
0 103
0 110
0 113
1 61
1 63
1 66
1 68
1 69
1 70
1 71
1 72
1 79
1 81
1 101
1 106
1 110
1 114
2 64
2 68
2 78
2 91
2 102
2 105
2 114
2 117
3 69
3 70
3 79
3 105
3 116
4 60
4 69
4 84
4 101
4 114
5 71
5 72
5 76
5 82
5 85
5 100
5 105
5 107
5 118
6 64
6 66
6 76
6 78
6 80
6 97
6 115
7 73
7 80
7 81
7 82
7 96
7 106
7 110
7 113
8 62
8 69
8 70
8 72
8 90
8 107
8 117
9 62
9 64
9 68
9 75
9 82
9 88
9 92
9 102
9 105
10 67
10 68
10 71
10 74
10 75
10 76
10 79
10 94
10 102
10 118
11 60
11 64
11 66
11 71
11 76
11 83
11 96
11 110
11 111
11 113
11 119
12 67
12 77
12 80
12 85
12 86
12 90
12 91
12 96
12 99
12 101
12 104
12 109
13 62
13 72
13 87
13 88
13 90
13 93
13 99
13 107
13 117
14 63
14 65
14 75
14 82
14 86
14 96
14 97
14 101
15 64
15 67
15 71
15 94
15 108
15 118
16 63
16 68
16 77
16 78
16 83
16 89
16 98
16 99
16 110
17 61
17 72
17 74
17 86
17 88
17 92
17 99
17 103
17 118
18 79
18 81
18 87
18 94
18 95
18 107
18 108
18 111
19 64
19 66
19 68
19 70
19 74
19 77
19 86
19 96
19 99
19 102
19 106
19 108
19 114
19 118
20 64
20 67
20 69
20 72
20 73
20 77
20 83
20 85
20 88
20 110
20 111
20 114
20 115
21 60
21 66
21 89
21 94
21 100
21 113
21 115
21 117
22 62
22 66
22 68
22 72
22 73
22 81
22 85
22 90
22 93
22 97
22 98
22 103
22 110
22 114
22 118
23 61
23 78
23 84
23 92
23 93
23 95
23 103
23 107
24 60
24 65
24 66
24 78
24 87
24 92
24 94
24 95
24 97
24 107
25 62
25 66
25 77
25 81
25 84
25 85
25 88
25 103
25 107
25 108
26 65
26 67
26 69
26 82
26 84
26 86
26 89
26 95
26 103
26 108
26 115
27 70
27 80
27 85
27 103
27 104
27 113
28 66
28 78
28 85
28 86
28 91
28 102
28 113
29 64
29 67
29 70
29 71
29 73
29 76
29 81
29 83
29 91
29 93
29 112
30 68
30 70
30 76
30 77
30 78
30 84
30 85
30 88
30 89
30 90
30 93
30 101
30 102
30 105
30 115
31 67
31 75
31 89
32 62
32 68
32 72
32 79
32 85
32 86
32 96
32 112
32 114
32 119
33 64
33 68
33 73
33 77
33 95
33 99
33 101
33 104
33 105
33 106
33 109
33 110
33 114
34 70
34 75
34 81
34 84
34 85
34 100
34 102
34 108
34 116
35 62
35 64
35 71
35 78
35 81
35 83
35 88
35 95
35 98
35 104
35 109
35 113
35 115
36 63
36 64
36 81
36 85
36 90
36 95
36 102
36 106
36 108
36 111
37 69
37 87
37 95
37 100
37 103
37 112
37 113
37 118
37 119
38 83
38 85
38 104
38 108
38 115
39 65
39 66
39 68
39 84
39 86
39 87
39 89
39 94
39 105
39 111
39 115
39 117
39 118
40 69
40 70
40 91
40 97
40 102
40 110
40 117
40 118
41 62
41 71
41 93
41 96
41 99
41 101
41 107
41 109
41 112
41 113
42 61
42 77
42 80
42 83
42 92
42 96
42 97
42 98
42 102
42 114
42 117
43 62
43 66
43 74
43 83
43 86
43 90
43 95
43 98
43 114
43 118
44 66
44 69
44 84
44 91
44 95
44 98
44 101
44 107
44 108
44 113
45 60
45 62
45 70
45 75
45 78
45 81
45 88
45 97
45 101
45 102
45 110
45 113
45 118
46 60
46 61
46 62
46 71
46 75
46 77
46 86
46 100
46 101
46 103
47 62
47 63
47 68
47 71
47 99
47 108
47 110
47 118
48 68
48 81
48 88
48 106
48 107
48 113
48 117
49 72
49 74
49 76
49 79
49 101
49 103
49 104
49 109
49 111
49 115
50 68
50 70
50 80
50 90
50 100
50 109
50 116
51 63
51 64
51 69
51 70
51 75
51 80
51 81
51 82
51 88
51 100
51 111
51 113
52 61
52 64
52 74
52 83
52 84
52 85
52 95
52 96
52 101
52 105
52 106
52 107
52 109
52 114
52 117
52 118
53 60
53 63
53 67
53 73
53 74
53 75
53 77
53 78
53 80
53 82
53 92
53 102
53 117
54 60
54 67
54 68
54 78
54 88
54 89
54 90
54 91
54 95
54 96
54 99
54 106
54 109
54 113
55 76
55 86
55 88
55 90
55 104
56 69
56 76
56 78
56 97
56 114
56 116
57 63
57 65
57 67
57 76
57 86
57 98
57 101
57 103
57 104
57 105
57 109
57 110
57 111
57 115
58 73
58 79
58 80
58 85
58 92
58 98
58 103
59 61
59 66
59 71
59 73
59 77
59 78
59 84
59 95
59 99
59 110
