0 1
0 111
0 81
0 46
0 15
0 68
0 87
0 90
1 54
1 111
1 4
1 115
1 30
1 60
1 73
2 3
2 51
2 23
2 27
2 63
2 18
2 91
2 67
3 50
3 64
3 20
3 99
3 110
3 86
3 47
4 5
4 86
4 28
4 11
4 12
4 115
4 49
5 85
5 34
5 11
5 117
5 42
5 112
5 63
6 7
6 14
6 94
6 75
6 108
6 63
6 10
6 37
7 27
7 81
7 20
7 70
7 41
7 107
7 118
8 9
8 43
8 72
8 26
8 106
8 112
8 84
8 115
9 85
9 102
9 118
9 89
9 66
9 76
9 29
10 11
10 18
10 89
10 19
10 22
10 58
10 87
11 35
11 65
11 106
11 92
11 90
12 13
12 82
12 92
12 27
12 36
12 41
12 106
13 92
13 58
13 88
13 40
13 51
13 37
13 83
14 79
14 50
14 83
14 41
14 60
14 47
14 80
15 16
15 44
15 37
15 57
15 28
15 64
15 80
16 20
16 89
16 38
16 26
16 95
16 40
16 51
17 18
17 56
17 73
17 100
17 30
17 101
17 22
17 27
18 117
18 28
18 24
18 54
18 91
19 20
19 91
19 54
19 33
19 32
19 73
19 114
20 40
20 102
20 86
20 50
21 22
21 41
21 90
21 25
21 72
21 102
21 69
21 60
22 91
22 77
22 39
22 101
22 111
23 24
23 77
23 61
23 50
23 70
23 71
23 88
24 35
24 87
24 81
24 68
24 99
24 49
25 26
25 95
25 100
25 61
25 57
25 114
25 56
26 56
26 98
26 107
26 77
26 110
27 37
27 86
27 118
27 89
28 29
28 74
28 95
28 115
28 83
29 90
29 39
29 112
29 115
29 49
29 73
30 31
30 50
30 64
30 86
30 36
30 108
31 102
31 119
31 82
31 64
31 92
31 76
31 88
32 33
32 34
32 49
32 110
32 59
32 39
32 112
33 60
33 61
33 108
33 102
33 36
33 45
34 59
34 53
34 68
34 87
34 51
34 49
35 88
35 56
35 98
35 74
35 104
35 51
36 37
36 42
36 53
36 46
36 55
37 97
37 118
37 58
38 39
38 56
38 66
38 85
38 100
38 67
38 114
39 111
39 43
39 68
39 108
40 41
40 53
40 104
40 59
40 82
41 46
41 61
41 99
42 81
42 59
42 49
42 78
42 90
42 69
43 74
43 50
43 70
43 118
43 91
43 71
44 72
44 79
44 84
44 91
44 49
44 111
44 88
45 46
45 89
45 96
45 93
45 58
45 104
45 48
46 78
46 73
46 75
46 76
47 48
47 80
47 52
47 110
47 104
47 62
48 62
48 108
48 117
48 78
48 66
48 76
49 70
50 116
50 87
51 52
51 88
51 84
52 55
52 106
52 107
52 93
52 94
52 69
53 116
53 99
53 113
53 73
53 114
54 55
54 65
54 85
54 115
54 59
55 67
55 78
55 100
55 104
55 119
56 96
56 79
56 117
57 58
57 116
57 70
57 59
57 102
57 98
58 96
58 97
58 119
59 101
59 94
60 97
60 103
60 85
60 62
61 63
61 92
61 67
61 95
62 63
62 84
62 116
62 75
62 81
63 75
63 67
63 93
64 65
64 98
64 105
64 104
65 71
65 107
65 103
65 118
65 73
66 106
66 101
66 112
66 92
66 99
67 103
67 94
67 119
68 69
68 79
68 97
68 72
69 101
69 112
69 91
69 109
70 71
70 95
70 89
71 74
71 78
71 102
71 107
72 74
72 86
72 83
72 117
73 114
74 88
74 118
74 93
75 76
75 98
75 109
75 105
76 90
76 80
76 81
77 80
77 81
77 108
77 110
77 114
78 85
78 112
78 113
79 85
79 92
79 97
79 82
80 103
80 109
80 115
81 105
82 83
82 94
82 97
82 93
83 93
83 105
83 97
84 94
84 108
84 99
84 111
85 109
86 110
86 89
87 103
87 89
87 93
88 107
90 108
90 113
91 119
92 112
93 113
94 95
94 105
95 107
95 98
96 99
96 101
96 103
96 117
96 98
97 100
98 105
99 116
100 116
100 101
100 115
101 113
102 113
103 110
103 116
104 105
104 114
105 109
106 109
106 111
106 110
107 114
109 119
109 116
111 118
113 117
113 119
117 119
