0 2
0 4
0 7
0 9
0 10
0 12
0 14
0 18
0 30
0 59
0 64
0 66
1 9
1 10
1 12
1 16
1 20
1 21
1 36
1 44
1 55
1 62
1 70
1 72
1 90
1 98
1 101
2 5
2 8
2 11
2 12
2 13
2 14
2 18
2 20
2 21
2 31
2 52
2 93
3 5
3 6
3 8
3 9
3 11
3 13
3 16
3 17
3 21
3 51
3 58
3 91
4 6
4 9
4 11
4 14
4 16
4 23
4 29
4 48
4 59
4 71
4 79
4 83
4 116
5 6
5 10
5 12
5 13
5 15
5 16
5 17
5 22
5 23
5 65
6 12
6 14
6 15
6 16
6 17
6 19
6 21
6 67
6 81
6 95
7 9
7 12
7 16
7 19
7 29
7 63
7 64
7 73
7 94
7 100
7 118
7 119
8 9
8 16
8 17
8 20
8 23
8 36
8 75
8 92
8 97
8 114
9 12
9 23
9 71
9 86
9 113
10 11
10 12
10 15
10 19
10 21
10 33
10 44
10 51
10 53
10 57
10 63
10 86
10 97
10 100
11 15
11 17
11 22
11 25
11 40
11 44
11 57
11 66
11 87
11 111
11 116
12 15
12 17
12 20
12 22
12 32
12 37
12 40
12 51
12 78
12 93
13 40
13 60
13 89
13 116
14 19
14 22
14 38
14 70
14 73
14 74
14 107
14 113
15 50
15 61
15 100
15 110
16 17
16 18
16 20
16 21
16 22
16 23
16 45
16 53
16 65
16 67
16 76
16 82
17 18
17 19
17 20
17 39
17 40
17 105
18 24
18 50
18 56
18 75
18 81
18 87
18 104
18 114
19 24
19 87
19 99
19 110
19 111
19 117
20 21
20 55
20 109
20 118
21 22
21 95
21 108
22 42
22 72
22 90
22 103
23 44
23 106
23 118
23 119
24 28
24 29
24 31
24 34
24 36
24 39
24 40
24 42
24 47
24 60
25 29
25 32
25 34
25 36
25 37
25 38
25 39
25 40
25 41
25 46
25 102
26 28
26 31
26 33
26 36
26 38
26 41
26 43
26 57
26 62
26 99
26 100
26 106
26 111
27 28
27 30
27 31
27 32
27 33
27 34
27 35
27 36
27 40
27 46
27 64
27 70
27 73
27 101
27 112
27 114
28 30
28 34
28 35
28 38
28 43
28 47
28 51
28 58
28 70
28 96
28 110
28 117
29 32
29 36
29 40
29 43
29 45
29 47
29 55
29 74
29 93
30 32
30 33
30 35
30 40
30 44
30 46
30 78
30 109
31 32
31 36
31 38
31 40
31 42
31 43
31 46
31 76
31 86
31 97
31 114
32 33
32 35
32 36
32 40
32 45
32 68
32 73
33 39
33 41
33 42
33 43
33 44
33 45
33 97
33 104
33 113
33 119
34 35
34 38
34 40
34 41
34 42
34 45
34 48
34 49
34 101
34 110
35 36
35 37
35 39
35 42
35 46
35 48
35 83
35 90
35 96
36 37
36 39
36 41
36 42
36 44
36 46
36 63
36 71
36 73
36 79
36 87
36 108
37 39
37 40
37 43
37 45
37 69
37 95
37 112
38 39
38 40
38 41
38 42
38 43
38 44
38 52
38 57
39 42
39 44
39 46
39 47
39 48
39 57
39 69
40 45
40 46
40 47
40 89
40 97
40 117
41 42
41 46
41 48
41 62
41 68
41 114
42 44
42 46
42 47
42 48
42 56
43 46
43 56
44 45
44 46
44 59
44 95
44 110
45 50
45 52
45 62
45 84
45 97
45 115
46 47
46 87
46 92
46 93
48 50
48 52
48 53
48 54
48 56
48 57
48 60
48 64
48 65
48 66
48 67
48 70
48 79
48 83
48 88
48 99
48 110
49 50
49 53
49 55
49 56
49 65
49 68
49 69
49 92
49 94
49 100
50 52
50 54
50 55
50 56
50 57
50 62
50 64
50 65
50 66
50 67
50 69
50 84
50 85
51 56
51 57
51 58
51 63
51 65
51 67
51 68
51 69
51 71
51 79
51 83
51 107
52 53
52 55
52 56
52 58
52 59
52 62
52 64
52 66
52 67
52 68
52 69
52 102
52 103
53 54
53 56
53 57
53 58
53 59
53 64
53 65
53 66
53 69
53 72
53 98
53 110
53 113
53 119
54 55
54 56
54 57
54 59
54 61
54 65
54 67
54 68
54 96
55 56
55 57
55 59
55 60
55 65
55 71
56 62
56 64
56 65
56 67
56 68
56 71
57 58
57 59
57 66
57 83
58 59
58 64
58 65
58 66
58 67
58 69
58 93
58 97
58 107
59 60
59 62
59 64
59 65
59 66
59 68
59 69
59 74
59 81
59 82
59 86
59 98
60 62
60 63
60 66
60 97
60 99
60 111
60 114
61 63
61 66
61 70
61 79
62 65
62 69
62 71
63 71
63 74
63 100
63 106
64 65
64 67
64 69
64 93
65 70
65 71
65 81
65 83
65 105
66 71
66 108
66 109
67 71
67 88
67 110
68 70
68 71
68 86
68 93
68 105
69 78
69 115
70 81
71 95
71 108
72 73
72 81
72 82
72 84
72 85
72 89
72 93
72 116
73 75
73 77
73 78
73 79
73 80
73 81
73 82
73 83
73 85
73 86
73 88
73 89
73 91
73 94
74 78
74 82
74 85
74 87
74 91
74 93
74 114
74 116
75 76
75 78
75 79
75 86
75 89
75 94
75 105
76 77
76 78
76 80
76 88
76 89
76 91
76 92
76 93
76 94
76 101
76 103
76 111
76 116
76 117
77 78
77 79
77 84
77 86
77 89
77 90
77 100
77 102
77 115
78 81
78 82
78 84
78 85
78 86
78 89
78 93
78 95
79 81
79 86
79 87
79 90
79 94
80 81
80 86
80 87
80 88
80 90
80 91
80 92
80 93
80 94
80 95
80 96
80 98
80 100
81 85
81 88
81 91
81 94
81 97
82 85
82 87
82 90
82 91
82 92
82 93
82 94
82 95
83 85
83 87
83 88
83 90
83 92
83 93
83 94
83 95
84 87
84 90
84 91
84 108
84 110
85 86
85 87
85 88
85 89
86 92
86 93
86 108
86 110
87 88
87 90
87 91
87 93
87 95
88 89
88 91
88 93
88 118
89 90
89 92
89 94
89 95
89 96
89 104
89 116
90 91
90 93
90 94
91 93
92 94
92 100
92 108
93 94
93 114
93 115
94 110
96 97
96 99
96 105
96 107
96 109
96 110
96 111
96 112
96 115
96 118
96 119
97 100
97 101
97 102
97 104
97 106
97 108
97 109
97 112
97 117
97 118
98 101
98 105
98 106
98 107
98 109
98 111
98 114
98 115
98 117
98 118
98 119
99 104
99 107
99 109
99 115
99 116
100 103
100 104
100 111
100 112
100 113
100 115
100 119
101 103
101 104
101 108
101 109
102 103
102 104
102 108
102 110
102 116
102 117
102 119
103 104
103 106
103 108
103 110
103 111
103 112
103 115
103 116
103 117
103 118
104 105
104 109
104 112
104 114
104 117
105 106
105 114
105 115
105 119
106 108
106 119
107 114
107 115
108 113
108 117
109 111
109 113
109 116
109 117
109 118
109 119
110 111
110 113
110 115
110 116
110 119
111 114
111 115
111 117
112 114
112 115
112 116
112 117
112 118
113 117
113 119
114 119
115 116
116 118
117 119
118 119
