0 1
0 2
0 3
0 4
0 5
0 6
0 7
0 8
0 9
0 10
0 11
0 12
0 13
0 14
0 15
0 16
0 17
0 18
0 19
0 20
0 21
0 22
0 23
0 24
0 25
0 26
0 27
0 29
0 33
0 35
0 36
0 40
0 44
0 46
0 50
0 54
0 55
0 57
0 58
0 59
0 64
0 66
0 67
0 70
0 71
0 72
0 74
0 75
0 80
0 84
0 85
0 87
0 91
0 95
0 97
0 98
0 99
0 103
0 104
0 106
0 109
0 110
0 114
0 117
1 11
1 12
1 15
1 26
1 29
1 33
1 35
1 38
1 44
1 46
1 51
1 58
1 65
1 71
1 72
1 75
1 102
1 116
2 11
2 13
2 16
2 17
2 20
2 27
2 39
2 42
2 44
2 48
2 52
2 53
2 58
2 61
2 62
2 84
2 98
2 103
2 116
3 12
3 13
3 14
3 16
3 17
3 19
3 21
3 22
3 23
3 28
3 30
3 33
3 38
3 43
3 44
3 45
3 47
3 53
3 57
3 60
3 64
3 71
3 78
3 79
3 94
3 114
4 11
4 12
4 13
4 14
4 18
4 19
4 20
4 21
4 22
4 25
4 28
4 29
4 33
4 34
4 35
4 38
4 46
4 60
4 67
4 77
4 78
4 82
4 87
4 91
4 95
4 108
4 111
5 11
5 12
5 13
5 14
5 17
5 27
5 32
5 40
5 47
5 51
5 54
5 67
5 74
5 94
5 97
5 116
5 119
6 11
6 12
6 15
6 16
6 17
6 19
6 23
6 26
6 27
6 39
6 43
6 59
6 62
6 67
6 68
6 85
6 88
6 102
6 107
6 115
6 118
7 11
7 12
7 13
7 14
7 15
7 16
7 19
7 20
7 21
7 23
7 24
7 30
7 37
7 39
7 49
7 55
7 58
7 59
7 62
7 78
7 93
7 94
7 99
7 101
8 11
8 12
8 13
8 17
8 21
8 23
8 24
8 42
8 45
8 46
8 49
8 57
8 61
8 70
8 81
8 87
8 90
9 11
9 14
9 15
9 16
9 18
9 20
9 24
9 25
9 26
9 27
9 28
9 31
9 32
9 34
9 35
9 37
9 53
9 54
9 63
9 64
9 68
9 70
9 71
9 74
9 76
9 77
9 87
9 90
9 100
9 111
10 11
10 12
10 13
10 14
10 15
10 18
10 27
10 32
10 34
10 44
10 45
10 51
10 52
10 54
10 57
10 59
10 64
10 69
10 77
10 78
10 85
10 96
10 102
10 112
11 12
11 13
11 14
11 15
11 16
11 18
11 21
11 24
11 25
11 26
11 29
11 31
11 32
11 35
11 37
11 41
11 42
11 44
11 52
11 56
11 57
11 59
11 68
11 69
11 72
11 74
11 76
11 78
11 82
11 83
11 87
11 96
11 98
11 99
11 101
11 105
12 13
12 14
12 15
12 16
12 17
12 18
12 19
12 20
12 21
12 22
12 25
12 27
12 28
12 29
12 31
12 32
12 33
12 34
12 36
12 37
12 38
12 40
12 48
12 49
12 50
12 52
12 56
12 60
12 64
12 66
12 78
12 86
12 92
12 93
12 94
12 97
12 101
12 103
12 110
12 111
12 116
13 14
13 15
13 16
13 17
13 19
13 20
13 21
13 23
13 24
13 26
13 27
13 28
13 29
13 30
13 31
13 34
13 35
13 37
13 42
13 45
13 47
13 52
13 55
13 58
13 61
13 64
13 70
13 72
13 73
13 74
13 78
13 87
13 88
13 91
13 99
13 104
13 109
13 117
14 15
14 16
14 17
14 18
14 19
14 20
14 21
14 22
14 23
14 24
14 25
14 26
14 30
14 31
14 34
14 42
14 46
14 49
14 51
14 52
14 56
14 65
14 72
14 75
14 81
14 83
14 85
14 97
14 109
14 115
14 116
15 17
15 18
15 20
15 21
15 22
15 24
15 31
15 33
15 35
15 36
15 37
15 38
15 39
15 44
15 45
15 60
15 66
15 69
15 90
15 91
15 96
15 100
15 103
15 108
15 117
16 18
16 22
16 23
16 25
16 26
16 28
16 36
16 43
16 51
16 54
16 56
16 57
16 58
16 66
16 80
16 84
16 86
16 109
16 116
17 18
17 19
17 22
17 23
17 24
17 26
17 28
17 30
17 31
17 32
17 33
17 34
17 35
17 39
17 41
17 43
17 45
17 47
17 49
17 50
17 52
17 54
17 55
17 56
17 58
17 63
17 65
17 75
17 76
17 80
17 81
17 82
17 83
17 89
17 90
17 91
17 92
17 100
17 110
17 111
17 113
17 117
17 118
18 19
18 20
18 24
18 36
18 41
18 59
18 65
18 79
18 82
18 83
18 88
18 113
19 22
19 29
19 33
19 38
19 41
19 43
19 51
19 59
19 61
19 62
19 63
19 68
19 71
19 76
19 79
19 80
19 81
19 88
19 93
19 94
19 95
19 98
19 107
19 109
19 112
20 22
20 25
20 32
20 33
20 44
20 45
20 48
20 49
20 52
20 53
20 54
20 70
20 85
20 91
20 98
20 99
20 100
20 103
20 105
20 109
20 111
21 23
21 25
21 28
21 29
21 30
21 31
21 34
21 43
21 47
21 53
21 77
21 81
21 82
21 89
21 94
21 97
21 98
21 103
21 106
21 110
21 113
22 27
22 29
22 31
22 32
22 34
22 36
22 37
22 38
22 43
22 47
22 49
22 65
22 66
22 81
22 86
22 94
22 96
22 101
22 102
22 106
22 112
22 113
22 114
22 119
23 25
23 26
23 29
23 30
23 33
23 35
23 39
23 42
23 44
23 48
23 60
23 68
23 74
23 85
23 88
23 89
23 104
23 105
23 108
23 109
23 117
24 28
24 31
24 40
24 49
24 50
24 54
24 57
24 60
24 61
24 66
24 83
24 103
24 110
24 111
25 27
25 28
25 30
25 38
25 43
25 49
25 53
25 58
25 64
25 66
25 69
25 80
25 87
25 89
25 91
25 116
26 30
26 35
26 36
26 38
26 40
26 42
26 46
26 48
26 50
26 55
26 59
26 62
26 68
26 69
26 70
26 71
26 74
26 78
26 79
26 82
26 83
26 91
26 105
26 107
26 108
26 109
26 119
27 37
27 40
27 45
27 55
27 60
28 30
28 40
28 47
28 50
28 53
28 57
28 67
28 68
28 73
28 88
28 93
28 95
28 97
28 100
28 107
29 34
29 37
29 42
29 65
29 66
29 75
29 84
29 89
29 90
29 99
29 103
29 104
29 107
29 114
29 118
30 32
30 40
30 41
30 48
30 52
30 53
30 54
30 69
30 71
30 77
30 79
30 97
30 105
30 115
31 32
31 36
31 41
31 43
31 56
31 59
31 64
31 68
31 71
31 76
31 85
31 87
31 95
31 104
31 110
31 118
31 119
32 40
32 42
32 53
32 62
32 73
32 74
32 97
32 106
32 115
33 36
33 37
33 39
33 40
33 45
33 48
33 49
33 50
33 61
33 63
33 73
33 83
33 92
33 95
33 108
34 36
34 38
34 41
34 44
34 46
34 48
34 51
34 53
34 57
34 61
34 63
34 64
34 69
34 80
34 87
34 95
34 100
34 106
34 107
35 39
35 41
35 43
35 48
35 50
35 67
35 68
35 70
35 72
35 83
35 86
35 105
35 107
35 108
35 115
36 39
36 46
36 47
36 48
36 61
36 62
36 63
36 93
36 112
37 50
37 56
37 67
37 74
37 75
37 80
37 98
37 102
37 105
38 39
38 41
38 46
38 65
38 92
38 115
38 116
39 41
39 46
39 59
39 72
39 79
39 104
39 113
39 118
40 55
40 66
40 74
40 91
40 92
40 103
40 114
41 42
41 45
41 51
41 54
41 60
41 63
41 79
41 90
41 92
41 95
41 97
42 65
42 86
42 94
42 101
42 117
43 51
43 77
43 78
43 93
43 101
43 104
43 113
44 47
44 57
44 62
44 70
44 81
44 84
44 88
44 90
44 92
44 98
44 111
45 50
45 56
45 58
45 62
45 81
45 84
46 47
46 63
46 66
46 70
46 73
46 80
46 92
46 99
47 55
47 86
47 112
48 91
48 112
48 113
49 51
49 67
49 77
49 82
49 84
49 86
49 104
49 105
49 106
50 55
50 56
50 67
50 75
50 77
50 78
50 82
50 87
51 52
51 65
51 73
51 93
51 99
51 102
51 107
51 115
52 60
52 61
52 63
52 68
52 70
52 73
52 75
52 76
52 79
52 80
52 88
52 100
52 106
52 111
53 55
53 61
53 77
53 79
53 90
53 112
54 65
54 72
54 96
54 118
55 56
55 58
55 60
55 63
55 64
55 71
55 83
55 92
55 111
55 116
56 72
56 86
57 81
58 73
58 98
58 102
59 69
59 85
59 113
60 62
60 67
60 69
60 76
60 85
60 86
60 88
60 89
60 100
60 106
60 107
60 108
61 71
61 94
61 104
61 114
61 119
62 69
63 93
63 102
64 75
64 76
64 81
64 84
64 90
64 118
65 75
65 77
65 80
65 82
65 96
65 119
66 76
66 89
66 97
67 119
68 73
68 105
68 110
68 112
68 115
69 95
70 72
70 73
70 89
70 99
71 93
71 96
71 106
72 82
72 104
73 83
73 85
73 90
73 119
74 84
74 101
74 106
74 111
75 76
75 86
75 108
76 110
76 114
77 112
78 79
78 108
78 110
79 102
80 84
80 89
80 96
80 107
81 100
82 93
82 96
82 101
82 108
84 101
84 103
84 109
85 92
85 98
85 101
85 118
86 88
87 89
87 96
88 94
88 118
89 113
89 117
91 95
92 99
92 119
94 110
94 115
97 105
98 100
98 112
98 114
99 102
99 114
99 117
100 113
103 115
104 114
106 116
107 117
108 109
109 117
115 119
116 118
