0 1
0 78
0 30
0 23
1 32
1 17
1 100
2 3
2 40
2 54
2 101
3 93
3 75
3 108
4 5
4 33
4 72
4 61
5 43
5 11
5 68
6 7
6 85
6 21
6 72
7 10
7 41
7 84
8 9
8 29
8 106
8 100
9 100
9 34
9 108
10 113
10 114
10 74
11 12
11 114
11 110
12 76
12 94
12 66
13 14
13 61
13 102
13 62
14 29
14 104
14 106
15 16
15 45
15 109
15 116
16 109
16 69
16 60
17 18
17 20
17 87
18 28
18 51
18 101
19 20
19 26
19 103
19 119
20 97
20 70
21 22
21 117
21 81
22 45
22 56
22 50
23 24
23 114
23 42
24 29
24 78
24 115
25 26
25 45
25 107
25 106
26 87
26 38
27 28
27 115
27 40
27 113
28 85
28 30
29 34
30 31
30 67
31 47
31 53
31 80
32 33
32 35
32 40
33 37
33 113
34 48
34 117
35 36
35 102
35 91
36 59
36 97
36 108
37 71
37 59
37 48
38 39
38 54
38 95
39 46
39 59
39 53
40 77
41 42
41 50
41 101
42 64
42 106
43 44
43 53
43 94
44 113
44 98
44 99
45 71
46 47
46 81
46 82
47 65
47 73
48 90
48 98
49 50
49 63
49 74
49 115
50 103
51 52
51 66
51 69
52 81
52 65
52 72
53 79
54 84
54 90
55 56
55 77
55 57
55 86
56 70
56 91
57 58
57 91
57 84
58 83
58 79
58 107
59 75
60 61
60 66
60 93
61 82
62 63
62 94
62 104
63 70
63 89
64 65
64 108
64 70
65 85
66 119
67 68
67 80
67 117
68 90
68 115
69 87
69 92
71 72
71 93
73 74
73 111
73 112
74 92
75 76
75 107
76 99
76 114
77 116
77 88
78 79
78 98
79 88
80 99
80 110
81 105
82 90
82 117
83 95
83 102
83 96
84 86
85 86
86 112
87 111
88 89
88 119
89 104
89 94
91 105
92 118
92 105
93 112
95 96
95 118
96 97
96 98
97 110
99 118
100 111
101 105
102 104
103 110
103 111
107 116
109 116
109 118
112 119
