0 1
0 2
0 3
0 4
0 5
0 6
0 7
0 8
0 9
0 10
0 11
0 12
0 13
0 14
0 15
0 16
0 17
0 18
0 19
0 22
0 23
0 25
0 26
0 28
0 29
0 30
0 32
0 35
0 37
0 38
0 48
0 50
0 51
0 61
0 68
0 70
0 71
0 75
0 76
0 78
0 85
0 88
0 89
0 91
0 104
0 109
0 110
1 11
1 13
1 14
1 16
1 18
1 29
1 41
1 50
1 55
1 60
1 72
1 89
1 98
1 102
2 11
2 12
2 16
2 17
2 18
2 20
2 22
2 30
2 31
2 34
2 39
2 40
2 43
2 44
2 45
2 52
2 64
2 71
2 91
2 95
2 96
2 100
2 108
2 113
2 116
3 11
3 12
3 13
3 14
3 15
3 16
3 21
3 43
3 51
3 55
3 72
3 85
3 114
4 11
4 12
4 13
4 15
4 16
4 18
4 27
4 29
4 39
4 45
4 49
4 50
4 52
4 54
4 56
4 61
4 66
4 67
4 79
4 81
4 82
4 85
4 92
4 103
4 105
4 118
5 11
5 12
5 17
5 23
5 40
5 46
5 61
5 77
6 11
6 12
6 13
6 14
6 15
6 16
6 17
6 18
6 19
6 21
6 22
6 24
6 25
6 26
6 27
6 29
6 33
6 34
6 36
6 38
6 40
6 41
6 43
6 44
6 47
6 51
6 54
6 59
6 63
6 65
6 70
6 75
6 76
6 79
6 88
6 108
6 115
7 11
7 12
7 13
7 14
7 15
7 17
7 18
7 19
7 20
7 21
7 22
7 24
7 27
7 40
7 47
7 52
7 58
7 64
7 65
7 67
7 78
7 79
7 80
7 83
7 96
7 102
7 104
7 108
8 11
8 12
8 13
8 14
8 15
8 19
8 24
8 25
8 46
8 54
8 68
8 98
8 99
8 116
9 14
9 62
9 89
10 11
10 12
10 13
10 17
10 22
10 24
10 30
10 33
10 36
10 40
10 41
10 52
10 54
10 70
10 81
10 91
10 94
10 102
10 111
11 12
11 13
11 14
11 15
11 16
11 17
11 19
11 21
11 25
11 26
11 32
11 35
11 37
11 38
11 40
11 42
11 43
11 46
11 48
11 49
11 52
11 55
11 56
11 57
11 60
11 61
11 63
11 64
11 65
11 66
11 68
11 69
11 71
11 74
11 77
11 79
11 87
11 90
11 91
11 93
11 94
11 96
11 97
11 107
11 116
11 119
12 13
12 14
12 15
12 16
12 17
12 18
12 20
12 22
12 23
12 24
12 26
12 27
12 28
12 29
12 31
12 32
12 33
12 34
12 35
12 36
12 37
12 38
12 39
12 41
12 43
12 45
12 47
12 48
12 49
12 55
12 56
12 58
12 60
12 63
12 64
12 70
12 76
12 77
12 79
12 83
12 86
12 87
12 90
12 92
12 97
12 98
12 99
12 112
12 117
12 119
13 14
13 15
13 16
13 17
13 18
13 19
13 20
13 21
13 23
13 25
13 26
13 27
13 28
13 34
13 37
13 40
13 42
13 44
13 57
13 58
13 59
13 64
13 66
13 68
13 78
13 79
13 81
13 82
13 88
13 90
13 94
13 100
13 101
13 108
13 114
14 15
14 17
14 19
14 20
14 21
14 22
14 24
14 38
14 45
14 58
14 78
14 79
14 89
14 91
14 95
14 104
14 105
15 16
15 18
15 19
15 20
15 21
15 22
15 23
15 26
15 27
15 28
15 31
15 33
15 35
15 43
15 45
15 49
15 54
15 56
15 58
15 60
15 61
15 62
15 63
15 64
15 75
15 76
15 78
15 84
15 90
15 94
15 98
15 114
16 18
16 19
16 20
16 21
16 23
16 25
16 27
16 28
16 29
16 31
16 34
16 39
16 41
16 54
16 60
16 72
16 76
16 78
16 101
16 102
16 111
16 112
17 19
17 20
17 21
17 22
17 23
17 27
17 30
17 31
17 32
17 33
17 36
17 38
17 41
17 43
17 46
17 47
17 54
17 58
17 60
17 69
17 71
17 72
17 87
17 92
17 96
18 20
18 22
18 24
18 32
18 34
18 47
18 56
18 61
18 67
18 69
18 74
18 77
18 78
18 81
18 85
18 88
18 95
18 101
18 110
18 113
19 20
19 23
19 24
19 25
19 26
19 28
19 32
19 35
19 38
19 39
19 40
19 41
19 43
19 44
19 51
19 57
19 58
19 63
19 67
19 82
19 86
19 89
19 93
19 99
19 118
20 21
20 23
20 32
20 37
20 40
20 41
20 42
20 49
20 56
20 57
20 61
20 66
20 69
20 75
20 76
20 77
20 79
20 82
20 83
20 84
20 103
20 107
20 115
20 118
20 119
21 23
21 24
21 25
21 27
21 29
21 30
21 31
21 33
21 39
21 49
21 50
21 51
21 52
21 53
21 56
21 59
21 60
21 62
21 69
21 71
21 82
21 85
21 86
21 87
21 93
21 94
21 97
21 101
21 106
21 109
21 111
21 115
22 25
22 26
22 30
22 32
22 42
22 44
22 45
22 48
22 53
22 57
22 62
22 64
22 71
22 73
22 83
22 92
22 93
22 95
22 99
22 113
22 114
22 117
22 119
23 24
23 27
23 28
23 39
23 42
23 44
23 63
23 70
23 73
23 76
23 80
23 84
23 99
23 107
23 109
23 116
24 25
24 26
24 28
24 29
24 30
24 31
24 32
24 33
24 34
24 35
24 36
24 37
24 38
24 41
24 42
24 46
24 47
24 48
24 57
24 62
24 63
24 66
24 69
24 70
24 72
24 74
24 75
24 83
24 93
24 95
24 97
24 101
24 105
24 109
24 114
25 26
25 28
25 30
25 35
25 37
25 39
25 44
25 48
25 50
25 57
25 62
25 66
25 69
25 77
25 98
25 103
25 112
25 117
25 118
25 119
26 28
26 29
26 30
26 31
26 33
26 34
26 35
26 36
26 37
26 41
26 42
26 44
26 46
26 49
26 50
26 61
26 80
26 84
26 86
26 95
26 96
26 100
26 104
26 105
26 106
26 107
26 111
27 29
27 31
27 33
27 43
27 44
27 46
27 47
27 55
27 57
27 65
27 73
27 81
27 91
27 92
27 101
27 103
27 107
28 30
28 31
28 34
28 35
28 36
28 43
28 46
28 47
28 48
28 49
28 53
28 62
28 70
28 77
28 84
28 91
28 92
28 97
28 101
28 104
28 106
28 108
28 111
29 32
29 33
29 38
29 40
29 48
29 58
29 64
29 73
29 80
29 81
29 98
30 39
30 46
30 49
30 51
30 55
30 72
30 86
30 91
30 115
31 36
31 42
31 50
31 54
31 65
31 85
31 86
31 90
31 92
31 93
31 107
31 110
31 117
32 37
32 54
32 95
32 104
32 109
32 114
33 34
33 35
33 36
33 38
33 55
33 62
33 66
33 75
33 80
33 82
33 86
34 42
34 50
34 51
34 61
34 70
34 93
34 96
34 112
35 36
35 39
35 50
35 67
35 83
35 95
35 103
35 111
35 112
36 37
36 52
36 67
36 73
36 74
36 98
36 99
36 100
36 104
36 115
36 117
37 47
37 50
37 51
37 65
37 66
37 68
37 74
37 77
37 81
37 90
37 100
37 105
37 113
38 44
38 45
38 48
38 53
38 54
38 58
38 59
38 62
38 68
38 78
38 84
38 89
38 94
38 97
38 101
38 102
38 108
38 111
38 112
38 115
38 118
39 42
39 49
39 51
39 56
39 60
39 64
39 80
39 85
40 45
40 52
40 53
40 57
40 60
40 77
40 88
40 89
41 83
42 45
42 55
42 59
42 68
42 76
42 83
42 88
42 93
42 95
42 105
42 106
42 116
42 118
43 45
43 47
43 53
43 78
43 89
43 92
43 96
43 99
43 108
43 110
44 46
44 52
44 55
44 56
44 71
44 90
44 118
45 48
45 52
45 74
45 80
45 85
45 91
46 53
46 56
46 64
46 73
46 74
46 96
46 108
47 53
47 59
47 60
47 63
47 65
47 72
47 76
47 83
47 86
48 59
48 70
48 72
48 77
48 87
48 88
48 112
48 117
49 55
49 71
49 102
50 51
50 63
50 69
50 71
50 74
50 75
50 88
50 93
50 115
50 119
51 53
51 59
51 65
51 102
51 103
52 53
52 59
52 65
52 66
52 68
52 98
52 110
52 117
53 59
53 61
53 66
53 67
53 106
53 116
54 70
54 92
54 110
54 113
55 57
55 62
55 63
55 87
55 102
55 106
56 58
56 68
56 78
56 86
56 88
56 103
56 104
56 107
57 67
57 68
57 73
57 76
57 107
57 115
58 104
59 75
59 100
59 113
60 67
60 79
60 88
60 99
60 115
61 65
61 90
61 107
61 114
62 69
62 71
62 72
62 75
62 89
62 90
62 100
62 108
62 112
63 73
63 81
63 106
63 107
64 67
64 73
64 84
64 87
64 89
64 94
64 105
65 69
65 72
65 99
66 74
66 75
66 79
66 91
66 95
67 80
67 92
68 87
68 100
68 113
68 116
69 73
69 103
69 109
69 111
70 83
70 93
70 119
71 74
71 80
71 81
71 97
71 110
71 112
72 86
72 90
72 109
73 81
73 105
74 114
75 82
75 117
76 82
76 97
76 119
77 82
77 84
77 99
77 111
77 119
78 84
78 114
79 80
79 84
79 85
79 87
79 102
79 103
80 82
80 94
80 97
80 110
81 94
81 111
81 113
83 85
83 101
83 103
83 109
83 113
84 102
85 87
87 98
87 101
87 108
87 115
90 118
91 94
91 105
92 105
93 96
93 97
93 113
94 96
94 100
94 116
95 106
95 114
95 117
97 98
98 100
98 104
98 106
98 119
101 106
101 112
103 110
103 116
104 109
105 109
108 110
109 118
110 116
110 117
114 118
