0 1
0 24
0 100
0 71
0 109
0 34
0 30
0 101
1 2
1 44
1 22
1 72
1 95
1 90
1 68
2 74
2 69
2 31
2 21
2 117
2 3
2 20
3 4
3 54
3 92
3 32
3 111
3 61
3 119
4 47
4 42
4 80
4 72
4 68
4 113
4 48
5 6
5 94
5 32
5 19
5 36
5 66
5 49
5 46
6 22
6 25
6 44
6 33
6 12
6 104
6 103
7 8
7 107
7 60
7 22
7 40
7 25
7 118
7 61
8 41
8 82
8 28
8 67
8 59
8 30
8 23
9 10
9 67
9 68
9 109
9 103
9 60
9 51
9 119
10 71
10 86
10 93
10 78
10 53
10 39
10 101
11 12
11 32
11 42
11 88
11 91
11 67
11 62
11 33
12 35
12 98
12 99
12 47
12 48
12 77
13 14
13 73
13 111
13 118
13 89
13 84
13 38
13 77
14 63
14 116
14 95
14 70
14 87
14 104
14 23
15 16
15 17
15 58
15 67
15 22
15 87
15 74
15 49
16 49
16 98
16 102
16 37
16 115
16 39
16 28
17 89
17 104
17 81
17 113
17 116
17 58
17 108
18 19
18 97
18 113
18 26
18 73
18 117
18 20
18 79
19 107
19 55
19 25
19 114
19 42
19 82
20 21
20 45
20 50
20 30
20 35
20 55
21 53
21 88
21 25
21 85
21 33
21 117
22 58
22 98
22 34
22 89
23 24
23 43
23 89
23 112
23 39
23 88
24 103
24 105
24 67
24 106
24 83
24 114
25 85
25 77
25 29
25 110
26 27
26 36
26 85
26 44
26 72
26 114
26 99
27 74
27 92
27 112
27 62
27 105
27 93
27 28
28 29
28 60
28 97
28 74
28 93
29 52
29 93
29 51
29 56
29 59
29 54
30 31
30 50
30 114
30 106
30 102
31 36
31 113
31 92
31 112
31 66
31 61
32 64
32 106
32 88
32 91
32 119
33 34
33 84
33 113
33 52
33 40
34 111
34 59
34 43
34 84
34 80
35 57
35 78
35 89
35 85
35 112
35 113
36 50
36 84
36 79
36 76
36 87
37 38
37 39
37 70
37 65
37 98
37 75
37 69
38 60
38 75
38 62
38 79
38 73
38 82
39 40
39 88
39 44
39 112
40 69
40 72
40 108
40 55
40 78
41 42
41 51
41 102
41 100
41 53
41 108
41 99
42 80
42 106
42 58
42 118
43 85
43 72
43 110
43 116
43 53
43 63
44 58
44 99
44 98
44 63
45 96
45 94
45 51
45 64
45 104
45 102
45 89
46 47
46 76
46 119
46 105
46 112
46 74
46 102
47 49
47 108
47 86
47 95
47 60
48 49
48 99
48 70
48 64
48 91
48 77
49 78
49 112
49 69
50 51
50 90
50 96
50 56
50 66
51 92
51 99
51 113
52 93
52 91
52 63
52 77
52 94
52 109
53 75
53 117
53 54
53 62
54 87
54 86
54 103
54 81
54 108
55 56
55 65
55 94
55 59
55 76
56 85
56 110
56 116
56 108
56 71
57 66
57 75
57 116
57 69
57 90
57 83
57 63
58 59
58 65
58 90
59 73
59 115
59 77
60 61
60 83
60 73
61 83
61 113
61 74
61 106
62 63
62 105
62 100
62 83
63 72
63 70
64 93
64 73
64 71
64 94
64 119
65 66
65 97
65 107
65 111
65 109
66 83
66 80
66 98
67 118
67 75
67 73
68 84
68 100
68 110
68 111
68 79
69 95
69 92
69 76
70 71
70 90
70 77
70 104
71 119
71 90
71 82
72 73
72 103
74 107
74 95
75 105
75 119
75 78
76 77
76 89
76 100
76 84
78 79
78 101
78 88
79 118
79 101
79 110
80 101
80 102
80 82
80 91
81 82
81 86
81 97
81 98
81 115
81 93
82 110
82 107
83 107
83 92
84 108
84 115
85 99
85 100
86 87
86 98
86 111
86 116
87 93
87 96
87 88
88 106
89 106
90 91
90 97
91 96
91 104
92 107
92 108
94 111
94 118
94 105
95 102
95 101
95 119
96 100
96 109
96 116
96 97
97 117
97 109
99 101
100 114
101 114
102 103
103 104
103 117
104 107
105 117
105 114
106 110
109 118
109 110
111 115
112 117
114 115
115 118
115 116
