0 2
0 3
0 8
0 9
0 17
0 18
0 22
0 23
0 24
0 27
0 30
0 31
0 33
0 36
0 38
0 39
0 40
0 41
0 43
0 44
0 49
0 50
0 52
0 53
0 55
0 56
0 59
0 65
0 79
0 87
0 88
0 91
0 99
0 104
0 106
0 109
0 112
1 3
1 5
1 7
1 12
1 15
1 16
1 17
1 22
1 26
1 27
1 30
1 35
1 38
1 43
1 47
1 52
1 53
1 60
1 61
1 71
1 75
1 78
1 79
1 80
1 81
1 82
1 86
1 88
1 94
1 97
1 100
1 101
1 102
1 103
1 104
1 107
1 110
1 112
1 119
2 7
2 8
2 11
2 14
2 25
2 27
2 28
2 29
2 30
2 36
2 39
2 41
2 45
2 48
2 49
2 50
2 58
2 59
2 60
2 61
2 62
2 68
2 69
2 70
2 72
2 75
2 76
2 79
2 82
2 83
2 86
2 87
2 89
2 92
2 93
2 98
2 99
2 100
2 101
2 102
2 104
2 107
2 108
2 110
2 115
2 119
3 10
3 11
3 14
3 15
3 16
3 21
3 22
3 25
3 27
3 31
3 32
3 33
3 34
3 36
3 39
3 43
3 46
3 48
3 55
3 56
3 57
3 61
3 64
3 67
3 68
3 69
3 70
3 73
3 75
3 76
3 77
3 78
3 79
3 80
3 84
3 90
3 91
3 93
3 95
3 98
3 99
3 100
3 102
3 106
3 117
3 119
4 5
4 7
4 9
4 12
4 15
4 19
4 22
4 26
4 28
4 31
4 33
4 34
4 38
4 41
4 45
4 50
4 52
4 53
4 59
4 61
4 67
4 68
4 74
4 75
4 76
4 83
4 88
4 91
4 93
4 94
4 97
4 98
4 99
4 100
4 101
4 106
4 112
4 117
4 118
4 119
5 15
5 19
5 21
5 22
5 24
5 25
5 27
5 28
5 31
5 33
5 34
5 35
5 37
5 38
5 40
5 48
5 55
5 61
5 62
5 64
5 69
5 70
5 71
5 73
5 75
5 79
5 80
5 83
5 86
5 92
5 95
5 96
5 98
5 101
5 111
6 10
6 11
6 12
6 13
6 14
6 19
6 21
6 25
6 28
6 34
6 35
6 37
6 38
6 41
6 42
6 45
6 46
6 49
6 50
6 53
6 60
6 62
6 69
6 70
6 74
6 76
6 79
6 82
6 83
6 84
6 86
6 93
6 94
6 96
6 98
6 103
6 104
6 107
6 116
6 117
7 8
7 11
7 16
7 17
7 19
7 20
7 22
7 24
7 25
7 27
7 35
7 36
7 38
7 42
7 43
7 45
7 46
7 52
7 56
7 59
7 62
7 65
7 71
7 73
7 76
7 78
7 80
7 84
7 85
7 88
7 89
7 91
7 92
7 96
7 99
7 100
7 101
7 102
7 103
7 109
7 112
7 117
7 118
8 21
8 32
8 33
8 37
8 41
8 42
8 44
8 46
8 49
8 52
8 53
8 54
8 55
8 58
8 60
8 61
8 65
8 66
8 68
8 71
8 78
8 80
8 84
8 85
8 86
8 100
8 103
8 104
8 105
8 107
8 109
8 113
8 114
8 117
8 118
8 119
9 10
9 12
9 22
9 24
9 25
9 26
9 27
9 28
9 30
9 32
9 35
9 36
9 39
9 42
9 43
9 50
9 56
9 59
9 60
9 61
9 62
9 63
9 65
9 69
9 71
9 72
9 79
9 80
9 81
9 86
9 87
9 88
9 90
9 92
9 93
9 94
9 97
9 102
9 111
9 112
9 113
9 114
10 15
10 17
10 18
10 19
10 23
10 24
10 25
10 26
10 31
10 35
10 39
10 40
10 42
10 46
10 57
10 61
10 63
10 66
10 70
10 72
10 75
10 76
10 81
10 82
10 85
10 88
10 92
10 96
10 97
10 98
10 101
10 103
10 104
10 105
10 106
10 107
10 111
10 114
10 115
10 118
10 119
11 12
11 14
11 19
11 23
11 25
11 27
11 30
11 31
11 32
11 36
11 50
11 57
11 58
11 59
11 60
11 64
11 70
11 72
11 74
11 77
11 78
11 81
11 83
11 84
11 85
11 92
11 95
11 96
11 98
11 100
11 104
11 105
11 109
11 110
12 14
12 15
12 26
12 27
12 28
12 29
12 33
12 35
12 39
12 52
12 54
12 57
12 62
12 66
12 67
12 71
12 78
12 83
12 85
12 87
12 92
12 101
12 111
12 112
12 113
12 114
12 116
12 117
13 20
13 23
13 25
13 26
13 27
13 33
13 36
13 37
13 38
13 41
13 42
13 44
13 53
13 56
13 58
13 59
13 60
13 64
13 67
13 68
13 70
13 73
13 74
13 75
13 77
13 88
13 89
13 90
13 94
13 98
13 106
13 107
13 111
13 114
13 115
13 119
14 19
14 21
14 23
14 26
14 33
14 35
14 36
14 38
14 43
14 44
14 48
14 49
14 55
14 64
14 65
14 66
14 68
14 71
14 73
14 75
14 78
14 82
14 83
14 88
14 90
14 91
14 98
14 100
14 103
14 109
14 110
14 111
14 112
14 115
14 117
14 118
15 20
15 21
15 31
15 41
15 43
15 46
15 52
15 53
15 54
15 55
15 56
15 60
15 62
15 63
15 64
15 66
15 67
15 69
15 79
15 81
15 82
15 84
15 88
15 92
15 93
15 95
15 97
15 98
15 99
15 101
15 103
15 106
15 108
15 110
15 111
15 112
15 114
15 118
16 17
16 18
16 20
16 22
16 26
16 31
16 32
16 36
16 37
16 39
16 43
16 44
16 45
16 48
16 50
16 51
16 52
16 53
16 54
16 55
16 61
16 64
16 66
16 67
16 68
16 70
16 71
16 72
16 75
16 76
16 82
16 85
16 86
16 87
16 93
16 95
16 96
16 106
16 107
16 111
16 112
16 113
16 116
17 21
17 22
17 27
17 33
17 36
17 37
17 38
17 41
17 43
17 45
17 46
17 52
17 54
17 58
17 59
17 62
17 64
17 70
17 72
17 78
17 79
17 82
17 83
17 87
17 89
17 92
17 93
17 95
17 98
17 100
17 101
17 102
17 106
17 107
17 109
17 111
17 112
18 23
18 26
18 27
18 32
18 38
18 39
18 42
18 43
18 45
18 50
18 56
18 57
18 63
18 64
18 67
18 73
18 77
18 78
18 80
18 81
18 85
18 86
18 90
18 91
18 94
18 99
18 102
18 105
18 107
18 108
18 110
18 111
18 112
18 119
19 21
19 25
19 27
19 35
19 39
19 41
19 42
19 44
19 45
19 47
19 48
19 49
19 55
19 56
19 60
19 66
19 68
19 69
19 70
19 71
19 75
19 77
19 78
19 79
19 94
19 98
19 100
19 102
19 105
19 110
19 111
19 114
19 116
19 119
20 22
20 23
20 24
20 27
20 28
20 35
20 37
20 38
20 39
20 47
20 49
20 52
20 54
20 58
20 59
20 62
20 63
20 64
20 69
20 73
20 75
20 80
20 86
20 88
20 89
20 94
20 96
20 97
20 101
20 105
20 107
20 112
20 116
20 119
21 22
21 24
21 25
21 33
21 35
21 38
21 40
21 43
21 45
21 47
21 49
21 51
21 54
21 64
21 65
21 66
21 70
21 77
21 79
21 83
21 84
21 86
21 90
21 92
21 94
21 96
21 98
21 100
21 102
21 106
21 108
21 109
21 110
21 115
22 31
22 33
22 34
22 35
22 36
22 39
22 40
22 47
22 49
22 51
22 60
22 70
22 78
22 79
22 83
22 84
22 87
22 88
22 91
22 99
22 104
22 106
22 117
22 119
23 27
23 30
23 32
23 35
23 37
23 40
23 44
23 46
23 48
23 49
23 57
23 58
23 60
23 61
23 63
23 67
23 69
23 71
23 72
23 73
23 78
23 79
23 84
23 88
23 92
23 95
23 101
23 102
23 103
23 108
23 110
23 113
23 114
23 117
23 118
24 25
24 28
24 30
24 33
24 34
24 37
24 38
24 44
24 51
24 54
24 57
24 59
24 61
24 63
24 64
24 68
24 73
24 84
24 85
24 89
24 92
24 94
24 96
24 105
24 110
24 111
24 116
24 119
25 26
25 33
25 36
25 37
25 43
25 46
25 48
25 49
25 54
25 57
25 58
25 61
25 62
25 64
25 67
25 71
25 72
25 73
25 74
25 76
25 77
25 80
25 81
25 84
25 85
25 88
25 89
25 92
25 96
25 99
25 104
25 109
25 110
25 116
25 117
25 119
26 30
26 33
26 35
26 36
26 38
26 40
26 42
26 46
26 60
26 63
26 64
26 66
26 67
26 70
26 71
26 73
26 74
26 82
26 86
26 89
26 90
26 92
26 97
26 99
26 108
26 110
26 114
26 116
26 118
27 29
27 30
27 34
27 35
27 37
27 38
27 44
27 46
27 47
27 48
27 52
27 54
27 56
27 62
27 63
27 65
27 66
27 67
27 68
27 70
27 71
27 72
27 78
27 79
27 80
27 82
27 85
27 88
27 98
27 99
27 107
27 108
27 109
27 110
27 114
27 115
27 117
27 118
27 119
28 30
28 31
28 32
28 36
28 38
28 40
28 42
28 43
28 49
28 57
28 60
28 64
28 65
28 66
28 72
28 81
28 83
28 85
28 89
28 90
28 92
28 95
28 101
28 102
28 104
28 107
28 108
28 110
28 116
28 118
29 31
29 34
29 35
29 37
29 40
29 41
29 43
29 49
29 50
29 51
29 52
29 53
29 55
29 57
29 62
29 64
29 66
29 68
29 69
29 72
29 73
29 74
29 75
29 77
29 83
29 84
29 87
29 94
29 98
29 99
29 101
29 102
29 105
29 107
29 108
29 109
29 113
29 115
30 33
30 34
30 37
30 39
30 40
30 41
30 43
30 46
30 49
30 52
30 54
30 57
30 62
30 63
30 64
30 66
30 68
30 69
30 70
30 71
30 72
30 77
30 78
30 80
30 82
30 84
30 90
30 91
30 96
30 97
30 100
30 105
30 106
30 107
30 108
30 109
30 112
30 114
30 117
30 118
31 34
31 36
31 39
31 41
31 43
31 46
31 49
31 51
31 52
31 56
31 61
31 63
31 67
31 70
31 72
31 73
31 76
31 82
31 86
31 87
31 89
31 90
31 91
31 92
31 94
31 95
31 98
31 100
31 101
31 102
31 104
31 107
31 108
31 113
31 114
31 119
32 35
32 37
32 40
32 44
32 47
32 52
32 56
32 59
32 61
32 63
32 66
32 77
32 80
32 81
32 82
32 84
32 85
32 95
32 96
32 97
32 99
32 100
32 105
32 106
32 108
32 119
33 39
33 40
33 46
33 50
33 51
33 52
33 53
33 55
33 56
33 57
33 58
33 61
33 62
33 63
33 64
33 66
33 67
33 68
33 69
33 70
33 71
33 77
33 78
33 96
33 97
33 98
33 100
33 101
33 103
33 107
33 109
33 111
33 114
33 115
33 117
34 39
34 42
34 45
34 46
34 47
34 50
34 62
34 65
34 69
34 70
34 73
34 83
34 89
34 91
34 94
34 97
34 99
34 101
34 104
34 106
34 111
34 112
34 115
34 117
34 118
35 39
35 49
35 54
35 59
35 60
35 62
35 68
35 71
35 81
35 84
35 86
35 88
35 91
35 93
35 94
35 97
35 100
35 102
35 103
35 104
35 105
35 106
35 109
35 112
35 114
35 118
36 37
36 39
36 40
36 41
36 43
36 48
36 49
36 53
36 55
36 59
36 60
36 66
36 70
36 72
36 76
36 79
36 85
36 86
36 87
36 90
36 91
36 93
36 98
36 99
36 102
36 104
36 105
36 111
36 112
36 113
36 115
36 117
36 119
37 38
37 40
37 41
37 42
37 43
37 45
37 46
37 48
37 51
37 52
37 53
37 54
37 56
37 57
37 62
37 63
37 64
37 67
37 70
37 77
37 80
37 81
37 91
37 94
37 95
37 96
37 97
37 98
37 99
37 105
37 109
37 111
37 114
37 115
37 118
38 39
38 41
38 42
38 44
38 54
38 58
38 60
38 66
38 67
38 69
38 76
38 77
38 80
38 81
38 82
38 83
38 84
38 85
38 87
38 94
38 97
38 100
38 103
38 105
38 106
38 107
38 108
38 112
38 114
38 115
38 119
39 46
39 47
39 49
39 51
39 52
39 53
39 56
39 58
39 63
39 65
39 67
39 68
39 69
39 71
39 72
39 74
39 79
39 83
39 86
39 87
39 88
39 91
39 93
39 97
39 101
39 105
39 108
39 111
39 112
39 115
39 116
39 118
40 41
40 43
40 46
40 48
40 52
40 53
40 56
40 57
40 59
40 60
40 66
40 68
40 74
40 75
40 77
40 80
40 82
40 88
40 95
40 97
40 108
40 109
40 110
40 111
40 119
41 45
41 51
41 53
41 54
41 60
41 61
41 64
41 69
41 72
41 78
41 83
41 84
41 85
41 87
41 89
41 90
41 92
41 95
41 101
41 106
41 108
41 117
41 118
42 43
42 44
42 50
42 52
42 53
42 60
42 62
42 66
42 67
42 73
42 75
42 82
42 84
42 85
42 87
42 90
42 91
42 93
42 97
42 103
42 104
42 110
42 112
42 113
42 116
42 117
43 49
43 53
43 56
43 61
43 62
43 71
43 72
43 73
43 77
43 81
43 93
43 94
43 95
43 97
43 98
43 105
43 107
43 108
43 110
43 111
43 114
43 117
43 118
44 47
44 49
44 50
44 53
44 57
44 58
44 59
44 60
44 64
44 65
44 72
44 79
44 86
44 87
44 88
44 93
44 95
44 96
44 97
44 98
44 102
44 110
44 111
45 52
45 53
45 54
45 57
45 60
45 64
45 69
45 77
45 78
45 84
45 86
45 89
45 96
45 97
45 98
45 104
45 106
45 112
45 117
45 119
46 51
46 52
46 54
46 59
46 72
46 77
46 79
46 80
46 84
46 85
46 90
46 94
46 96
46 102
46 104
46 108
46 111
46 112
46 114
46 118
46 119
47 50
47 52
47 55
47 56
47 59
47 63
47 68
47 71
47 75
47 80
47 81
47 82
47 84
47 92
47 93
47 94
47 95
47 96
47 100
47 103
47 108
47 110
47 113
47 116
47 118
47 119
48 49
48 51
48 52
48 53
48 56
48 58
48 62
48 64
48 65
48 66
48 67
48 73
48 74
48 92
48 104
48 110
48 111
48 112
48 113
48 114
48 116
49 50
49 52
49 55
49 62
49 63
49 64
49 65
49 72
49 73
49 75
49 80
49 81
49 82
49 84
49 88
49 89
49 91
49 95
49 100
49 103
49 105
49 108
49 112
49 113
49 117
50 51
50 52
50 54
50 57
50 71
50 75
50 77
50 79
50 80
50 81
50 82
50 84
50 85
50 99
50 100
50 103
50 104
50 106
50 107
50 110
50 119
51 52
51 53
51 57
51 58
51 60
51 65
51 77
51 78
51 81
51 86
51 87
51 90
51 93
51 97
51 98
51 100
51 101
51 105
51 108
51 118
52 53
52 56
52 58
52 59
52 60
52 62
52 63
52 67
52 70
52 71
52 73
52 74
52 75
52 76
52 77
52 80
52 82
52 85
52 86
52 97
52 99
52 100
52 104
52 110
52 114
52 116
53 57
53 58
53 62
53 64
53 75
53 78
53 79
53 81
53 82
53 84
53 90
53 92
53 93
53 95
53 96
53 97
53 98
53 99
53 102
53 103
53 105
53 106
53 107
53 111
53 113
53 115
53 119
54 62
54 66
54 67
54 73
54 74
54 75
54 78
54 79
54 80
54 83
54 86
54 88
54 90
54 91
54 92
54 95
54 98
54 103
54 104
54 106
54 108
54 114
54 115
54 116
55 60
55 63
55 65
55 67
55 68
55 73
55 75
55 76
55 78
55 85
55 90
55 91
55 96
55 97
55 100
55 103
55 105
55 106
55 107
55 109
55 115
55 118
55 119
56 61
56 65
56 67
56 70
56 74
56 78
56 79
56 85
56 86
56 92
56 94
56 97
56 99
56 107
56 111
56 115
56 118
56 119
57 58
57 67
57 68
57 70
57 71
57 73
57 78
57 79
57 80
57 84
57 85
57 86
57 88
57 94
57 95
57 100
57 103
57 105
57 107
57 111
57 113
57 114
58 59
58 63
58 65
58 67
58 68
58 77
58 83
58 86
58 89
58 91
58 92
58 100
58 102
58 103
58 104
58 105
58 109
58 114
58 116
58 117
58 119
59 66
59 67
59 74
59 75
59 76
59 77
59 83
59 89
59 92
59 93
59 95
59 97
59 101
59 106
59 108
59 111
59 116
60 64
60 65
60 66
60 69
60 71
60 73
60 75
60 76
60 83
60 84
60 85
60 88
60 89
60 95
60 97
60 98
60 100
60 106
60 110
60 114
60 115
61 71
61 72
61 75
61 81
61 83
61 85
61 87
61 95
61 97
61 99
61 107
61 111
61 113
61 115
61 119
62 63
62 65
62 68
62 69
62 71
62 72
62 79
62 80
62 84
62 85
62 88
62 89
62 91
62 92
62 94
62 96
62 97
62 98
62 100
62 103
62 104
62 106
62 107
62 109
62 111
62 115
62 116
62 117
63 64
63 67
63 70
63 71
63 75
63 76
63 79
63 80
63 81
63 83
63 84
63 87
63 90
63 92
63 96
63 97
63 101
63 106
63 109
63 110
63 113
63 116
63 117
63 118
64 71
64 77
64 79
64 83
64 86
64 87
64 89
64 93
64 97
64 104
64 105
64 108
64 113
64 114
64 119
65 66
65 71
65 74
65 79
65 84
65 87
65 89
65 90
65 91
65 96
65 98
65 103
65 107
65 108
65 115
65 116
65 119
66 69
66 73
66 76
66 83
66 85
66 86
66 90
66 98
66 100
66 101
66 105
66 109
66 110
66 111
66 112
66 117
66 119
67 70
67 77
67 78
67 80
67 85
67 89
67 90
67 99
67 102
67 110
67 112
67 113
67 114
67 118
67 119
68 71
68 73
68 79
68 81
68 86
68 91
68 93
68 103
68 105
68 106
68 113
68 114
68 115
69 73
69 76
69 80
69 82
69 83
69 84
69 90
69 92
69 93
69 97
69 100
69 106
69 107
69 110
69 111
69 113
69 119
70 72
70 73
70 75
70 78
70 85
70 91
70 96
70 101
70 102
70 106
70 107
70 109
70 110
70 113
70 114
70 116
70 119
71 76
71 77
71 78
71 81
71 87
71 88
71 91
71 95
71 97
71 98
71 99
71 101
71 103
71 111
71 113
71 115
71 117
71 118
72 73
72 76
72 78
72 80
72 81
72 84
72 86
72 87
72 92
72 93
72 95
72 97
72 98
72 113
72 118
73 74
73 76
73 79
73 80
73 84
73 87
73 88
73 89
73 91
73 93
73 95
73 99
73 102
73 108
73 109
73 112
74 75
74 76
74 77
74 78
74 81
74 82
74 83
74 85
74 97
74 100
74 101
74 102
74 104
74 110
74 111
74 113
74 117
75 77
75 81
75 83
75 84
75 85
75 86
75 90
75 91
75 92
75 99
75 102
75 105
75 106
75 108
75 114
75 118
76 86
76 90
76 92
76 100
76 111
76 113
76 114
76 115
76 116
76 117
76 119
77 78
77 86
77 89
77 90
77 93
77 97
77 99
77 102
77 107
77 110
77 111
77 112
77 113
77 117
78 79
78 81
78 84
78 85
78 86
78 90
78 98
78 99
78 101
78 105
78 107
78 113
78 119
79 82
79 86
79 90
79 96
79 105
79 109
79 111
79 112
79 113
79 114
79 116
79 118
80 81
80 86
80 87
80 88
80 92
80 93
80 99
80 101
80 104
80 105
80 106
80 111
80 116
80 118
81 86
81 87
81 88
81 89
81 98
81 101
81 102
81 104
81 106
81 107
81 110
81 114
81 117
82 83
82 85
82 86
82 87
82 88
82 89
82 95
82 99
82 104
82 105
82 107
82 109
82 110
82 112
82 113
82 114
82 115
82 116
82 117
82 118
83 84
83 85
83 93
83 94
83 95
83 101
83 104
83 105
83 106
83 111
83 113
83 114
83 115
84 88
84 89
84 90
84 93
84 95
84 96
84 100
84 101
84 102
84 103
84 104
84 107
84 109
84 111
84 116
84 119
85 90
85 91
85 93
85 96
85 101
85 102
85 103
85 107
85 109
85 110
85 111
85 113
85 115
85 119
86 92
86 95
86 100
86 101
86 103
86 104
86 107
86 111
86 112
86 114
86 115
86 118
87 88
87 97
87 99
87 100
87 103
87 104
87 106
87 109
87 110
87 111
87 114
87 115
87 116
88 93
88 96
88 97
88 98
88 100
88 102
88 103
88 105
88 106
88 107
88 111
88 112
88 115
88 116
89 92
89 93
89 94
89 96
89 98
89 99
89 100
89 107
89 108
89 110
89 113
89 115
89 117
89 118
90 91
90 92
90 93
90 94
90 96
90 97
90 99
90 100
90 103
90 115
90 117
91 92
91 96
91 100
91 103
91 104
91 107
91 110
91 111
91 112
91 116
91 118
92 95
92 97
92 98
92 102
92 103
92 105
92 108
92 109
92 110
92 111
92 112
92 114
92 115
92 116
92 118
93 94
93 95
93 96
93 97
93 99
93 100
93 101
93 103
93 106
93 108
93 109
93 110
93 111
93 113
94 95
94 97
94 99
94 100
94 101
94 102
94 107
94 112
94 115
94 116
95 96
95 98
95 99
95 101
95 104
95 116
95 117
95 119
96 99
96 101
96 103
96 108
96 109
97 98
97 100
97 103
97 105
97 106
97 107
97 109
97 114
97 115
97 118
98 99
98 107
98 113
98 115
98 116
98 118
99 102
99 108
99 109
99 113
99 116
99 117
99 119
100 101
100 104
100 106
100 109
100 113
100 116
100 117
100 118
101 108
101 109
101 116
102 105
102 106
102 110
102 114
102 116
102 119
103 107
103 111
103 114
103 115
103 116
104 109
104 119
105 106
105 111
105 112
105 113
105 117
105 119
106 107
106 112
106 116
107 110
107 113
107 114
107 118
107 119
108 110
108 112
108 114
108 115
108 118
109 111
109 114
109 116
109 118
109 119
110 112
110 116
110 117
110 118
110 119
111 112
111 113
111 118
112 117
113 118
113 119
116 118
116 119
