0 1
0 2
0 3
0 4
0 6
0 8
0 10
0 17
0 18
0 20
0 21
0 29
0 30
0 31
0 34
0 35
0 36
0 39
0 44
0 45
0 46
0 51
0 56
0 62
0 63
0 67
0 72
0 74
0 78
0 79
0 81
0 82
0 83
0 85
0 87
0 88
0 95
0 97
0 98
0 103
0 104
0 111
0 114
0 119
1 2
1 3
1 4
1 6
1 9
1 16
1 17
1 19
1 20
1 22
1 24
1 31
1 35
1 36
1 37
1 38
1 43
1 45
1 51
1 55
1 57
1 61
1 63
1 67
1 70
1 72
1 79
1 83
1 84
1 85
1 86
1 87
1 88
1 90
1 91
1 96
1 100
1 102
1 107
1 108
1 109
1 114
1 115
1 116
2 4
2 8
2 9
2 11
2 12
2 13
2 21
2 23
2 25
2 28
2 29
2 37
2 45
2 51
2 55
2 59
2 62
2 63
2 64
2 67
2 71
2 72
2 76
2 80
2 86
2 90
2 91
2 92
2 94
2 97
2 100
2 102
2 104
2 105
2 107
2 110
2 112
2 113
2 114
2 118
3 4
3 5
3 20
3 21
3 22
3 26
3 29
3 30
3 33
3 34
3 37
3 39
3 47
3 50
3 51
3 52
3 59
3 60
3 65
3 68
3 74
3 80
3 82
3 83
3 91
3 93
3 95
3 100
3 102
3 108
3 110
3 114
4 7
4 8
4 11
4 12
4 13
4 14
4 16
4 20
4 24
4 26
4 30
4 31
4 33
4 38
4 39
4 41
4 42
4 44
4 45
4 46
4 49
4 50
4 51
4 53
4 57
4 59
4 60
4 61
4 65
4 69
4 70
4 73
4 74
4 76
4 78
4 79
4 80
4 84
4 85
4 87
4 91
4 92
4 93
4 95
4 97
4 99
4 100
4 101
4 104
4 108
4 111
4 112
4 117
4 118
4 119
5 6
5 8
5 12
5 14
5 15
5 19
5 24
5 28
5 30
5 37
5 38
5 39
5 40
5 41
5 43
5 46
5 55
5 58
5 59
5 60
5 62
5 83
5 87
5 88
5 89
5 93
5 99
5 103
5 106
5 107
5 113
5 114
6 10
6 12
6 18
6 19
6 20
6 26
6 27
6 30
6 32
6 38
6 40
6 47
6 48
6 54
6 60
6 63
6 70
6 71
6 75
6 81
6 83
6 84
6 86
6 87
6 91
6 93
6 97
6 103
6 106
6 109
6 111
6 112
6 115
6 116
6 118
7 8
7 14
7 16
7 21
7 22
7 26
7 28
7 29
7 32
7 33
7 34
7 35
7 38
7 41
7 45
7 46
7 48
7 52
7 53
7 55
7 56
7 58
7 59
7 60
7 66
7 67
7 68
7 73
7 75
7 76
7 77
7 80
7 81
7 82
7 85
7 89
7 95
7 99
7 101
7 102
7 103
7 110
7 111
7 114
7 116
7 118
7 119
8 13
8 28
8 29
8 32
8 33
8 36
8 38
8 39
8 41
8 46
8 49
8 53
8 56
8 60
8 61
8 63
8 64
8 67
8 68
8 72
8 75
8 76
8 77
8 79
8 83
8 92
8 95
8 98
8 103
8 109
8 112
8 114
8 118
8 119
9 19
9 22
9 29
9 33
9 34
9 35
9 37
9 38
9 46
9 47
9 48
9 51
9 54
9 55
9 65
9 68
9 70
9 71
9 72
9 76
9 81
9 82
9 83
9 85
9 87
9 88
9 89
9 90
9 96
9 97
9 99
9 107
9 118
10 12
10 14
10 18
10 22
10 23
10 25
10 32
10 33
10 38
10 51
10 52
10 58
10 64
10 66
10 68
10 72
10 73
10 74
10 75
10 79
10 80
10 83
10 86
10 88
10 89
10 90
10 92
10 99
10 103
10 108
10 109
10 110
10 113
10 117
11 13
11 20
11 24
11 26
11 31
11 36
11 37
11 38
11 42
11 43
11 49
11 51
11 53
11 54
11 56
11 57
11 60
11 62
11 63
11 64
11 65
11 71
11 75
11 86
11 90
11 94
11 95
11 98
11 100
11 108
11 115
11 117
11 119
12 14
12 22
12 24
12 31
12 33
12 34
12 35
12 36
12 42
12 43
12 45
12 50
12 52
12 55
12 58
12 59
12 61
12 62
12 71
12 74
12 76
12 78
12 79
12 80
12 81
12 83
12 88
12 90
12 93
12 100
12 105
12 107
12 108
12 109
12 111
12 114
12 115
12 118
12 119
13 14
13 19
13 26
13 29
13 32
13 33
13 34
13 38
13 39
13 40
13 41
13 43
13 44
13 45
13 47
13 52
13 54
13 57
13 58
13 59
13 60
13 61
13 64
13 65
13 67
13 68
13 70
13 72
13 74
13 78
13 81
13 86
13 93
13 97
13 102
13 103
13 104
13 105
13 109
13 110
13 119
14 19
14 21
14 24
14 25
14 26
14 33
14 34
14 35
14 36
14 37
14 38
14 39
14 40
14 44
14 55
14 56
14 57
14 59
14 60
14 63
14 64
14 71
14 72
14 75
14 78
14 88
14 89
14 94
14 100
14 103
14 105
14 110
14 112
14 117
15 19
15 22
15 25
15 27
15 28
15 29
15 31
15 33
15 35
15 37
15 39
15 41
15 42
15 47
15 49
15 51
15 53
15 56
15 64
15 67
15 72
15 74
15 80
15 86
15 87
15 89
15 90
15 93
15 95
15 96
15 97
15 99
15 101
15 103
15 106
15 107
15 108
15 116
15 119
16 19
16 20
16 22
16 25
16 29
16 32
16 36
16 48
16 51
16 56
16 58
16 61
16 67
16 68
16 69
16 71
16 77
16 79
16 84
16 88
16 89
16 90
16 92
16 93
16 94
16 100
16 106
16 107
16 108
16 111
16 118
16 119
17 20
17 22
17 25
17 34
17 37
17 41
17 42
17 48
17 52
17 54
17 58
17 59
17 60
17 62
17 63
17 68
17 72
17 74
17 76
17 77
17 78
17 80
17 81
17 82
17 86
17 92
17 96
17 101
17 102
17 103
17 106
17 108
17 109
17 110
17 114
17 119
18 19
18 28
18 30
18 32
18 34
18 37
18 41
18 45
18 47
18 51
18 54
18 55
18 58
18 68
18 69
18 70
18 73
18 76
18 77
18 78
18 80
18 81
18 84
18 85
18 86
18 90
18 91
18 97
18 101
18 102
18 103
18 107
18 108
18 110
18 112
18 113
18 117
18 118
19 20
19 22
19 25
19 26
19 30
19 34
19 38
19 40
19 43
19 44
19 46
19 47
19 49
19 51
19 53
19 54
19 55
19 62
19 63
19 66
19 72
19 76
19 77
19 78
19 84
19 86
19 87
19 89
19 93
19 95
19 96
19 98
19 103
19 104
19 107
19 113
19 114
19 116
19 119
20 21
20 23
20 24
20 26
20 31
20 36
20 37
20 38
20 41
20 44
20 47
20 48
20 50
20 54
20 55
20 60
20 63
20 69
20 70
20 76
20 78
20 80
20 87
20 93
20 94
20 95
20 96
20 98
20 99
20 103
20 106
20 107
20 108
20 111
20 117
20 118
20 119
21 24
21 25
21 26
21 29
21 32
21 41
21 43
21 46
21 48
21 54
21 55
21 56
21 57
21 59
21 65
21 67
21 69
21 73
21 76
21 79
21 81
21 83
21 87
21 93
21 96
21 98
21 100
21 101
21 115
21 119
22 25
22 31
22 32
22 33
22 34
22 39
22 40
22 41
22 45
22 48
22 50
22 54
22 56
22 61
22 64
22 65
22 66
22 67
22 69
22 70
22 71
22 72
22 73
22 75
22 78
22 80
22 81
22 84
22 87
22 92
22 93
22 100
22 107
22 116
22 117
23 26
23 29
23 36
23 37
23 62
23 65
23 71
23 72
23 75
23 87
23 88
23 90
23 97
23 98
23 99
23 104
23 109
23 113
23 114
23 119
24 26
24 29
24 30
24 31
24 32
24 34
24 38
24 41
24 42
24 44
24 51
24 52
24 53
24 61
24 64
24 65
24 68
24 69
24 75
24 80
24 83
24 85
24 87
24 89
24 92
24 95
24 98
24 99
24 103
24 105
24 106
24 108
24 110
24 112
24 113
24 115
24 118
25 26
25 27
25 28
25 31
25 32
25 33
25 35
25 40
25 42
25 44
25 49
25 50
25 52
25 53
25 55
25 59
25 60
25 67
25 68
25 69
25 72
25 75
25 79
25 85
25 86
25 88
25 93
25 96
25 98
25 99
25 102
25 105
25 106
25 107
25 114
25 117
25 118
25 119
26 27
26 28
26 31
26 32
26 36
26 37
26 39
26 41
26 42
26 46
26 48
26 50
26 52
26 55
26 57
26 63
26 64
26 65
26 67
26 72
26 75
26 80
26 81
26 82
26 83
26 88
26 89
26 90
26 92
26 95
26 98
26 100
26 102
26 103
26 106
26 107
26 109
26 111
26 119
27 28
27 29
27 30
27 31
27 33
27 34
27 35
27 38
27 39
27 42
27 45
27 46
27 51
27 53
27 55
27 64
27 66
27 68
27 77
27 85
27 86
27 87
27 90
27 91
27 97
27 101
27 102
27 107
27 108
27 109
27 110
27 115
27 118
27 119
28 32
28 33
28 40
28 43
28 45
28 46
28 49
28 50
28 54
28 56
28 60
28 61
28 63
28 68
28 70
28 72
28 75
28 76
28 79
28 84
28 86
28 87
28 94
28 95
28 97
28 100
28 103
28 105
28 107
28 109
28 115
28 116
28 119
29 32
29 34
29 35
29 36
29 41
29 42
29 43
29 46
29 47
29 48
29 55
29 60
29 66
29 67
29 68
29 69
29 71
29 73
29 75
29 76
29 86
29 89
29 90
29 94
29 96
29 98
29 99
29 101
29 102
29 108
29 109
29 115
29 119
30 32
30 36
30 37
30 41
30 42
30 60
30 64
30 65
30 69
30 70
30 71
30 75
30 76
30 79
30 85
30 87
30 88
30 92
30 93
30 101
30 102
30 103
30 104
30 106
30 108
30 110
30 111
31 34
31 37
31 39
31 45
31 52
31 54
31 55
31 56
31 57
31 58
31 59
31 60
31 66
31 70
31 77
31 78
31 87
31 88
31 91
31 102
31 105
31 106
31 107
31 109
31 114
31 117
31 118
32 39
32 40
32 44
32 46
32 47
32 49
32 50
32 51
32 53
32 54
32 61
32 62
32 63
32 66
32 69
32 71
32 77
32 84
32 85
32 88
32 92
32 95
32 99
32 103
32 105
32 107
32 111
32 117
32 118
33 35
33 36
33 37
33 38
33 42
33 43
33 45
33 46
33 48
33 50
33 52
33 54
33 56
33 57
33 58
33 62
33 64
33 69
33 72
33 76
33 82
33 83
33 84
33 88
33 92
33 94
33 96
33 104
33 106
33 109
33 115
33 118
34 37
34 40
34 41
34 42
34 44
34 48
34 57
34 59
34 61
34 63
34 69
34 72
34 73
34 75
34 77
34 80
34 82
34 86
34 99
34 101
34 118
34 119
35 36
35 49
35 55
35 59
35 71
35 75
35 77
35 84
35 93
35 97
35 102
35 103
35 104
35 105
35 108
35 117
35 118
36 38
36 41
36 42
36 44
36 49
36 55
36 59
36 61
36 62
36 64
36 66
36 68
36 72
36 73
36 78
36 79
36 81
36 85
36 87
36 88
36 89
36 91
36 102
36 103
36 110
36 112
36 114
36 115
36 117
37 43
37 45
37 46
37 50
37 53
37 56
37 58
37 61
37 66
37 68
37 69
37 71
37 74
37 86
37 87
37 89
37 92
37 93
37 94
37 101
37 102
37 106
37 107
37 110
37 113
37 115
38 39
38 40
38 42
38 44
38 48
38 49
38 52
38 53
38 54
38 56
38 57
38 63
38 71
38 72
38 78
38 82
38 83
38 85
38 87
38 89
38 92
38 96
38 97
38 105
38 108
38 111
38 112
38 115
38 116
38 117
38 119
39 40
39 44
39 45
39 46
39 51
39 55
39 57
39 58
39 61
39 64
39 67
39 72
39 74
39 75
39 79
39 82
39 84
39 88
39 89
39 92
39 93
39 100
39 104
39 107
39 108
39 110
39 112
39 116
39 118
40 41
40 49
40 50
40 53
40 56
40 62
40 63
40 64
40 70
40 71
40 76
40 78
40 79
40 80
40 84
40 85
40 86
40 88
40 94
40 99
40 102
40 104
40 106
40 108
40 111
40 114
40 115
40 116
40 117
41 42
41 43
41 44
41 47
41 50
41 55
41 59
41 60
41 64
41 70
41 74
41 75
41 76
41 77
41 79
41 80
41 82
41 83
41 84
41 87
41 89
41 90
41 91
41 94
41 95
41 96
41 98
41 105
41 109
41 111
41 112
41 117
42 43
42 45
42 47
42 54
42 63
42 64
42 65
42 69
42 71
42 72
42 77
42 79
42 80
42 81
42 82
42 84
42 86
42 88
42 90
42 92
42 101
42 104
42 108
42 109
42 116
42 117
42 118
43 44
43 49
43 53
43 56
43 60
43 65
43 68
43 71
43 72
43 76
43 78
43 79
43 82
43 83
43 86
43 97
43 100
43 102
43 103
43 105
43 110
43 114
43 118
44 45
44 50
44 53
44 55
44 56
44 58
44 59
44 60
44 67
44 72
44 75
44 77
44 82
44 88
44 93
44 94
44 95
44 96
44 97
44 99
44 101
44 102
44 103
44 108
44 112
44 113
44 115
44 119
45 46
45 47
45 50
45 51
45 52
45 56
45 57
45 58
45 59
45 62
45 65
45 66
45 69
45 70
45 71
45 72
45 78
45 79
45 82
45 85
45 93
45 96
45 97
45 98
45 106
45 109
45 111
46 49
46 52
46 53
46 57
46 58
46 61
46 63
46 68
46 70
46 85
46 89
46 100
46 102
46 108
46 112
46 113
46 115
47 50
47 51
47 57
47 59
47 63
47 68
47 70
47 72
47 73
47 74
47 75
47 80
47 81
47 83
47 84
47 86
47 89
47 91
47 92
47 95
47 96
47 97
47 98
47 99
47 101
47 105
47 109
47 111
47 112
47 114
47 115
47 116
47 118
48 57
48 68
48 71
48 77
48 78
48 80
48 81
48 87
48 88
48 89
48 96
48 106
48 107
48 117
48 119
49 52
49 53
49 54
49 57
49 65
49 68
49 69
49 74
49 79
49 80
49 81
49 82
49 84
49 86
49 89
49 91
49 97
49 105
49 106
49 108
49 110
49 114
50 51
50 53
50 58
50 59
50 61
50 67
50 69
50 70
50 72
50 73
50 74
50 75
50 79
50 82
50 83
50 88
50 90
50 97
50 99
50 103
50 109
50 111
50 113
50 114
50 117
51 60
51 62
51 65
51 69
51 70
51 72
51 73
51 74
51 78
51 79
51 85
51 87
51 88
51 95
51 106
51 108
51 110
51 116
51 119
52 55
52 56
52 59
52 61
52 70
52 80
52 89
52 94
52 95
52 97
52 98
52 99
52 103
52 105
52 107
52 111
52 112
52 119
53 56
53 61
53 63
53 64
53 65
53 67
53 70
53 74
53 76
53 78
53 81
53 83
53 84
53 88
53 93
53 98
53 99
53 100
53 101
53 102
53 103
53 106
53 109
53 110
53 113
53 114
53 118
54 56
54 57
54 59
54 66
54 69
54 70
54 80
54 81
54 84
54 89
54 95
54 96
54 100
54 101
54 104
54 108
54 109
54 111
54 114
54 115
54 116
54 119
55 56
55 61
55 65
55 66
55 67
55 74
55 79
55 83
55 84
55 85
55 89
55 90
55 91
55 94
55 96
55 98
55 103
55 105
55 108
55 112
55 113
55 115
55 117
55 119
56 59
56 62
56 66
56 68
56 69
56 71
56 72
56 77
56 83
56 84
56 86
56 89
56 92
56 93
56 100
56 107
56 109
56 111
57 62
57 65
57 70
57 73
57 80
57 83
57 84
57 89
57 90
57 93
57 95
57 97
57 99
57 100
57 101
57 103
57 105
57 106
57 109
57 110
57 113
57 114
57 116
57 119
58 60
58 62
58 63
58 64
58 73
58 76
58 77
58 78
58 84
58 99
58 102
58 106
58 111
59 61
59 62
59 63
59 64
59 67
59 71
59 73
59 74
59 76
59 79
59 84
59 86
59 87
59 88
59 89
59 90
59 92
59 95
59 96
59 98
59 102
59 103
59 104
59 108
59 110
59 111
59 112
59 116
59 119
60 61
60 63
60 64
60 65
60 68
60 69
60 70
60 71
60 72
60 73
60 74
60 75
60 76
60 77
60 78
60 80
60 87
60 90
60 91
60 92
60 93
60 95
60 103
60 104
60 105
60 114
61 63
61 65
61 66
61 67
61 69
61 71
61 72
61 75
61 79
61 83
61 86
61 87
61 88
61 90
61 92
61 94
61 96
61 98
61 103
61 105
61 107
61 108
61 110
61 113
61 114
61 115
62 64
62 65
62 68
62 70
62 77
62 83
62 85
62 90
62 94
62 97
62 98
62 103
62 105
62 109
62 113
62 115
62 116
62 119
63 67
63 68
63 70
63 77
63 78
63 81
63 84
63 85
63 91
63 103
63 106
63 107
63 109
63 111
63 112
63 113
63 119
64 66
64 67
64 70
64 76
64 78
64 79
64 85
64 86
64 91
64 94
64 98
64 99
64 102
64 104
64 105
64 107
64 109
64 110
64 111
64 112
64 114
64 118
65 66
65 72
65 75
65 79
65 80
65 81
65 82
65 87
65 88
65 89
65 93
65 97
65 98
65 100
65 102
65 103
65 108
65 111
65 117
66 67
66 68
66 69
66 70
66 71
66 75
66 79
66 80
66 81
66 88
66 91
66 95
66 102
66 103
66 104
66 105
66 107
66 108
67 69
67 73
67 76
67 77
67 78
67 79
67 80
67 85
67 90
67 97
67 98
67 101
67 102
67 107
67 110
67 111
67 112
67 119
68 73
68 74
68 76
68 78
68 83
68 88
68 90
68 92
68 93
68 98
68 106
68 110
68 112
68 113
68 116
68 118
69 72
69 74
69 78
69 80
69 81
69 82
69 89
69 92
69 106
69 107
69 108
69 110
69 114
69 117
70 71
70 73
70 77
70 79
70 93
70 95
70 99
70 102
70 109
70 113
70 114
70 116
70 117
70 119
71 74
71 77
71 78
71 79
71 82
71 83
71 85
71 88
71 89
71 91
71 95
71 96
71 101
71 105
71 108
71 110
71 112
71 116
71 119
72 74
72 82
72 89
72 92
72 93
72 94
72 102
72 103
72 107
72 109
72 110
72 112
72 113
72 117
72 119
73 74
73 78
73 85
73 93
73 94
73 98
73 103
73 110
73 111
73 113
73 114
73 119
74 76
74 82
74 84
74 85
74 87
74 89
74 91
74 95
74 99
74 107
74 109
74 110
74 114
74 118
74 119
75 82
75 83
75 88
75 90
75 93
75 94
75 97
75 99
75 100
75 104
75 111
76 77
76 80
76 91
76 93
76 95
76 97
76 99
76 100
76 101
76 103
76 107
76 109
76 111
77 78
77 79
77 81
77 83
77 86
77 88
77 92
77 94
77 95
77 97
77 100
77 101
77 105
77 111
77 113
77 117
77 119
78 79
78 84
78 85
78 88
78 92
78 94
78 98
78 99
78 104
78 108
78 110
78 111
78 116
78 118
78 119
79 85
79 86
79 87
79 88
79 89
79 90
79 91
79 96
79 102
79 103
79 106
79 107
79 108
79 110
79 111
79 112
79 114
79 115
79 117
79 118
79 119
80 83
80 85
80 87
80 88
80 89
80 90
80 91
80 95
80 97
80 102
80 104
80 106
80 112
80 118
81 84
81 85
81 87
81 92
81 96
81 97
81 102
81 108
81 109
81 110
81 111
81 114
81 115
81 117
81 118
81 119
82 83
82 84
82 87
82 88
82 91
82 93
82 96
82 98
82 99
82 104
82 111
82 112
82 114
82 116
83 87
83 89
83 94
83 95
83 96
83 97
83 104
83 112
83 115
83 116
83 119
84 85
84 89
84 94
84 98
84 104
84 111
84 114
84 117
84 118
85 89
85 93
85 94
85 97
85 103
85 105
85 107
85 108
85 109
85 112
85 113
85 115
85 116
85 117
86 88
86 91
86 94
86 95
86 98
86 104
86 106
86 108
86 116
86 118
87 88
87 91
87 94
87 96
87 104
87 105
87 106
87 112
87 116
87 118
87 119
88 90
88 92
88 93
88 94
88 96
88 97
88 99
88 101
88 102
88 106
88 114
88 119
89 90
89 94
89 102
89 104
89 108
89 109
89 115
89 117
89 118
90 91
90 93
90 96
90 97
90 101
90 105
90 106
90 110
90 112
90 119
91 94
91 98
91 105
91 108
91 115
91 116
92 93
92 94
92 95
92 97
92 99
92 102
92 108
92 109
92 110
92 112
92 113
92 115
92 116
92 118
92 119
93 95
93 96
93 97
93 98
93 99
93 102
93 104
93 105
93 112
93 116
94 95
94 101
94 104
94 105
94 108
94 109
94 110
94 113
94 116
94 119
95 96
95 98
95 103
95 104
95 105
95 107
95 114
95 115
95 119
96 99
96 101
96 103
96 105
96 108
96 112
96 119
97 99
97 114
97 117
98 99
98 104
98 105
98 112
98 113
98 116
98 118
99 100
99 103
99 106
99 108
99 110
99 111
99 113
99 115
99 118
99 119
100 102
100 103
100 106
100 109
100 111
101 103
101 104
101 106
101 111
101 112
102 105
102 109
102 111
102 114
102 116
102 118
103 116
103 117
103 119
104 107
104 109
104 110
105 106
105 110
105 114
106 107
106 108
106 115
106 116
106 117
107 110
107 114
107 119
108 114
108 115
108 117
108 118
108 119
109 111
109 113
109 114
109 115
109 116
109 118
110 112
110 114
111 119
113 114
113 115
113 117
114 116
114 117
114 118
115 116
115 119
117 119
