0 1
0 2
0 3
0 4
0 5
0 6
0 7
0 8
0 9
0 10
0 11
0 12
0 13
0 14
0 18
0 19
0 23
0 30
0 31
0 37
0 38
0 43
0 48
0 50
0 53
0 55
0 66
0 72
0 73
0 77
0 82
0 85
0 87
0 88
0 96
0 110
0 115
1 6
1 7
1 8
1 11
1 76
1 119
2 6
2 7
2 8
2 12
2 14
2 16
2 19
2 25
2 27
2 34
2 40
2 47
2 48
2 52
2 63
2 64
2 74
2 78
2 81
2 85
2 90
2 99
2 104
2 106
2 108
2 111
2 114
2 117
3 6
3 9
3 10
3 15
3 29
3 30
3 42
3 44
3 47
3 74
3 89
4 9
4 10
4 15
4 17
4 19
4 25
4 28
4 33
4 38
4 42
4 50
4 53
4 67
4 69
4 74
4 76
4 79
4 82
4 106
4 107
4 113
5 6
5 7
5 8
5 9
5 10
5 12
5 13
5 16
5 21
5 28
5 42
5 46
5 51
5 63
5 65
5 70
5 80
5 83
5 100
6 7
6 8
6 9
6 10
6 11
6 12
6 14
6 15
6 20
6 21
6 22
6 24
6 35
6 44
6 60
6 75
6 77
6 79
6 91
6 92
6 93
6 98
6 102
6 113
7 11
7 17
7 18
7 19
7 21
7 25
7 32
7 33
7 43
7 48
7 54
7 56
7 60
7 64
7 70
7 78
7 81
7 85
7 88
7 89
8 12
8 13
8 16
8 17
8 18
8 20
8 22
8 29
8 30
8 34
8 36
8 37
8 40
8 44
8 45
8 51
8 54
8 56
8 59
8 68
8 77
8 82
8 86
8 90
8 97
8 99
8 100
8 106
8 108
8 118
9 11
9 15
9 22
9 23
9 26
9 27
9 49
9 57
9 66
9 69
9 88
9 94
10 13
10 14
10 17
10 22
10 23
10 31
10 35
10 36
10 45
10 49
10 53
10 56
10 72
10 106
11 58
11 83
12 13
12 29
12 37
12 41
12 67
12 70
13 14
13 15
13 16
13 18
13 20
13 21
13 23
13 35
13 41
13 52
13 68
13 71
13 84
13 90
13 114
14 20
14 21
14 28
14 29
14 30
14 31
14 32
14 36
14 115
15 16
15 20
15 30
15 33
15 34
15 38
15 43
15 61
15 65
15 76
15 84
15 97
15 101
15 108
15 114
16 17
16 18
16 23
16 26
16 27
16 34
16 37
16 39
16 51
16 53
16 54
16 60
16 63
16 72
16 76
16 93
16 94
16 109
16 110
16 118
17 24
17 26
17 41
17 45
17 46
17 58
17 72
17 97
17 117
18 19
18 22
18 24
18 25
18 26
18 27
18 39
18 43
18 53
18 66
18 81
18 85
18 110
18 112
19 29
19 54
19 64
19 71
19 74
19 77
19 96
19 112
20 31
20 32
20 109
21 24
21 25
21 28
21 31
21 35
21 38
21 41
21 47
21 55
21 62
21 67
21 83
21 87
21 96
21 103
21 116
21 117
21 119
22 63
22 84
23 24
23 41
23 42
23 51
23 52
23 57
23 59
23 110
23 116
24 77
24 79
25 26
25 28
25 35
25 39
25 47
25 56
25 58
25 59
25 101
25 104
25 109
26 27
26 32
26 36
26 40
26 47
26 48
26 62
26 86
26 108
26 114
26 116
27 32
27 33
27 34
27 40
27 43
27 50
27 55
27 57
27 66
27 67
27 72
27 80
27 82
27 83
27 98
27 99
28 58
28 73
28 78
28 89
28 97
29 33
29 38
29 44
29 49
29 59
29 95
29 102
29 119
30 54
30 74
30 92
31 39
31 48
31 91
31 112
32 36
32 62
32 84
32 86
33 44
33 49
33 62
33 75
33 107
33 117
34 73
34 75
34 79
34 87
35 39
35 45
35 65
36 37
36 45
36 46
36 63
36 83
37 69
37 76
37 109
38 46
38 101
38 112
39 40
39 42
39 65
39 69
40 68
40 78
40 86
40 111
41 50
41 52
41 59
41 61
41 67
42 49
42 64
42 73
42 107
43 58
43 73
44 46
45 51
45 60
45 70
45 75
45 82
45 88
45 108
45 115
46 68
47 68
47 85
47 89
47 118
48 50
48 52
48 89
48 113
48 118
49 56
49 57
49 61
49 69
49 71
49 75
49 90
49 98
50 55
50 66
50 87
50 93
50 114
51 55
51 57
51 61
51 99
52 62
52 95
52 96
52 100
52 102
52 104
52 112
53 71
53 113
54 61
54 70
54 105
55 80
56 60
56 91
56 95
57 81
59 80
59 97
59 102
60 78
62 64
62 94
63 65
63 81
63 86
63 87
63 99
63 103
63 107
64 98
66 79
66 116
67 84
67 107
67 109
67 110
67 116
68 71
69 95
71 93
71 94
71 100
71 113
72 119
73 80
73 90
73 91
74 111
74 117
75 93
76 100
76 103
77 94
78 88
78 91
79 92
79 103
79 105
80 92
80 104
82 92
82 105
83 101
87 103
90 105
91 95
91 115
93 96
93 115
94 101
95 98
97 111
99 102
99 105
100 118
101 104
103 119
104 106
105 111
