0 1
0 2
0 3
0 4
0 5
0 6
0 7
0 8
0 9
0 10
0 14
0 15
0 18
0 20
0 24
0 27
0 29
0 31
0 33
0 35
0 36
0 38
0 39
0 40
0 46
0 47
0 49
0 59
0 65
0 66
0 68
0 71
0 76
0 77
0 78
0 83
0 86
0 95
0 105
0 107
0 108
0 110
0 118
1 6
1 7
1 8
1 9
1 19
1 24
1 39
1 43
1 60
1 66
1 73
1 75
1 88
1 92
2 6
2 8
2 9
2 10
2 11
2 12
2 16
2 18
2 22
2 24
2 46
2 60
2 62
2 65
2 70
2 71
2 94
2 100
2 107
2 110
2 115
2 117
2 119
3 6
3 7
3 8
3 12
3 13
3 15
3 17
3 18
3 19
3 20
3 21
3 22
3 26
3 28
3 30
3 32
3 37
3 40
3 42
3 44
3 47
3 52
3 54
3 59
3 65
3 68
3 76
3 80
3 91
3 92
3 109
3 112
3 116
4 6
4 7
4 11
4 13
4 14
4 15
4 17
4 21
4 31
4 34
4 35
4 36
4 42
4 48
4 55
4 58
4 61
4 64
4 66
4 89
4 98
4 103
4 107
5 8
5 9
5 11
5 14
5 18
5 19
5 30
5 34
5 41
5 47
5 53
5 74
5 76
5 77
5 85
5 104
5 105
5 111
6 7
6 9
6 10
6 11
6 14
6 15
6 17
6 23
6 27
6 31
6 32
6 34
6 37
6 45
6 48
6 54
6 55
6 56
6 59
6 69
6 77
6 78
6 88
6 89
6 99
6 100
6 103
6 104
6 105
6 112
7 10
7 11
7 12
7 13
7 19
7 21
7 22
7 23
7 24
7 30
7 35
7 42
7 67
7 70
7 84
7 85
7 87
7 89
7 114
7 116
8 13
8 14
8 17
8 23
8 27
8 33
8 40
8 48
8 54
8 55
8 56
8 65
8 73
8 86
8 113
8 118
9 10
9 15
9 16
9 18
9 19
9 20
9 23
9 24
9 25
9 29
9 50
9 51
9 62
9 63
9 64
9 70
9 71
9 75
9 77
9 80
9 88
9 91
9 96
9 116
10 12
10 16
10 20
10 34
10 35
10 38
10 60
10 67
10 81
10 83
10 113
11 12
11 16
11 32
11 37
11 43
11 44
11 61
11 62
11 66
11 67
11 89
11 112
12 13
12 17
12 21
12 22
12 26
12 29
12 34
12 45
12 92
12 106
13 16
13 25
13 26
13 27
13 31
13 41
13 44
13 45
13 63
13 74
13 76
13 78
13 88
13 94
13 113
14 20
14 25
14 30
14 38
14 43
14 47
14 49
14 52
14 54
14 58
14 68
14 75
14 91
14 104
14 112
15 21
15 23
15 42
15 58
15 73
15 92
16 22
16 37
16 41
16 46
16 50
16 60
16 95
16 100
16 102
16 110
17 26
17 40
17 79
17 93
18 28
18 54
18 68
18 82
18 100
18 103
19 25
19 28
19 33
19 45
19 63
19 106
20 48
20 88
20 94
20 97
20 110
20 118
21 28
21 29
21 36
21 44
21 46
21 47
21 51
21 53
21 57
21 58
21 60
21 65
21 74
21 77
21 80
21 84
21 86
21 93
21 97
21 109
21 117
21 119
22 59
22 62
22 72
22 107
23 90
23 114
24 25
24 26
24 27
24 29
24 30
24 32
24 33
24 38
24 39
24 48
24 50
24 51
24 69
24 70
24 75
24 87
24 90
24 95
24 96
24 108
25 35
25 36
25 42
25 97
25 114
25 119
26 28
26 31
26 32
26 55
26 57
26 81
26 113
27 49
27 53
27 62
27 63
27 64
27 69
27 78
27 81
27 97
27 108
28 43
28 44
28 50
28 68
28 72
28 79
28 85
28 86
28 90
28 100
30 33
30 37
30 50
30 56
30 67
30 84
30 98
31 43
31 69
31 74
31 79
31 82
31 83
31 101
31 104
32 39
32 41
32 64
32 82
32 98
33 73
33 115
34 36
34 38
34 51
34 57
34 61
34 79
34 86
34 101
35 39
35 40
35 51
35 53
35 57
35 59
35 80
35 85
35 87
35 95
37 41
37 52
37 58
37 72
37 73
37 106
38 67
39 53
39 80
39 92
40 72
40 87
40 89
41 52
42 84
42 91
42 93
42 99
42 102
43 45
43 52
43 61
43 63
43 64
43 71
43 83
43 101
44 71
44 75
44 79
44 82
44 115
45 46
45 49
45 57
45 93
45 98
45 115
45 117
46 69
46 70
47 105
48 49
48 94
49 81
51 56
52 56
52 61
52 78
52 99
53 87
54 55
54 99
56 98
56 116
57 72
57 85
58 113
59 82
59 95
60 107
61 99
61 109
62 109
63 110
64 66
64 83
64 94
64 101
64 102
65 74
65 90
65 103
66 76
66 108
68 117
71 115
74 81
74 84
74 91
74 111
74 114
76 97
80 106
81 111
82 118
83 119
84 96
85 109
89 90
90 93
91 102
91 108
92 96
92 103
93 111
93 114
94 96
94 117
94 118
99 102
99 105
99 106
100 101
101 111
103 104
104 112
105 119
106 116
