0 1
0 2
0 3
0 4
0 5
0 6
0 7
0 8
0 9
0 10
0 11
0 14
0 16
0 17
0 18
0 21
0 25
0 26
0 28
0 31
0 32
0 33
0 37
0 38
0 46
0 49
0 50
0 55
0 62
0 63
0 65
0 70
0 76
0 77
0 81
0 85
0 87
0 109
0 114
0 117
1 8
1 9
1 12
1 13
1 15
1 21
1 22
1 23
1 25
1 31
1 39
1 44
1 53
1 54
1 58
1 62
1 79
1 106
1 116
1 119
2 6
2 7
3 6
3 37
3 66
3 91
4 6
4 7
4 8
4 9
4 10
4 19
4 20
4 23
4 35
4 44
4 45
4 47
4 71
4 77
4 81
4 93
4 94
4 117
5 6
5 7
5 9
5 12
5 13
5 28
5 42
5 63
5 77
6 7
6 8
6 10
6 11
6 13
6 14
6 17
6 18
6 21
6 23
6 24
6 30
6 32
6 36
6 37
6 38
6 39
6 43
6 45
6 48
6 55
6 56
6 59
6 61
6 72
6 73
6 75
6 77
6 92
6 95
6 97
6 105
6 114
6 117
7 8
7 10
7 12
7 22
7 24
7 25
7 27
7 29
7 32
7 36
7 38
7 41
7 44
7 45
7 46
7 53
7 58
7 59
7 60
7 62
7 63
7 66
7 68
7 72
7 76
7 82
7 92
7 93
7 102
8 9
8 11
8 13
8 15
8 16
8 19
8 20
8 26
8 29
8 34
8 40
8 42
8 48
8 60
8 80
8 91
8 95
8 110
9 10
9 11
9 12
9 16
9 17
9 18
9 19
9 23
9 26
9 27
9 39
9 43
9 45
9 51
9 53
9 56
9 59
9 65
9 67
9 69
9 73
9 78
9 80
9 86
9 90
9 92
9 116
9 118
10 11
10 13
10 14
10 15
10 17
10 18
10 19
10 20
10 21
10 22
10 25
10 29
10 37
10 41
10 44
10 50
10 61
10 82
10 86
10 101
10 109
10 113
11 12
11 14
11 16
11 18
11 24
11 27
11 29
11 36
11 38
11 46
11 48
11 49
11 57
11 58
11 62
11 66
11 68
11 69
11 83
11 90
11 91
11 115
11 118
12 15
12 26
12 35
12 48
12 53
12 63
12 67
12 83
12 89
12 99
12 118
12 119
13 14
13 15
13 19
13 22
13 35
13 45
13 55
13 64
13 67
13 70
13 76
13 79
13 85
13 88
13 98
14 16
14 17
14 23
14 32
14 35
14 40
14 43
14 52
14 74
14 80
14 83
14 84
14 94
14 97
14 107
14 117
15 20
15 22
15 24
15 34
15 72
15 78
15 93
15 103
15 116
16 57
16 67
16 101
16 107
17 20
17 27
17 44
17 51
17 52
17 57
17 62
17 65
17 70
17 86
17 109
17 111
18 25
18 30
18 35
18 70
18 73
18 97
18 115
18 118
19 24
19 28
19 30
19 31
19 33
19 36
19 39
19 43
19 47
19 50
19 51
19 52
19 55
19 65
19 68
19 103
19 115
20 21
20 28
20 30
20 31
20 32
20 33
20 49
20 51
20 54
20 61
20 70
20 72
20 74
20 83
20 84
20 85
20 93
20 100
21 28
21 29
21 59
21 64
21 78
21 94
21 118
22 27
22 30
22 36
22 42
22 48
22 61
22 69
22 110
23 41
23 42
23 49
23 60
23 89
23 103
23 105
24 33
24 34
24 38
24 42
24 47
24 58
24 73
24 96
24 102
25 26
25 41
25 47
26 31
26 53
27 34
27 43
27 46
27 50
27 51
27 64
27 104
27 116
28 69
28 74
28 79
28 84
28 88
28 96
28 97
28 104
29 39
29 55
29 57
29 76
29 90
29 95
30 78
30 111
31 33
31 37
31 40
31 41
31 58
31 67
31 82
31 108
32 34
32 40
32 108
32 113
33 40
33 68
33 87
33 107
34 46
34 56
34 115
35 52
35 61
36 54
36 66
36 78
36 98
37 64
37 69
37 94
38 56
39 47
39 54
39 72
39 91
41 59
41 87
42 117
43 65
43 81
44 52
44 68
44 73
44 82
44 104
44 113
45 49
45 80
45 85
45 90
45 100
45 106
47 50
47 119
48 57
48 71
48 82
48 104
49 60
49 75
49 77
49 85
50 54
50 56
50 60
50 71
50 75
50 76
50 83
50 89
50 98
50 101
51 66
51 81
51 108
51 112
52 101
54 102
54 108
55 86
55 93
55 97
55 99
55 106
56 63
56 64
56 81
56 99
58 88
60 102
60 111
61 71
61 80
62 71
62 74
63 112
66 96
66 106
68 79
68 87
68 89
68 109
69 75
70 95
70 98
70 110
71 110
72 86
73 74
73 95
73 114
74 75
74 88
74 96
75 90
75 116
76 84
76 110
77 87
77 91
77 96
77 100
77 105
78 79
78 92
78 100
78 103
79 84
79 107
80 105
80 111
81 89
81 92
83 100
84 88
84 108
84 119
85 98
85 101
85 102
86 105
88 99
88 104
88 112
89 112
92 99
93 94
94 114
96 109
96 114
97 103
98 111
102 113
104 106
104 107
105 119
107 112
109 113
110 115
