0 1
0 2
0 3
0 4
0 5
0 6
0 7
0 8
0 9
0 12
0 13
0 14
0 15
0 16
0 23
0 24
0 25
0 28
0 31
0 33
0 39
0 40
0 44
0 51
0 52
0 53
0 54
0 65
0 73
0 79
0 88
0 102
0 115
1 6
1 7
1 8
1 9
1 11
1 18
1 24
1 32
1 40
1 47
1 57
1 68
1 77
1 79
1 80
1 88
1 103
1 108
2 21
2 39
3 6
3 7
3 8
3 9
3 11
3 14
3 16
3 17
3 19
3 20
3 24
3 31
3 32
3 41
3 42
3 53
3 54
3 64
3 82
3 84
3 92
3 97
3 109
3 115
3 118
4 6
4 8
4 11
4 13
4 18
4 20
4 26
4 34
4 51
4 56
4 72
4 77
4 93
4 94
4 100
4 111
4 118
5 6
5 7
5 10
5 12
5 14
5 15
5 27
5 28
5 30
5 35
5 37
5 43
5 46
5 53
5 54
5 59
5 67
5 69
5 71
5 75
5 90
5 92
5 109
5 116
6 7
6 8
6 9
6 10
6 11
6 12
6 13
6 21
6 22
6 23
6 25
6 28
6 30
6 32
6 36
6 40
6 46
6 49
6 63
6 64
6 70
6 71
6 78
6 81
6 83
6 89
6 97
6 102
6 105
6 108
6 114
6 116
7 10
7 12
7 14
7 15
7 21
7 23
7 24
7 26
7 33
7 34
7 35
7 38
7 42
7 46
7 49
7 52
7 68
7 90
7 95
7 96
7 103
8 9
8 10
8 14
8 22
8 37
8 39
8 43
8 44
8 50
8 56
8 60
8 64
8 75
8 84
8 89
9 10
9 11
9 13
9 17
9 18
9 21
9 22
9 24
9 25
9 27
9 29
9 35
9 37
9 40
9 41
9 42
9 56
9 57
9 59
9 60
9 65
9 74
9 88
9 103
9 106
9 112
9 119
10 13
10 15
10 16
10 17
10 18
10 19
10 23
10 25
10 50
10 69
10 72
10 75
10 76
10 92
10 104
11 12
11 19
11 27
11 29
11 42
11 50
11 66
11 73
11 80
11 85
11 96
11 100
11 114
12 16
12 25
12 47
12 81
12 86
12 94
12 101
13 15
13 16
13 18
13 20
13 26
13 30
13 55
13 62
13 68
13 70
13 91
13 93
13 105
14 17
14 20
14 35
14 43
14 60
14 62
14 71
14 75
14 80
14 83
14 96
14 106
14 113
14 114
15 21
15 22
15 26
15 31
15 35
15 64
15 76
16 17
16 19
16 28
16 30
16 51
16 52
16 56
16 65
16 69
16 89
16 99
17 29
17 41
17 51
17 59
17 63
17 69
17 72
17 77
17 93
17 94
17 106
17 108
17 116
18 19
18 30
18 41
18 48
18 61
18 81
18 99
18 100
18 105
19 20
19 33
19 38
19 68
19 83
19 85
19 91
19 106
19 117
20 22
20 27
20 33
20 38
20 39
20 43
20 48
20 53
20 67
20 98
20 107
21 23
21 36
21 45
21 49
21 58
21 63
21 70
21 74
21 78
22 28
22 36
22 45
22 50
22 60
22 73
23 26
23 27
23 29
23 34
23 55
23 58
23 59
23 70
23 76
23 82
23 88
23 108
23 114
24 29
24 32
24 47
24 53
24 57
24 60
25 31
25 32
25 34
25 36
25 37
25 38
25 39
25 49
25 67
25 78
25 79
25 85
25 107
25 111
26 40
26 86
26 97
27 34
27 46
27 102
28 31
28 44
28 57
28 66
28 90
29 33
29 48
29 50
29 55
29 61
29 95
30 41
30 47
30 48
30 55
30 87
30 90
30 115
31 38
31 43
31 45
31 54
31 61
31 62
31 83
31 92
31 95
31 118
31 119
32 44
32 47
32 52
32 54
32 84
33 67
33 81
34 37
34 58
34 73
34 86
34 87
34 112
35 36
35 45
35 57
35 58
35 63
35 65
35 72
35 77
35 101
36 44
36 49
36 55
36 78
36 118
37 82
38 42
38 93
38 117
39 45
39 48
39 68
39 70
39 79
40 85
40 93
40 104
40 107
41 51
41 69
41 73
41 78
41 107
42 86
42 92
42 112
43 67
43 119
44 46
44 52
44 79
44 84
44 87
44 94
45 58
45 98
45 99
45 104
46 74
47 56
47 95
48 80
48 98
48 119
50 59
51 71
52 65
53 76
53 86
53 87
54 64
55 61
55 66
55 74
55 110
56 76
56 83
56 91
56 119
57 61
57 62
57 72
57 89
57 112
58 66
58 71
58 113
58 116
59 82
59 95
59 115
59 117
60 111
61 62
61 63
62 74
63 80
63 91
63 94
63 99
63 110
64 75
64 82
64 105
64 106
64 114
65 66
65 89
65 101
65 110
66 85
66 91
66 99
67 77
67 87
67 113
68 97
68 102
68 109
69 109
70 117
72 81
73 103
74 102
75 98
75 104
76 115
77 88
77 96
78 90
78 97
80 100
80 103
80 105
81 84
81 107
82 101
83 110
83 113
85 111
86 98
87 104
88 110
91 96
91 101
96 100
97 116
100 113
103 109
105 118
106 108
110 111
110 112
113 117
