0 1
0 2
0 3
0 4
0 5
0 6
0 7
0 8
0 9
0 10
0 13
0 17
0 19
0 20
0 24
0 27
0 32
0 33
0 34
0 35
0 38
0 40
0 42
0 44
0 47
0 55
0 56
0 66
0 69
0 70
0 71
0 73
0 77
0 78
0 80
0 83
0 84
0 86
0 87
0 92
0 99
0 114
1 6
1 16
1 21
1 106
1 116
2 7
2 8
2 9
2 10
2 11
2 12
2 13
2 21
2 24
2 38
2 40
2 41
2 53
2 77
2 79
2 96
2 106
2 107
3 6
3 9
3 16
3 23
3 25
3 28
3 40
3 42
3 54
3 73
3 78
3 117
3 119
4 6
4 7
4 8
4 10
4 11
4 14
4 26
4 31
4 33
4 42
4 46
4 50
4 61
4 65
4 67
4 89
4 100
4 109
5 6
5 7
5 9
5 12
5 16
5 24
5 27
5 41
5 77
5 90
6 7
6 8
6 9
6 10
6 11
6 12
6 13
6 14
6 17
6 18
6 20
6 22
6 23
6 27
6 28
6 29
6 32
6 35
6 36
6 41
6 43
6 45
6 46
6 47
6 48
6 49
6 62
6 64
6 65
6 69
6 70
6 75
6 81
6 87
6 88
6 89
6 94
6 95
6 104
6 105
6 109
6 114
6 118
7 8
7 10
7 11
7 14
7 15
7 19
7 32
7 33
7 39
7 47
7 60
7 68
7 82
7 84
7 85
7 92
7 96
7 97
7 102
7 107
7 111
7 113
8 11
8 12
8 14
8 20
8 25
8 26
8 35
8 37
8 45
8 59
8 60
8 61
8 72
8 77
8 84
8 91
8 111
8 116
9 12
9 13
9 15
9 17
9 30
9 47
9 51
9 60
9 62
9 63
9 86
9 87
9 93
9 107
10 15
10 18
10 19
10 21
10 22
10 23
10 30
10 32
10 33
10 34
10 39
10 44
10 60
10 65
10 84
10 87
10 88
10 89
10 94
10 111
11 35
11 36
11 43
11 48
11 50
11 52
11 71
11 76
11 106
11 114
12 13
12 15
12 16
12 17
12 18
12 19
12 26
12 29
12 31
12 36
12 57
12 58
12 79
12 90
12 104
12 110
12 111
12 115
13 14
13 15
13 17
13 24
13 26
13 28
13 34
13 39
13 40
13 46
13 56
13 59
13 64
13 68
13 82
13 86
13 96
13 98
13 101
13 102
13 118
14 18
14 22
14 27
14 47
14 54
14 76
14 93
15 16
15 20
15 25
15 29
15 37
15 50
15 54
15 58
15 59
15 61
15 62
15 66
15 86
15 97
15 100
15 108
16 18
16 19
16 21
16 23
16 31
16 35
16 37
16 43
16 85
16 87
16 96
16 112
17 26
17 27
17 30
17 38
17 46
17 75
17 81
17 85
18 20
18 21
18 39
18 45
18 54
18 55
18 57
18 66
18 95
18 99
18 104
18 110
18 111
19 22
19 25
19 30
19 34
19 41
19 42
19 46
19 51
19 53
19 67
19 70
19 76
19 81
19 91
19 97
19 104
19 105
19 108
19 110
19 119
20 22
20 25
20 30
20 45
20 51
20 53
20 66
20 89
20 98
20 99
20 117
21 36
21 38
21 62
21 73
22 23
22 52
22 63
22 74
23 24
23 29
23 32
23 34
23 39
23 43
23 44
23 52
23 58
23 61
23 80
23 82
23 84
23 101
23 103
23 105
23 114
24 31
24 42
24 49
24 50
24 62
24 65
24 83
24 94
24 116
25 36
25 41
25 52
25 78
25 115
25 117
26 28
26 31
26 69
27 28
27 59
28 29
28 50
28 64
28 66
28 71
28 74
28 93
28 112
28 118
29 37
29 48
29 63
29 64
29 86
29 92
29 94
29 95
29 100
29 101
29 103
29 114
30 63
30 77
30 108
31 33
31 49
31 51
31 72
31 73
31 88
31 102
31 106
32 37
32 38
32 52
32 55
32 58
32 68
32 79
32 98
32 101
32 112
33 44
33 49
33 90
34 40
34 51
34 74
34 75
34 113
35 44
35 49
35 53
35 58
35 78
36 57
37 43
37 56
37 57
37 69
37 105
38 93
39 56
39 60
39 67
39 74
39 103
39 117
40 57
40 64
40 68
40 69
40 70
40 81
40 82
40 91
40 95
40 108
40 113
40 116
40 118
41 48
41 55
41 88
42 53
42 89
43 45
43 59
43 109
44 48
44 68
44 82
44 100
44 117
46 56
46 72
46 98
47 85
47 96
48 79
48 108
48 113
49 92
50 54
50 80
50 95
50 99
50 119
51 94
51 109
51 112
52 55
52 63
52 80
52 90
52 98
53 71
54 73
54 100
55 67
55 72
55 76
55 79
55 97
56 80
56 83
56 99
58 74
58 88
59 61
59 65
59 78
59 102
60 71
60 103
60 106
61 70
62 72
63 67
63 110
64 76
64 113
65 116
66 75
66 83
67 75
68 103
70 81
70 83
71 107
74 110
75 115
77 91
77 93
77 107
79 85
80 104
82 92
83 91
83 115
84 115
85 90
85 97
86 119
89 119
93 101
97 102
99 109
103 105
104 112
115 118
