0 1
0 2
0 3
0 4
0 5
0 6
0 7
0 9
0 12
0 14
0 15
0 17
0 18
0 19
0 22
0 23
0 24
0 25
0 32
0 33
0 34
0 38
0 41
0 42
0 45
0 46
0 48
0 50
0 53
0 55
0 60
0 62
0 63
0 67
0 69
0 77
0 80
0 87
0 102
0 106
0 109
0 119
1 6
1 9
1 10
1 13
1 15
1 18
1 20
1 28
1 39
1 47
1 67
1 68
1 94
1 99
1 108
2 6
2 7
2 8
2 10
2 13
2 16
2 17
2 21
2 25
2 41
2 61
2 62
2 80
2 82
2 84
2 85
2 89
2 92
2 98
2 118
3 7
3 11
3 12
3 65
4 6
4 8
4 16
4 17
4 20
4 29
4 36
4 37
4 40
4 45
4 46
4 61
4 67
4 70
4 71
4 84
4 85
4 86
4 103
5 6
5 7
5 8
5 9
5 11
5 12
5 20
5 39
5 43
5 49
5 52
5 72
5 85
5 117
6 7
6 8
6 9
6 10
6 11
6 13
6 14
6 15
6 16
6 17
6 18
6 23
6 24
6 25
6 27
6 31
6 32
6 33
6 34
6 35
6 36
6 37
6 38
6 42
6 45
6 48
6 51
6 53
6 65
6 66
6 73
6 76
6 77
6 82
6 89
6 95
6 99
6 106
6 107
7 8
7 9
7 10
7 11
7 13
7 14
7 18
7 19
7 24
7 26
7 29
7 30
7 34
7 35
7 36
7 39
7 42
7 44
7 47
7 58
7 63
7 64
7 73
7 75
7 85
7 95
7 107
7 108
7 118
8 10
8 14
8 21
8 29
8 35
8 44
8 57
8 62
8 66
8 79
8 85
8 93
8 104
9 11
9 12
9 17
9 19
9 21
9 27
9 32
9 33
9 34
9 35
9 43
9 74
9 78
9 90
9 91
9 94
9 111
10 31
10 41
10 68
10 78
10 94
10 98
11 12
11 13
11 16
11 21
11 26
11 30
11 40
11 42
11 43
11 46
11 47
11 49
11 55
11 59
11 61
11 73
11 75
11 80
11 81
11 90
11 105
11 115
12 18
12 22
12 26
12 28
12 38
12 43
12 51
12 53
12 64
12 75
12 79
12 103
13 14
13 15
13 24
13 32
13 45
13 48
13 49
13 54
13 74
13 75
13 77
13 82
13 103
13 105
13 106
13 109
13 112
14 15
14 16
14 20
14 22
14 34
14 37
14 42
14 58
14 67
14 115
14 119
15 19
15 21
15 23
15 26
15 29
15 31
15 35
15 38
15 40
15 43
15 58
15 60
15 64
15 70
15 71
15 98
15 101
15 104
15 110
15 113
16 19
16 20
16 22
16 74
16 82
16 90
16 98
16 109
17 23
17 28
17 29
17 31
17 39
17 52
17 54
17 65
17 71
17 72
17 82
17 84
17 93
17 99
17 111
18 74
18 83
19 23
19 25
19 31
19 37
19 61
19 64
19 66
19 70
19 72
19 80
19 93
19 95
19 98
19 112
19 115
19 117
20 22
20 30
20 44
20 46
20 50
20 68
20 76
20 97
20 108
20 110
21 81
21 86
21 87
21 114
22 24
22 27
22 40
22 78
22 88
22 90
22 100
22 105
22 107
22 111
23 28
23 33
23 37
23 44
23 65
23 67
23 70
23 78
23 81
23 87
23 103
23 107
24 25
24 26
24 27
24 28
24 36
24 38
24 47
24 49
24 50
24 53
24 56
24 58
24 60
24 76
24 79
24 87
24 106
24 108
25 45
25 49
25 56
25 73
25 76
25 83
25 117
26 27
26 30
26 36
26 40
26 46
26 55
26 56
26 60
26 68
26 84
26 96
26 114
26 116
27 55
27 63
27 112
28 30
28 51
28 59
28 61
29 102
29 113
30 32
30 52
30 57
30 69
30 100
30 102
31 33
31 41
31 51
31 59
31 110
33 48
33 59
33 71
33 72
33 73
33 80
34 39
34 53
34 79
34 89
35 50
35 74
35 77
35 94
35 107
35 116
35 117
36 57
36 83
37 54
37 91
37 92
37 102
38 63
38 104
39 41
39 63
39 69
39 79
39 113
40 44
40 47
40 55
40 66
40 99
41 48
41 57
41 69
41 102
41 111
42 57
42 64
42 66
42 104
43 51
43 54
43 60
43 65
43 78
43 115
44 62
45 70
45 71
45 118
46 54
46 68
46 89
46 114
47 101
48 52
48 109
48 110
49 50
49 58
49 62
49 88
49 91
49 92
49 95
49 101
50 52
50 99
50 116
51 101
51 104
52 69
52 112
52 114
53 56
53 81
55 56
55 59
55 105
55 108
55 111
56 88
57 72
57 77
59 84
59 88
59 96
59 97
61 119
62 75
62 81
62 86
62 110
64 91
65 87
66 105
66 118
67 96
68 86
68 88
69 76
69 83
69 92
69 94
69 100
69 103
69 119
70 97
72 83
73 92
73 93
73 96
73 97
74 100
74 109
75 113
75 116
81 86
81 89
82 114
83 90
86 119
88 117
89 91
89 93
89 95
92 96
94 100
94 101
94 113
94 115
95 97
101 112
103 106
107 116
110 118
