0 1
0 2
0 3
0 4
0 5
0 6
0 7
0 8
0 11
0 12
0 14
0 17
0 21
0 30
0 32
0 33
0 42
0 48
0 59
0 60
0 61
0 63
0 64
0 73
0 90
0 95
0 98
0 110
0 118
1 6
1 7
1 13
1 24
1 25
1 49
1 86
1 98
1 101
2 6
2 7
2 8
2 9
2 10
2 15
2 17
2 19
2 22
2 30
2 31
2 35
2 41
2 42
2 61
2 86
2 108
3 8
3 12
3 15
3 19
3 26
3 32
3 33
3 36
3 37
3 43
3 48
3 101
4 6
4 7
4 8
4 9
4 13
4 15
4 16
4 18
4 19
4 22
4 30
4 36
4 43
4 53
4 58
4 83
4 116
5 6
5 9
5 13
5 21
5 23
5 26
5 34
5 46
5 95
6 7
6 8
6 9
6 10
6 11
6 12
6 18
6 20
6 23
6 24
6 34
6 46
6 47
6 104
7 10
7 15
7 16
7 17
7 18
7 29
7 41
7 45
7 48
7 50
7 51
7 52
7 54
7 55
7 56
7 60
7 61
7 64
7 65
7 67
7 72
7 73
7 77
7 79
7 80
7 87
7 89
7 91
7 105
7 106
7 114
7 115
8 9
8 10
8 11
8 12
8 13
8 14
8 15
8 16
8 17
8 18
8 19
8 20
8 22
8 23
8 24
8 25
8 26
8 28
8 30
8 33
8 35
8 38
8 39
8 41
8 44
8 47
8 49
8 51
8 52
8 54
8 55
8 57
8 61
8 62
8 65
8 66
8 69
8 70
8 79
8 80
8 82
8 84
8 85
8 87
8 90
8 91
8 96
8 97
8 99
8 100
8 102
8 104
8 112
8 117
9 10
9 11
9 13
9 20
9 21
9 25
9 28
9 29
9 40
9 41
9 43
9 49
9 60
9 63
9 66
9 67
9 71
9 79
9 81
9 83
9 95
9 96
9 109
10 11
10 12
10 14
10 17
10 18
10 23
10 24
10 25
10 27
10 28
10 29
10 35
10 54
10 72
10 73
10 76
10 78
10 85
10 87
10 91
10 94
10 95
10 103
10 105
10 107
10 117
11 14
11 24
11 27
11 31
11 38
11 53
11 75
11 78
11 80
11 83
11 92
12 16
12 19
12 31
12 32
12 59
12 70
12 89
12 104
12 113
13 14
13 16
13 33
13 46
13 49
13 81
14 42
14 47
14 56
14 80
14 96
14 103
14 106
14 112
15 20
15 22
15 23
15 26
15 35
15 37
15 38
15 50
15 57
15 64
15 74
15 88
15 111
16 32
16 85
16 87
16 99
17 22
17 25
17 26
17 34
17 39
17 40
17 43
17 54
17 55
17 58
17 60
17 72
17 74
17 76
17 86
17 88
17 97
17 119
18 21
18 27
18 37
18 38
18 40
18 47
18 58
18 62
18 68
18 77
18 84
18 100
18 109
18 119
19 20
19 21
19 29
19 31
19 38
19 55
19 66
19 69
19 71
19 82
19 84
19 90
19 93
19 100
20 37
20 44
20 45
20 51
20 57
20 62
20 69
20 83
20 103
20 107
21 27
21 30
21 54
21 60
21 69
21 93
21 97
22 29
22 39
22 42
22 53
22 67
22 93
22 94
22 102
22 107
22 114
22 115
22 116
23 27
23 28
23 32
23 36
23 37
23 52
23 68
23 94
24 36
24 52
24 63
24 79
24 89
24 95
24 103
25 31
25 57
26 28
26 33
26 39
26 40
26 75
26 87
27 41
27 42
27 50
27 56
27 72
28 35
28 48
28 66
28 68
28 71
28 77
28 80
28 85
28 91
28 93
28 113
29 45
29 100
29 104
30 39
30 40
30 45
30 47
30 48
30 53
30 101
31 44
31 68
31 84
32 34
32 56
32 96
32 102
32 118
33 34
33 36
33 44
33 52
33 53
33 65
33 67
33 78
33 85
33 88
33 113
33 114
34 46
34 63
34 65
34 77
34 92
34 94
34 97
35 55
35 59
35 70
35 81
36 46
36 50
36 75
36 82
36 99
36 105
37 49
37 61
37 112
37 115
38 59
38 70
38 73
38 102
38 114
39 51
39 56
40 43
40 110
41 76
41 82
41 102
41 117
42 44
42 57
43 45
43 58
43 108
43 111
43 116
43 117
44 58
44 69
44 101
45 51
45 59
45 106
45 109
46 88
46 118
47 50
47 64
47 70
47 74
47 106
48 66
48 76
49 109
50 103
51 89
51 90
52 63
52 68
52 81
52 105
53 74
53 89
53 119
54 90
54 105
55 92
55 111
56 77
56 94
56 99
57 62
57 67
57 98
57 108
57 112
58 111
59 65
59 71
59 74
59 82
59 100
59 104
59 107
59 108
59 110
61 62
61 64
61 86
62 101
63 78
64 113
65 71
65 91
65 106
68 72
68 79
68 83
69 73
69 76
69 93
70 75
70 78
71 86
73 75
75 98
76 84
76 98
77 97
78 109
79 81
80 88
80 116
80 118
81 110
81 118
82 96
83 92
86 110
88 115
89 108
89 119
90 92
90 99
93 111
98 113
99 116
99 117
101 114
106 107
109 112
112 115
114 119
