0 1
0 2
0 3
0 4
0 5
0 6
0 7
0 8
0 9
0 13
0 19
0 20
0 22
0 30
0 31
0 36
0 37
0 77
0 79
0 86
0 103
0 113
1 6
1 11
1 13
1 18
1 19
1 23
1 47
1 57
1 69
1 96
2 10
2 11
2 12
2 26
3 6
3 7
3 8
3 9
3 10
3 12
3 13
3 14
3 20
3 22
3 23
3 25
3 26
3 33
3 34
3 38
3 42
3 44
3 48
3 50
3 51
3 68
3 80
3 94
3 102
4 6
4 7
4 9
4 12
4 13
4 14
4 15
4 17
4 25
4 28
4 30
4 32
4 33
4 37
4 41
4 45
4 61
4 64
4 65
4 68
4 71
4 80
4 88
4 108
5 6
5 7
5 8
5 9
5 10
5 11
5 12
5 20
5 22
5 31
5 33
5 40
5 41
5 45
5 46
5 52
5 58
5 67
5 69
5 83
5 117
6 7
6 8
6 10
6 15
6 19
6 28
6 36
6 39
6 40
6 41
6 46
6 47
6 54
6 56
6 58
6 59
6 66
6 73
6 78
6 80
6 81
6 92
6 93
6 100
6 101
6 105
6 106
6 113
7 8
7 9
7 11
7 12
7 15
7 16
7 17
7 18
7 19
7 20
7 21
7 23
7 24
7 26
7 29
7 32
7 34
7 42
7 55
7 61
7 64
7 68
7 72
7 81
7 84
7 88
7 89
7 101
7 104
8 10
8 14
8 16
8 21
8 30
8 35
8 42
8 44
8 51
8 59
8 61
8 71
8 84
8 86
8 88
8 91
8 94
8 113
8 114
9 14
9 17
9 36
9 41
9 59
9 98
9 110
10 11
10 16
10 18
10 19
10 24
10 35
10 39
10 43
10 55
10 56
10 75
10 76
10 80
10 82
10 85
10 91
10 96
10 105
10 106
11 14
11 15
11 18
11 21
11 23
11 25
11 28
11 38
11 45
11 50
11 52
11 62
11 70
11 83
11 93
11 104
11 112
12 13
12 15
12 16
12 28
12 34
12 43
12 53
12 55
12 58
12 67
12 90
12 98
12 107
12 112
12 113
12 116
12 118
12 119
13 17
13 41
14 16
14 27
14 29
14 30
14 32
14 40
14 52
14 64
14 77
14 95
14 115
15 17
15 22
15 24
15 27
15 28
15 29
15 42
15 48
15 49
15 52
15 56
15 58
15 62
15 75
15 90
15 98
15 108
16 18
16 20
16 21
16 23
16 25
16 26
16 27
16 29
16 31
16 35
16 39
16 60
16 61
16 62
16 63
16 70
16 74
16 79
16 82
16 86
16 98
16 101
16 113
16 115
17 27
17 46
17 55
17 58
17 94
18 69
18 87
18 90
19 21
19 27
19 32
19 45
19 48
19 64
19 68
19 72
19 79
19 103
19 105
20 26
20 47
20 49
20 76
20 88
20 107
20 115
21 22
21 24
21 37
21 46
21 51
21 70
21 76
21 77
21 99
22 25
22 34
22 46
22 60
22 62
22 65
22 71
22 73
22 74
22 79
22 87
23 24
23 33
23 36
23 37
23 43
23 48
23 57
23 59
23 73
23 75
24 78
24 81
24 87
24 95
25 30
25 31
25 35
25 65
25 72
25 73
25 78
25 83
25 91
25 97
25 109
25 111
25 112
25 114
25 116
25 119
26 38
26 49
26 71
26 90
27 32
27 56
27 78
27 96
27 98
28 29
28 31
28 40
28 53
28 57
28 73
28 89
28 102
28 106
28 109
29 37
29 38
29 40
29 43
29 45
29 92
30 35
30 38
30 50
30 61
30 66
30 86
30 93
30 99
31 34
31 47
31 49
31 50
31 64
31 70
31 84
31 90
31 97
32 33
32 36
32 39
32 44
32 53
32 54
32 72
32 76
33 50
33 65
33 72
33 80
34 39
34 44
34 99
34 108
35 42
35 48
35 49
35 70
35 74
35 99
36 53
36 67
36 75
36 82
36 106
37 69
37 87
37 95
37 101
37 112
38 53
39 60
39 67
39 97
40 43
40 54
40 56
40 85
40 105
40 119
41 52
42 44
42 47
42 51
42 77
42 103
42 112
42 118
43 57
43 60
43 74
43 76
43 88
43 93
43 97
43 116
44 66
45 92
45 100
45 111
46 65
46 84
46 89
47 62
47 84
48 63
48 83
48 94
48 118
49 54
49 57
49 59
49 63
49 75
49 85
50 51
50 67
50 77
50 92
50 95
50 104
51 60
51 102
51 103
52 69
52 107
53 54
53 55
53 63
53 66
53 82
53 85
53 89
53 108
54 92
54 117
55 68
55 86
55 114
56 109
57 115
57 116
59 91
60 79
60 110
61 106
62 63
63 66
63 71
63 82
63 87
63 114
64 91
64 95
64 100
65 78
68 115
69 74
69 114
69 119
70 81
70 89
70 93
70 101
70 107
70 118
72 109
73 81
73 96
73 110
75 103
76 111
77 99
79 83
79 110
80 97
80 100
80 107
80 116
80 118
81 94
81 96
81 110
82 104
84 85
85 105
85 108
85 111
85 117
86 102
86 117
88 111
92 102
96 100
102 104
107 109
112 117
115 119
