0 1
0 2
0 3
0 4
0 5
0 6
0 7
0 8
0 9
0 13
0 14
0 20
0 21
0 22
0 23
0 29
0 30
0 31
0 40
0 46
0 63
0 67
0 89
0 91
0 112
1 6
1 7
1 10
1 11
1 13
1 14
1 15
1 32
1 33
1 34
1 41
1 42
1 46
1 47
1 48
1 49
1 51
1 52
1 56
1 60
1 66
1 72
1 79
1 88
1 90
1 98
2 6
2 7
2 11
2 44
2 63
3 6
3 8
3 9
3 10
3 11
3 18
3 22
3 24
3 26
3 29
3 32
3 36
3 38
3 49
3 53
3 61
3 68
3 102
3 116
4 6
4 8
4 33
4 45
4 48
4 63
5 7
5 10
5 12
5 14
5 16
5 17
5 18
5 19
5 21
5 38
5 42
5 50
5 64
5 70
5 74
5 75
5 80
5 106
5 108
5 114
6 7
6 8
6 9
6 10
6 11
6 12
6 13
6 15
6 16
6 17
6 20
6 21
6 22
6 29
6 33
6 36
6 37
6 43
6 44
6 47
6 50
6 51
6 54
6 59
6 65
6 86
6 89
6 94
6 95
6 99
6 110
6 113
6 114
6 116
6 117
7 8
7 9
7 10
7 13
7 16
7 17
7 25
7 27
7 31
7 45
7 47
7 65
7 69
7 72
7 77
7 79
7 82
7 88
7 97
7 98
7 99
7 101
8 9
8 12
8 13
8 26
8 48
8 49
8 70
8 77
8 83
8 97
8 101
9 11
9 12
9 14
9 15
9 16
9 18
9 22
9 27
9 36
9 40
9 41
9 46
9 48
9 50
9 80
9 89
9 101
9 105
9 116
10 17
10 19
10 21
10 23
10 24
10 25
10 27
10 35
10 41
10 43
10 44
10 52
10 73
10 80
10 92
10 96
10 98
10 100
10 104
10 106
10 109
10 117
11 12
11 15
11 17
11 18
11 25
11 26
11 27
11 31
11 59
11 77
11 86
11 89
11 104
11 107
11 113
11 118
11 119
12 15
12 19
12 23
12 24
12 28
12 34
12 41
12 48
12 53
12 55
12 57
12 71
12 72
12 82
12 87
12 88
12 90
12 96
12 112
13 14
13 20
13 30
13 31
13 34
13 39
13 76
14 20
14 22
14 26
14 34
14 40
14 42
14 53
14 63
14 65
14 66
14 67
14 70
14 74
14 76
14 85
14 96
14 102
14 112
15 16
15 18
15 25
15 28
15 29
15 37
15 51
15 54
15 65
15 73
15 78
15 81
15 94
15 99
15 112
16 19
16 20
16 23
16 24
16 36
16 37
16 39
16 42
16 45
16 46
16 51
16 53
16 56
16 60
16 62
16 64
16 71
16 76
16 81
16 85
16 88
16 97
16 98
16 108
16 109
17 119
18 19
18 23
18 24
18 25
18 26
18 29
18 32
18 42
18 47
18 73
18 83
18 114
19 21
19 27
19 79
20 32
20 34
20 76
20 82
20 91
20 99
20 115
20 116
21 28
21 30
21 33
21 35
21 37
21 38
21 39
21 52
21 53
21 62
21 70
21 71
21 102
21 116
22 28
22 30
22 35
22 45
22 49
22 65
22 68
22 78
22 80
22 93
22 113
23 31
23 37
23 58
23 60
23 94
24 28
24 32
24 36
24 39
24 55
24 60
24 67
24 84
24 86
24 93
25 33
25 84
26 39
26 40
26 59
26 103
27 30
27 35
27 43
27 47
27 49
27 50
27 56
27 58
27 61
27 103
27 113
28 52
28 81
28 91
28 99
28 101
28 108
29 35
29 41
29 62
29 71
29 73
29 74
29 96
29 118
30 58
30 61
30 84
30 85
31 43
31 56
31 57
31 68
31 69
31 72
31 111
32 85
33 45
33 51
34 43
34 64
34 75
34 100
34 109
35 40
35 77
35 104
36 38
36 44
36 54
36 57
36 79
36 82
36 100
37 38
37 44
37 57
37 83
37 92
38 58
38 78
39 46
39 54
39 66
39 87
39 98
39 110
40 54
40 64
40 81
40 87
42 59
42 69
42 85
42 90
42 109
44 87
45 84
45 115
46 57
46 62
46 94
47 55
47 58
47 61
47 70
47 79
47 92
47 110
48 55
48 74
48 96
48 101
49 50
49 66
49 68
49 91
49 106
50 59
50 60
50 63
50 68
50 69
50 91
51 52
51 55
51 62
51 72
51 77
51 81
51 83
51 97
51 106
51 107
51 117
53 56
53 64
53 76
53 97
54 67
54 71
54 75
54 92
54 93
54 105
55 69
55 87
55 93
55 111
55 119
56 103
57 73
57 75
57 90
58 67
58 89
58 103
58 105
58 115
59 61
59 75
59 95
59 105
59 107
60 66
60 92
62 112
62 113
66 78
66 90
66 104
66 111
68 88
68 114
68 118
69 118
71 74
71 102
71 105
72 78
72 80
72 82
72 107
72 115
73 107
74 104
74 117
75 114
76 86
77 86
78 108
79 84
80 83
80 108
81 100
83 93
83 95
84 95
85 109
88 94
91 102
91 111
94 95
94 119
97 106
97 110
99 100
99 103
100 110
102 115
106 111
106 117
106 118
116 119
