0 1
0 2
0 3
0 4
0 5
0 6
0 7
0 9
0 10
0 12
0 13
0 16
0 18
0 21
0 22
0 23
0 25
0 26
0 28
0 30
0 32
0 34
0 36
0 39
0 44
0 45
0 49
0 52
0 56
0 60
0 64
0 67
0 74
0 77
0 80
0 90
0 95
0 99
0 100
0 102
0 111
0 117
1 7
1 9
1 13
1 15
1 16
1 20
1 21
1 22
1 24
1 29
1 30
1 31
1 33
1 48
1 52
1 55
1 58
1 60
1 63
1 79
1 82
1 85
1 99
1 103
1 109
2 6
2 7
2 8
2 11
2 12
2 17
2 19
2 21
2 22
2 24
2 26
2 29
2 35
2 36
2 41
2 42
2 46
2 47
2 50
2 54
2 55
2 56
2 61
2 78
2 79
2 82
2 86
2 87
2 88
2 98
2 100
2 108
3 6
3 10
3 13
3 17
3 32
3 49
3 59
3 65
3 67
3 81
4 6
4 8
4 12
4 15
4 45
4 59
5 6
5 7
5 8
5 9
5 10
5 12
5 13
5 14
5 18
5 21
5 27
5 33
5 40
5 43
5 50
5 55
5 57
5 69
5 76
5 80
5 110
5 116
6 7
6 8
6 9
6 10
6 11
6 15
6 19
6 20
6 27
6 34
6 36
6 39
6 40
6 42
6 43
6 44
6 50
6 53
6 59
6 61
6 63
6 66
6 69
6 72
6 74
6 75
6 86
6 92
6 101
6 104
6 105
6 107
6 117
7 8
7 9
7 11
7 14
7 17
7 26
7 40
7 44
7 97
7 106
8 10
8 11
8 14
8 15
8 16
8 18
8 19
8 21
8 22
8 29
8 32
8 34
8 38
8 42
8 48
8 57
8 58
8 63
8 64
8 66
8 68
8 70
8 80
8 84
8 95
8 97
8 104
8 108
8 114
9 16
9 27
9 70
9 72
9 119
10 11
10 14
10 17
10 23
10 24
10 41
10 54
10 60
10 77
10 79
10 80
10 113
11 12
11 13
11 14
11 20
11 29
11 30
11 32
11 84
12 15
12 17
12 18
12 23
12 26
12 27
12 28
12 31
12 39
12 50
12 54
12 56
12 67
12 75
12 76
12 82
12 85
12 89
12 100
12 103
12 112
13 16
13 18
13 19
13 25
13 26
13 28
13 35
13 36
13 42
13 52
13 58
13 71
13 77
13 85
13 86
13 87
13 98
13 109
14 30
14 33
14 87
14 89
14 106
14 112
15 20
15 24
15 28
15 31
15 33
15 57
15 74
15 80
15 84
15 92
15 98
15 99
16 24
16 48
16 68
16 95
16 104
17 19
17 20
17 22
17 23
17 28
17 34
17 37
17 39
17 40
17 69
17 78
17 92
17 118
18 31
18 71
18 75
18 107
18 111
19 37
19 40
19 45
19 47
19 61
19 62
19 65
19 79
19 94
19 114
20 23
20 25
20 33
20 34
20 43
20 51
20 54
20 60
20 70
20 72
20 91
20 102
20 109
20 110
21 25
21 29
21 32
21 42
21 46
21 51
21 55
21 77
21 90
21 91
22 37
22 53
22 62
22 71
22 92
22 103
23 25
23 31
23 35
23 36
23 41
23 45
23 49
23 70
23 83
23 84
23 88
23 103
23 117
24 30
24 45
24 57
24 65
24 75
24 90
24 97
24 99
24 100
24 104
24 106
24 115
24 118
25 27
25 35
25 38
25 41
25 61
25 69
26 44
26 64
26 102
26 118
27 39
27 43
27 49
27 56
27 64
27 86
28 37
28 38
28 43
28 56
28 87
28 90
28 104
29 35
29 44
29 46
29 59
29 71
29 77
29 95
29 96
29 97
29 98
29 99
29 116
30 74
30 116
31 78
31 82
31 83
32 74
32 103
33 51
33 53
33 61
33 73
33 94
33 100
33 111
34 112
35 37
35 38
35 41
35 47
35 48
35 50
35 52
35 59
35 73
35 81
35 101
35 108
35 111
35 118
36 58
36 66
37 38
37 63
37 89
37 114
38 46
38 47
38 102
38 114
38 115
38 119
39 47
39 49
39 51
39 53
39 113
40 62
40 68
40 72
40 105
40 119
41 46
41 51
41 67
41 69
41 81
41 86
41 101
42 66
42 91
42 113
43 62
44 48
44 53
44 115
45 57
45 67
45 88
45 96
45 107
45 113
46 63
46 73
46 87
46 96
47 93
48 52
48 65
48 81
48 85
49 54
49 76
49 83
50 79
50 111
51 55
51 76
52 66
52 72
52 76
52 93
53 58
53 62
53 65
53 70
53 73
54 78
54 81
54 93
54 115
54 117
55 93
55 115
56 116
57 60
57 78
57 106
57 114
57 119
58 96
58 119
59 112
62 64
62 83
62 112
63 68
63 75
63 105
65 71
66 73
67 68
67 92
67 109
68 90
69 94
69 107
69 108
70 82
70 101
71 89
71 94
71 95
71 102
72 83
73 89
74 110
74 117
75 85
75 101
81 84
81 88
81 105
82 91
82 109
84 88
84 91
87 93
88 96
89 97
89 106
89 110
91 107
92 98
92 116
93 94
98 110
104 105
105 113
106 108
108 118
