0 1
0 2
0 3
0 4
0 5
0 6
0 7
0 8
0 9
0 11
0 13
0 14
0 15
0 17
0 19
0 38
0 42
0 43
0 48
0 51
0 56
0 57
0 64
0 71
0 80
0 93
0 101
0 111
0 114
1 6
1 7
1 8
1 14
1 22
1 29
1 67
1 110
2 6
2 7
2 12
2 30
2 34
2 63
2 65
2 116
2 118
3 6
3 7
3 8
3 12
3 22
3 24
3 25
3 47
3 50
3 56
3 59
3 67
3 77
3 78
3 80
4 6
4 9
4 10
4 11
4 14
4 17
4 20
4 25
4 27
4 28
4 30
4 31
4 32
4 33
4 68
4 75
4 80
4 85
4 87
5 10
5 22
5 82
5 117
6 7
6 8
6 9
6 10
6 13
6 15
6 16
6 17
6 18
6 19
6 21
6 22
6 23
6 25
6 27
6 29
6 30
6 31
6 32
6 38
6 45
6 50
6 52
6 55
6 56
6 59
6 61
6 65
6 70
6 74
6 83
6 84
6 87
6 88
6 90
6 92
6 98
6 104
6 106
6 107
6 109
6 113
6 114
6 115
7 8
7 9
7 10
7 11
7 12
7 13
7 18
7 21
7 26
7 27
7 28
7 31
7 32
7 33
7 36
7 37
7 43
7 57
7 58
7 70
7 93
7 112
7 115
7 116
8 9
8 11
8 17
8 19
8 21
8 22
8 29
8 34
8 36
8 42
8 44
8 59
8 73
8 82
8 92
8 95
8 100
8 103
8 119
9 10
9 11
9 13
9 14
9 15
9 16
9 18
9 19
9 24
9 37
9 39
9 41
9 43
9 46
9 53
9 63
9 69
9 73
9 74
9 102
9 110
9 114
9 115
10 12
10 18
10 20
10 23
10 24
10 30
10 31
10 34
10 40
10 44
10 71
10 85
10 89
10 97
10 99
10 111
11 12
11 14
11 16
11 20
11 27
11 42
11 46
11 60
11 81
11 87
11 100
12 13
12 15
12 17
12 18
12 21
12 23
12 67
12 78
12 79
12 85
12 93
12 98
12 105
12 108
13 19
13 20
13 59
13 66
13 96
13 107
14 15
14 16
14 21
14 26
14 28
14 31
14 33
14 35
14 37
14 39
14 40
14 45
14 47
14 54
14 55
14 58
14 60
14 63
14 66
14 74
14 75
14 76
14 90
14 92
14 110
14 112
15 16
15 32
15 35
15 38
15 40
15 43
15 44
15 54
15 55
15 57
15 65
15 67
15 77
15 83
15 94
15 101
15 104
15 109
15 110
15 117
16 23
16 29
16 41
16 43
16 48
16 49
16 53
16 72
16 78
16 84
16 111
17 39
17 69
17 106
17 108
17 111
18 20
18 26
18 33
18 41
18 45
18 49
18 60
18 63
18 64
18 69
18 76
18 81
19 23
19 28
19 29
19 46
19 49
19 52
19 62
19 75
19 82
19 91
20 24
20 25
20 27
20 33
20 36
20 50
20 53
20 54
20 55
20 72
20 73
20 77
20 105
20 107
20 108
20 116
21 39
21 40
21 49
21 57
21 65
21 72
21 76
21 79
21 94
21 102
22 26
22 34
22 35
22 36
22 41
22 47
22 51
22 61
22 93
22 94
22 95
22 96
22 101
22 112
23 24
23 25
23 26
23 35
23 49
23 55
23 79
23 88
23 100
23 116
23 117
24 28
24 32
24 38
24 50
24 98
24 106
24 110
25 61
25 112
26 47
26 48
26 54
26 58
26 62
26 63
26 67
26 90
26 118
27 36
27 37
27 39
27 45
27 51
27 59
27 68
27 76
27 92
27 109
27 115
28 38
28 52
28 84
28 99
29 30
29 44
29 47
29 48
29 65
29 88
29 117
30 34
30 46
30 91
30 106
30 117
30 119
31 35
31 61
31 64
31 89
32 104
33 42
33 46
33 60
33 66
33 83
34 37
34 42
34 89
35 91
36 40
36 44
36 56
36 57
36 61
36 68
36 70
36 71
36 77
36 78
36 91
36 96
36 103
37 50
37 58
37 73
38 53
38 118
39 41
39 45
39 79
40 66
40 77
41 64
41 75
41 86
41 114
43 48
43 89
43 96
43 113
43 119
44 52
44 53
44 60
44 62
44 72
44 86
44 89
44 90
44 95
44 103
45 58
45 84
45 102
46 51
46 52
46 71
46 101
46 104
46 113
47 62
47 70
47 73
47 74
47 79
48 54
48 88
48 101
48 109
49 51
49 66
49 68
49 100
49 114
49 119
50 64
50 100
50 106
50 118
52 80
52 83
52 94
53 56
53 62
54 69
54 80
54 99
54 118
54 119
55 109
56 72
56 95
57 68
57 78
57 82
57 86
57 87
57 96
57 97
59 75
60 81
60 85
60 113
61 88
61 107
62 69
63 70
63 83
63 85
64 71
64 84
64 87
66 95
66 105
67 91
69 82
71 74
71 86
71 94
71 97
71 98
71 103
72 90
72 92
72 93
73 76
73 97
73 98
73 99
74 81
75 81
75 86
76 99
77 108
78 104
80 111
82 115
89 97
89 103
90 102
91 107
91 112
93 113
93 116
94 105
99 102
101 105
105 108
