0 1
0 2
0 3
0 4
0 5
0 6
0 7
0 8
0 9
0 10
0 11
0 12
0 13
0 16
0 26
0 27
0 30
0 31
0 42
0 47
0 48
0 49
0 53
0 55
0 66
0 71
0 73
0 74
0 77
0 80
0 90
0 94
0 104
1 6
1 7
1 10
1 11
1 14
1 15
1 16
1 19
1 22
1 29
1 32
1 33
1 65
1 66
1 72
1 80
1 86
2 6
2 8
2 13
2 17
2 18
2 24
2 25
2 32
2 36
2 37
2 45
2 48
2 58
2 75
2 109
3 6
3 7
3 8
3 11
3 22
3 23
3 38
3 40
3 43
3 51
3 56
3 74
3 78
3 87
3 95
3 112
4 6
4 10
4 45
5 7
5 9
5 10
5 13
5 14
5 16
5 26
5 27
5 29
5 34
5 53
5 57
5 80
5 82
5 89
5 94
5 99
5 106
5 108
5 112
5 117
5 119
6 7
6 8
6 9
6 11
6 12
6 15
6 16
6 17
6 24
6 25
6 27
6 30
6 31
6 38
6 67
6 72
6 80
6 83
6 95
6 98
6 100
6 103
6 110
6 114
6 118
7 8
7 9
7 10
7 12
7 13
7 14
7 17
7 18
7 20
7 21
7 22
7 23
7 24
7 32
7 34
7 35
7 49
7 55
7 65
7 69
7 70
7 71
7 72
7 85
7 96
7 114
7 115
7 118
8 9
8 18
8 22
8 23
8 24
8 26
8 47
8 50
8 52
8 55
8 62
8 64
8 73
8 78
8 80
8 82
8 83
8 87
8 93
8 100
8 103
8 106
9 12
9 13
9 15
9 18
9 19
9 20
9 21
9 30
9 35
9 36
9 41
9 43
9 44
9 46
9 52
9 58
9 61
9 95
9 107
10 11
10 14
10 19
10 20
10 21
10 22
10 34
10 35
10 41
10 51
10 62
10 63
10 68
10 74
10 83
10 88
10 103
10 111
10 116
11 12
11 19
11 29
11 42
11 44
11 52
11 61
11 72
11 85
11 100
11 113
12 15
12 18
12 23
12 28
12 35
12 39
12 48
12 52
12 60
12 63
12 65
12 66
12 68
12 69
12 70
12 71
12 94
12 105
13 14
13 15
13 17
13 25
13 28
13 30
13 32
13 39
13 47
13 55
13 60
13 74
13 75
13 108
13 110
13 118
14 16
14 17
14 23
14 26
14 78
14 89
14 108
14 112
14 114
15 39
15 45
15 47
15 83
15 92
16 20
16 28
16 37
16 40
16 63
16 79
16 104
17 19
17 20
17 32
17 33
17 37
17 39
17 64
17 84
18 21
18 27
18 28
18 63
18 67
18 70
18 76
18 88
18 109
19 27
19 28
19 29
19 43
19 44
19 53
19 56
19 57
19 61
19 87
19 88
19 89
19 91
19 101
19 104
20 21
20 24
20 25
20 26
20 33
20 34
20 36
20 38
20 44
20 51
20 75
20 77
20 103
20 116
21 29
21 30
21 31
21 33
21 36
21 40
21 43
21 49
21 57
21 61
21 70
21 76
21 79
21 86
21 88
21 91
21 92
21 103
21 108
22 25
22 34
22 38
22 40
22 52
22 59
22 73
22 77
22 79
22 85
22 91
22 105
22 118
23 46
23 58
23 62
23 93
23 109
23 114
24 67
24 69
24 110
24 112
25 40
25 41
25 60
25 64
25 68
25 86
25 107
26 31
26 35
26 39
26 41
26 48
26 62
26 72
26 84
26 94
27 33
27 37
27 42
27 45
27 50
27 90
27 112
28 48
28 89
28 119
29 31
29 53
29 60
29 64
29 78
29 101
29 111
30 42
30 59
30 81
30 116
31 58
31 115
32 46
32 98
32 101
32 107
33 44
33 45
33 79
33 87
33 99
34 37
34 54
34 68
34 84
34 90
34 91
34 108
35 36
35 43
35 55
35 62
35 79
35 99
35 102
35 105
35 106
36 38
36 41
36 46
36 47
36 54
36 68
36 70
37 58
37 59
38 66
39 49
39 96
40 53
40 59
40 71
40 73
40 104
41 42
41 51
41 56
42 56
42 65
42 67
42 85
42 89
42 98
42 106
42 119
43 46
43 49
43 56
43 82
43 84
43 115
44 50
45 118
46 50
46 71
46 94
47 54
47 63
47 76
47 77
48 50
48 75
48 92
48 96
49 51
49 54
49 57
49 74
49 86
49 88
49 99
50 85
50 97
50 111
51 61
51 64
51 83
51 116
52 54
52 60
52 75
53 93
53 110
54 99
54 119
55 102
55 104
56 57
56 59
56 86
56 92
56 105
56 113
57 76
57 82
57 102
58 66
58 102
59 97
61 102
61 113
62 65
62 90
62 93
62 95
62 97
62 98
62 115
63 100
63 116
64 73
64 91
64 97
65 67
65 76
66 69
66 81
66 101
66 105
68 69
68 81
68 111
69 77
69 117
70 78
71 81
71 93
71 106
71 111
72 87
72 107
73 81
73 110
74 84
74 92
74 96
75 97
75 117
78 109
79 117
81 82
81 119
83 90
84 95
84 98
84 114
87 96
88 100
91 101
93 113
96 107
100 113
108 109
108 115
108 117
