0 1
0 2
0 3
0 4
0 5
0 6
0 7
0 8
0 9
0 11
0 15
0 16
0 18
0 20
0 25
0 26
0 30
0 32
0 40
0 43
0 48
0 50
0 51
0 52
0 54
0 55
0 58
0 60
0 66
0 71
0 74
0 76
0 87
0 91
0 92
0 97
0 98
0 102
0 110
0 115
1 6
1 7
1 9
1 10
1 11
1 23
1 26
1 35
1 44
1 70
1 80
1 105
1 107
1 110
1 113
2 6
2 7
2 8
2 10
2 14
2 17
2 18
2 24
2 29
2 33
2 36
2 38
2 43
2 46
2 52
2 53
2 54
2 57
2 59
2 72
2 105
2 113
3 6
3 7
3 8
3 10
3 11
3 13
3 21
3 36
3 37
3 38
3 62
3 64
3 68
3 70
3 72
4 9
4 19
4 30
4 76
5 6
5 11
5 12
5 14
5 18
5 22
5 40
5 47
5 49
5 52
5 58
5 64
5 65
5 71
5 78
5 100
6 7
6 8
6 9
6 12
6 13
6 15
6 17
6 19
6 25
6 29
6 31
6 36
6 44
6 53
6 56
6 61
6 62
6 66
7 8
7 10
7 12
7 13
7 15
7 16
7 18
7 20
7 23
7 32
7 33
7 34
7 36
7 40
7 43
7 44
7 54
7 57
7 71
7 77
7 89
7 94
7 95
8 9
8 13
8 16
8 21
8 35
8 38
8 103
8 108
9 10
9 12
9 14
9 15
9 16
9 19
9 23
9 47
9 50
9 56
9 66
9 73
9 78
9 79
10 11
10 12
10 16
10 22
10 24
10 25
10 27
10 28
10 30
10 31
10 33
10 34
10 37
10 41
10 42
10 48
10 68
10 92
10 111
10 117
10 118
11 14
11 25
11 45
11 82
11 97
11 106
12 13
12 17
12 20
12 21
12 23
12 24
12 25
12 28
12 29
12 30
12 46
12 51
12 53
12 57
12 60
12 62
12 67
12 75
12 77
12 78
12 83
12 93
12 94
12 98
12 99
12 102
12 118
13 14
13 17
13 18
13 19
13 22
13 24
13 26
13 27
13 31
13 37
13 41
13 44
13 55
13 56
13 57
13 69
13 75
13 76
13 79
13 83
13 84
13 95
13 96
13 100
13 101
13 103
13 116
14 15
14 19
14 20
14 27
14 39
14 42
14 43
14 54
14 63
14 64
14 79
14 85
14 86
14 89
14 97
14 107
14 119
15 17
15 21
15 31
15 33
15 34
15 39
15 41
15 48
15 50
15 70
15 88
15 93
15 111
16 21
16 39
16 44
16 46
16 67
16 72
16 80
16 84
16 86
16 90
16 107
16 108
17 23
17 29
17 35
17 38
17 45
17 47
17 51
17 67
17 69
17 80
17 112
17 119
18 20
18 24
18 27
18 55
18 59
18 73
18 76
19 22
19 67
19 80
19 83
20 26
20 30
20 31
20 34
20 36
20 39
20 41
20 45
20 47
20 55
20 57
20 58
20 93
20 94
20 104
21 22
21 28
21 32
21 42
21 49
21 63
21 68
21 87
21 108
22 26
22 28
22 39
22 45
22 96
22 104
22 114
23 68
23 81
24 27
24 74
24 84
24 85
24 98
24 102
25 33
25 48
25 77
25 90
25 105
25 110
26 28
26 35
26 41
26 84
27 29
27 32
27 63
27 85
27 87
27 98
28 60
28 74
28 75
28 78
28 99
28 100
28 101
29 32
29 37
29 71
29 89
30 35
30 42
30 43
30 50
30 79
30 92
31 34
31 103
32 37
32 58
32 89
32 97
32 112
33 47
33 66
33 70
33 87
33 115
34 49
34 56
34 60
35 40
35 106
36 46
36 74
37 38
37 45
37 53
37 61
37 62
37 64
37 65
37 67
37 69
37 74
37 75
37 76
37 82
37 83
37 86
37 93
37 95
37 105
37 114
37 117
38 40
38 59
38 69
38 98
39 42
39 52
39 73
39 82
39 113
40 72
40 81
40 90
41 52
41 54
41 63
41 66
41 91
41 114
42 53
42 69
43 65
44 49
44 59
44 68
44 71
45 46
45 48
45 75
45 87
46 49
46 51
46 59
46 61
46 81
46 91
47 64
47 86
47 109
48 50
48 51
48 55
48 81
48 110
48 112
48 114
48 118
49 90
50 61
50 62
50 83
50 116
51 56
51 80
51 82
52 61
52 77
52 95
52 109
53 70
54 81
54 88
54 96
54 103
54 104
55 58
55 65
55 84
55 88
55 101
55 109
55 118
57 60
57 82
58 63
58 112
58 113
59 65
59 92
60 72
60 77
60 91
60 115
61 106
61 109
61 111
62 96
62 104
63 73
63 85
63 88
63 95
63 97
63 101
64 105
64 107
64 116
65 79
65 115
66 78
66 99
66 119
67 85
67 88
67 108
69 86
69 101
70 73
71 103
71 117
72 94
72 96
72 113
73 116
74 109
75 118
77 92
78 91
78 116
78 119
79 90
79 99
79 106
81 115
83 102
83 114
84 89
84 100
87 93
87 110
88 99
88 100
91 94
91 104
91 106
92 111
92 112
94 111
98 108
99 102
100 107
103 117
111 117
113 119
