0 1
0 2
0 3
0 4
0 5
0 6
0 7
0 8
0 9
0 10
0 12
0 14
0 18
0 19
0 20
0 21
0 25
0 27
0 28
0 30
0 33
0 45
0 46
0 50
0 65
0 71
0 77
0 80
0 89
0 91
0 113
0 118
1 6
1 7
1 8
1 9
1 11
1 13
1 14
1 17
1 20
1 21
1 22
1 26
1 31
1 35
1 37
1 42
1 48
1 54
1 59
1 61
1 63
1 68
1 76
1 83
1 88
1 95
1 98
1 102
1 119
2 6
2 7
2 9
2 12
2 13
2 15
2 16
2 18
2 28
2 33
2 34
2 36
2 37
2 41
2 49
2 50
2 51
2 57
2 59
2 61
2 68
2 72
2 77
2 81
2 84
2 112
2 115
3 6
3 7
3 19
3 33
3 36
3 57
3 66
3 91
3 93
3 115
4 68
4 69
4 73
4 85
5 6
5 8
5 10
5 16
5 19
5 20
5 22
5 28
5 29
5 37
5 48
5 53
5 56
5 65
5 71
5 75
5 107
5 109
6 7
6 8
6 10
6 11
6 12
6 13
6 14
6 20
6 22
6 27
6 32
6 34
6 38
6 39
6 45
6 47
6 61
6 62
6 63
6 70
6 78
6 86
6 95
6 101
6 108
6 111
6 113
6 116
7 8
7 9
7 11
7 17
7 25
7 35
7 36
7 42
7 45
7 49
7 55
7 56
7 60
7 61
7 62
7 65
7 72
7 80
7 104
7 106
7 108
8 9
8 10
8 11
8 12
8 14
8 15
8 16
8 18
8 29
8 33
8 46
8 83
8 92
8 103
8 116
9 10
9 11
9 13
9 15
9 16
9 18
9 21
9 23
9 25
9 30
9 32
9 38
9 44
9 47
9 50
9 52
9 55
9 60
9 63
9 64
9 65
9 66
9 68
9 71
9 78
9 79
9 81
9 83
9 84
9 90
9 93
9 97
9 98
9 99
9 106
9 110
9 114
10 15
10 19
10 25
10 27
10 31
10 38
10 40
10 51
10 57
10 112
10 116
11 12
11 13
11 14
11 15
11 17
11 19
11 22
11 30
11 31
11 32
11 33
11 34
11 35
11 39
11 40
11 43
11 53
11 58
11 60
11 66
11 67
11 73
11 75
11 77
11 78
11 82
11 85
11 88
11 93
11 94
11 96
11 116
11 117
11 119
12 17
12 23
12 27
12 44
12 51
12 53
12 54
12 67
12 70
12 89
12 107
12 110
13 23
13 42
13 53
13 54
13 59
13 62
13 86
13 87
14 21
14 24
14 39
14 64
14 74
14 82
14 98
15 16
15 22
15 26
15 29
15 35
15 39
15 52
15 58
15 59
15 60
15 61
15 82
15 111
16 17
16 18
16 20
16 26
16 30
16 67
16 72
16 85
17 57
17 99
18 23
18 24
18 25
18 26
18 28
18 32
18 42
18 44
18 48
18 52
18 56
18 73
18 102
19 21
19 23
19 24
19 29
19 34
19 53
19 59
19 63
19 75
19 76
19 83
19 86
19 90
19 94
19 105
20 24
20 37
20 52
20 55
20 70
20 80
20 102
20 118
21 27
21 31
21 49
21 87
21 95
21 102
22 28
22 32
22 40
22 43
22 47
22 62
23 24
23 34
23 64
23 71
23 72
23 73
23 75
23 104
23 108
24 43
24 55
24 81
24 95
24 101
25 26
25 54
25 67
26 40
26 41
26 56
26 84
26 91
26 100
26 116
27 38
27 48
27 80
27 107
28 29
28 35
28 111
29 30
29 31
29 36
29 37
29 39
29 40
29 81
29 82
29 94
29 96
30 38
30 46
30 80
30 90
30 100
30 117
31 36
31 41
31 46
31 47
31 72
31 74
31 76
31 79
31 86
31 93
31 108
31 115
32 43
32 45
32 50
32 67
32 84
32 97
32 106
33 119
34 43
34 51
34 52
34 57
34 101
34 118
35 41
35 50
35 79
35 94
35 102
36 76
36 90
37 41
37 69
37 97
37 100
37 104
38 46
38 74
38 85
39 42
39 49
39 58
39 97
40 81
41 44
41 45
41 66
41 75
41 78
41 84
41 103
41 105
42 44
42 62
42 104
42 109
43 54
43 70
43 73
43 79
44 100
44 103
44 104
45 55
45 58
45 100
46 47
46 48
46 69
46 85
46 96
46 114
47 69
47 77
47 79
47 87
47 90
47 111
48 49
48 58
48 63
48 65
48 69
48 105
48 106
49 51
50 109
51 56
51 110
52 77
52 101
53 119
55 89
55 98
55 114
56 60
57 92
57 99
59 111
60 83
61 66
61 68
61 89
61 99
62 64
62 109
63 64
63 70
63 99
63 114
64 74
64 87
64 97
65 113
66 71
66 96
66 117
67 96
67 109
67 113
67 115
67 118
69 92
69 112
71 74
71 108
72 86
72 88
72 95
72 115
73 88
73 94
74 76
74 106
75 113
75 117
76 87
76 92
76 112
76 118
77 78
77 107
78 88
79 112
79 114
79 119
80 82
80 91
80 92
81 105
81 107
82 117
84 89
84 103
85 98
87 91
87 93
90 110
93 101
96 110
97 103
104 105
