0 1
0 2
0 3
0 4
0 5
0 6
0 7
0 8
0 9
0 10
0 11
0 13
0 14
0 20
0 24
0 25
0 27
0 32
0 35
0 37
0 43
0 44
0 46
0 47
0 55
0 56
0 58
0 61
0 68
0 70
0 73
0 83
0 88
0 91
0 96
0 102
0 108
1 6
1 7
1 8
1 9
1 12
1 14
1 16
1 17
1 35
1 36
1 37
1 41
1 43
1 49
1 51
1 55
1 58
1 59
1 66
1 77
1 81
1 91
1 96
1 99
1 111
1 119
2 6
2 10
3 6
3 17
3 19
3 21
3 25
3 30
3 41
3 44
3 65
4 7
4 34
4 45
4 74
4 77
4 112
5 6
5 7
5 8
5 9
5 11
5 13
5 14
5 15
5 16
5 20
5 24
5 27
5 31
5 33
5 42
5 50
5 51
5 56
5 61
5 74
5 75
5 92
5 93
5 100
5 103
5 107
5 118
6 7
6 8
6 9
6 10
6 12
6 13
6 14
6 40
6 47
6 62
6 68
6 95
6 105
6 110
7 8
7 9
7 10
7 11
7 15
7 18
7 19
7 20
7 26
7 27
7 28
7 29
7 34
7 36
7 42
7 48
7 50
7 52
7 55
7 56
7 58
7 59
7 65
7 74
7 78
7 84
7 107
8 12
8 15
8 16
8 18
8 21
8 22
8 24
8 32
8 35
8 43
8 46
8 52
8 63
8 88
8 96
8 103
8 107
8 109
8 117
9 10
9 11
9 17
9 21
9 22
9 23
9 27
9 28
9 29
9 31
9 39
9 42
9 47
9 53
9 70
9 77
9 80
9 83
9 86
9 87
9 89
9 101
9 104
10 11
10 12
10 14
10 16
10 17
10 23
10 29
10 33
10 34
10 41
10 54
10 59
10 62
10 69
10 71
10 72
10 75
10 76
10 80
10 87
10 91
10 94
10 98
10 106
10 116
11 12
11 13
11 15
11 16
11 18
11 21
11 23
11 24
11 26
11 28
11 35
11 38
11 39
11 46
11 48
11 52
11 53
11 60
11 67
11 70
11 78
11 84
11 86
11 90
11 106
11 119
12 13
12 15
12 18
12 19
12 23
12 25
12 31
12 33
12 34
12 38
12 40
12 43
12 45
12 49
12 50
12 62
12 63
12 70
12 77
12 79
12 83
12 85
12 90
12 98
12 99
12 101
12 103
12 106
12 109
12 114
12 115
13 20
13 30
13 39
13 63
13 67
13 92
13 111
13 115
14 17
14 18
14 26
14 27
14 28
14 36
14 37
14 40
14 50
14 72
14 86
14 89
14 90
14 93
14 117
15 19
15 20
15 33
15 76
15 95
15 110
16 25
16 42
16 44
16 48
16 53
16 78
16 84
16 87
16 90
16 114
17 22
17 29
17 74
17 94
17 112
18 19
18 24
18 25
18 32
18 37
18 41
18 48
18 54
18 57
18 64
18 73
18 110
18 119
19 21
19 22
19 23
19 41
19 47
19 61
19 63
19 69
19 102
20 22
20 28
20 38
20 44
20 52
20 56
20 60
20 65
20 66
20 69
20 88
20 112
21 30
21 32
21 34
21 43
21 82
21 101
21 104
22 79
23 26
23 36
23 44
23 48
23 49
23 54
23 64
23 92
23 110
24 29
24 30
24 31
24 91
24 113
25 26
25 31
25 35
25 49
25 52
25 61
25 64
25 82
25 91
25 103
25 114
27 30
27 32
27 39
27 40
27 51
27 57
27 72
27 84
27 100
28 38
28 45
28 96
28 119
30 33
30 36
30 42
30 46
30 53
30 54
30 55
30 57
30 62
30 64
30 67
30 68
30 71
30 78
30 82
30 89
30 104
30 105
30 115
30 118
31 66
31 85
31 90
31 99
31 112
32 49
32 58
32 65
32 71
32 75
32 97
33 37
33 38
33 56
33 63
33 76
33 83
33 89
33 97
34 39
34 60
34 69
34 74
34 78
34 80
34 99
34 119
35 73
35 80
35 82
35 100
35 102
35 109
35 116
35 118
36 45
36 58
36 89
37 40
37 51
37 64
37 115
38 82
38 106
38 108
39 79
39 113
41 45
41 51
41 57
41 59
41 85
41 102
41 105
42 46
42 59
42 68
42 69
42 80
42 83
42 96
42 100
42 117
43 47
43 53
43 79
43 87
44 101
44 116
45 55
45 92
45 107
46 68
47 67
47 75
47 81
47 109
48 50
48 66
48 77
48 86
49 72
49 88
49 101
50 60
50 98
51 73
51 76
51 95
52 54
52 61
52 65
52 85
52 103
52 105
52 116
54 94
55 86
55 94
56 57
57 60
57 76
57 97
58 62
58 117
59 66
59 71
59 72
59 85
59 98
59 104
60 108
63 67
63 81
64 71
65 100
66 70
67 81
67 95
68 75
68 107
68 108
68 114
69 79
69 111
71 93
71 116
72 73
74 94
74 106
75 92
75 113
75 114
76 84
76 93
76 104
77 88
77 98
80 81
80 87
80 118
82 110
82 112
83 97
83 111
85 102
86 97
87 93
87 95
87 99
89 108
89 113
90 117
91 109
91 111
94 105
94 113
95 115
99 118
