0 1
0 2
0 3
0 4
0 5
0 6
0 7
0 8
0 9
0 10
0 12
0 15
0 17
0 19
0 22
0 30
0 32
0 42
0 51
0 52
0 53
0 60
0 78
0 81
0 83
0 96
0 105
0 106
1 6
1 12
1 14
1 27
1 43
1 46
1 47
1 56
1 59
1 65
1 84
1 106
2 6
2 7
2 10
2 24
2 83
2 96
2 106
2 109
3 35
4 6
4 7
4 8
4 9
4 10
4 15
4 16
4 17
4 21
4 46
4 68
4 73
4 75
4 77
4 82
4 97
4 98
4 112
4 114
5 6
5 7
5 8
5 9
5 11
5 16
5 17
5 19
5 23
5 26
5 27
5 28
5 32
5 37
5 40
5 41
5 44
5 49
5 57
5 62
5 81
5 106
5 116
5 117
6 7
6 8
6 9
6 10
6 11
6 12
6 13
6 14
6 15
6 21
6 26
6 33
6 34
6 39
6 40
6 41
6 43
6 47
6 48
6 51
6 52
6 53
6 55
6 66
6 74
6 91
6 92
6 97
6 98
6 109
6 114
7 8
7 11
7 14
7 15
7 18
7 19
7 20
7 27
7 34
7 51
7 52
7 54
7 67
7 80
7 83
7 89
7 105
7 109
7 117
7 119
8 9
8 10
8 11
8 12
8 13
8 14
8 17
8 18
8 20
8 24
8 25
8 29
8 30
8 33
8 34
8 36
8 37
8 38
8 50
8 52
8 63
8 80
8 87
8 110
8 113
8 118
9 11
9 13
9 15
9 16
9 18
9 23
9 28
9 29
9 31
9 33
9 34
9 37
9 48
9 50
9 51
9 64
9 66
9 67
9 68
9 85
9 94
9 97
9 98
9 104
9 108
10 13
10 14
10 16
10 21
10 23
10 24
10 29
10 31
10 38
10 39
10 46
10 54
10 55
10 58
10 60
10 70
10 89
10 95
10 100
10 102
10 108
10 118
11 12
11 13
11 19
11 20
11 21
11 22
11 25
11 26
11 27
11 30
11 39
11 41
11 42
11 44
11 47
11 51
11 69
11 71
11 78
11 79
11 82
11 86
11 91
11 102
11 104
12 18
12 20
12 25
12 26
12 30
12 33
12 38
12 40
12 44
12 46
12 50
12 55
12 59
12 64
12 72
12 85
12 88
12 94
12 101
12 104
12 110
12 114
12 119
13 65
13 79
13 82
13 117
14 17
14 18
14 23
14 25
14 64
14 66
14 91
14 92
14 99
14 107
14 110
15 16
15 21
15 28
15 29
15 34
15 36
15 39
15 63
15 72
15 77
15 95
16 19
16 22
16 23
16 25
16 30
16 35
16 43
16 60
16 61
16 63
16 89
16 90
16 93
17 35
17 40
17 86
18 20
18 22
18 24
18 37
18 59
18 83
18 84
18 87
18 114
19 28
19 32
19 45
19 69
19 71
19 72
19 104
20 24
20 26
20 28
20 31
20 36
20 40
20 45
20 49
20 52
20 58
20 61
20 67
20 76
20 79
20 85
20 97
20 110
21 22
21 32
21 36
21 41
21 94
21 95
21 96
21 99
22 27
22 38
22 39
22 49
22 64
22 68
22 75
22 77
22 105
22 117
23 35
23 57
23 69
23 90
23 94
23 106
23 111
25 29
25 31
25 61
25 62
25 81
25 82
25 112
26 36
26 43
26 45
26 73
27 31
27 55
27 81
28 33
28 35
28 38
28 42
28 45
28 49
28 50
28 54
28 56
28 57
28 62
28 68
28 71
28 74
28 78
28 93
28 99
28 103
28 111
29 41
29 53
29 57
29 62
29 119
30 32
30 37
30 70
30 76
30 80
30 108
30 115
31 42
31 47
31 48
31 53
31 56
31 76
31 92
31 105
32 46
32 56
32 57
32 65
32 82
33 87
34 58
34 60
34 65
35 42
35 44
35 48
35 64
35 80
35 88
35 95
35 101
35 110
36 56
36 81
37 54
37 67
37 112
37 115
38 43
39 68
40 44
40 45
40 47
40 61
40 79
40 91
40 104
40 107
41 48
41 53
41 58
41 66
41 75
42 58
42 60
42 63
42 73
42 74
42 76
42 93
42 111
43 59
43 100
45 59
45 69
45 70
45 72
45 79
45 85
45 96
45 102
45 112
45 113
46 78
46 108
46 118
47 50
47 75
47 88
47 98
48 49
48 88
49 84
50 88
51 55
51 62
51 63
51 66
51 90
51 116
52 54
52 78
53 72
53 75
54 116
54 119
55 101
56 61
56 67
56 89
56 90
56 92
56 98
56 100
56 107
56 115
57 71
58 100
58 118
59 74
59 109
60 65
60 83
60 94
61 70
61 97
61 113
61 116
63 74
64 73
64 80
64 84
64 95
65 115
66 71
67 86
67 107
68 69
68 70
68 77
68 93
68 105
69 77
69 91
69 96
69 100
69 101
69 111
69 116
70 73
73 76
73 93
73 103
73 115
75 86
75 87
75 92
75 99
76 90
77 85
77 101
77 111
78 84
78 86
78 103
80 99
80 102
81 87
82 108
82 114
85 89
87 113
89 117
91 112
94 118
96 102
98 103
99 103
100 109
104 107
104 119
106 113
