0 1
0 2
0 3
0 4
0 5
0 6
0 7
0 8
0 10
0 11
0 13
0 14
0 16
0 18
0 24
0 25
0 29
0 36
0 53
0 56
0 62
0 67
0 70
0 76
0 78
0 84
0 95
1 6
1 7
1 8
1 9
1 11
1 13
1 15
1 20
1 21
1 22
1 26
1 27
1 28
1 30
1 36
1 48
1 52
1 54
1 63
1 64
1 77
1 84
1 87
1 89
1 96
1 101
1 104
1 107
1 112
1 117
1 118
1 119
2 6
2 7
2 13
2 14
2 18
2 19
2 37
2 39
2 49
2 50
2 55
2 61
2 62
2 65
2 69
2 89
2 109
3 6
3 7
3 8
3 9
3 10
3 11
3 12
3 15
3 17
3 20
3 24
3 25
3 29
3 31
3 33
3 34
3 35
3 38
3 44
3 47
3 51
3 62
3 64
3 71
3 75
3 83
3 102
3 112
3 114
3 117
4 6
4 7
4 12
4 13
4 18
4 19
4 20
4 34
4 35
4 40
4 54
4 72
4 75
4 77
4 87
4 92
4 97
5 27
6 8
6 9
6 10
6 11
6 16
6 19
6 20
6 22
6 23
6 39
6 44
6 53
6 56
6 59
6 60
6 61
6 65
6 68
6 69
6 90
6 97
6 100
6 102
6 111
6 116
7 8
7 9
7 10
7 12
7 15
7 16
7 18
7 21
7 24
7 27
7 28
7 32
7 39
7 43
7 45
7 48
7 50
7 53
7 56
7 63
7 70
7 90
7 93
7 95
7 100
7 108
7 109
7 110
7 112
8 9
8 10
8 14
8 15
8 21
8 24
8 25
8 33
8 37
8 42
8 44
8 55
8 59
8 62
8 66
8 79
8 81
8 113
8 114
8 119
9 11
9 24
9 35
9 42
9 52
9 71
9 74
9 80
9 100
9 102
9 106
9 116
10 12
10 16
10 17
10 25
10 28
10 29
10 33
10 45
10 48
10 49
10 51
10 58
10 66
10 67
10 74
10 85
10 94
10 107
10 114
10 115
11 12
11 13
11 14
11 16
11 17
11 26
11 34
11 40
11 51
11 75
11 80
11 104
11 115
12 14
12 21
12 30
12 39
12 40
12 48
12 50
12 51
12 55
12 61
12 63
12 67
12 92
12 113
13 19
13 61
13 69
13 75
13 76
13 93
14 15
14 19
14 22
14 26
14 29
14 32
14 43
14 44
14 46
14 48
14 58
14 60
14 65
14 79
14 82
14 83
14 88
14 113
15 17
15 43
15 44
15 45
15 47
15 78
15 81
15 101
15 103
15 118
16 17
16 18
16 21
16 23
16 30
16 32
16 36
16 41
16 46
16 47
16 49
16 52
16 53
16 57
16 64
16 65
16 80
16 88
16 90
16 95
16 110
16 117
17 25
17 26
17 28
17 30
17 31
17 33
17 34
17 35
17 36
17 45
17 51
17 78
17 79
17 85
17 110
18 62
18 66
18 83
18 92
19 20
19 22
19 23
19 27
19 29
19 38
19 41
19 50
19 56
19 57
19 65
19 74
19 81
19 83
19 88
19 95
19 98
19 100
20 22
20 23
20 49
20 53
20 102
21 23
21 31
21 36
21 41
21 46
21 55
21 57
21 58
21 66
21 73
21 74
21 87
21 108
21 112
22 37
22 79
22 88
22 114
23 39
23 41
23 46
23 70
23 72
23 93
23 98
23 109
23 118
24 28
24 32
24 37
24 38
24 47
24 59
24 60
24 68
24 71
24 85
24 97
24 99
25 26
25 27
25 38
25 42
25 55
25 57
25 63
25 70
25 73
25 82
25 98
25 110
26 31
26 32
26 37
26 40
26 41
26 61
26 68
26 92
27 35
27 72
27 78
27 81
29 30
29 31
29 95
29 97
30 43
30 76
30 82
30 96
30 100
30 106
31 38
31 71
31 105
31 119
32 33
32 34
32 64
32 70
32 72
32 91
32 92
33 80
33 89
34 42
34 45
34 58
34 89
34 96
34 110
34 116
35 85
35 117
37 59
37 77
38 52
38 73
39 40
39 42
39 50
39 67
39 73
39 82
39 88
39 107
39 108
40 54
40 60
40 87
40 106
41 43
41 79
43 91
43 99
44 49
44 57
44 91
44 111
45 46
45 52
45 63
45 69
45 77
45 99
45 105
45 108
46 47
46 60
46 81
46 84
47 54
47 64
47 71
47 86
47 101
47 119
48 54
48 69
50 56
50 93
50 98
52 80
52 85
52 90
53 58
53 68
53 96
54 76
54 104
54 111
55 103
56 75
56 86
56 99
57 59
57 74
58 86
58 91
58 94
58 99
58 108
58 112
59 91
59 116
59 118
60 83
61 68
61 78
61 86
61 98
61 103
62 66
62 76
62 87
62 93
62 101
63 82
63 115
64 94
65 67
65 72
65 106
68 94
69 94
70 73
70 106
71 84
71 103
72 103
73 109
74 109
76 77
77 116
80 84
80 86
80 89
80 107
81 118
83 105
85 90
85 97
85 107
85 117
87 96
88 102
88 105
89 119
90 101
90 104
90 105
92 104
92 115
99 113
99 115
101 114
103 113
106 111
107 111
