0 1
0 2
0 3
0 4
0 5
0 6
0 7
0 8
0 10
0 11
0 12
0 14
0 16
0 22
0 26
0 34
0 39
0 50
0 64
0 77
0 80
0 84
0 85
0 89
0 96
0 99
0 102
0 113
0 117
0 118
1 6
1 7
1 8
1 9
1 14
1 20
1 22
1 23
1 25
1 28
1 38
1 40
1 91
1 95
2 6
2 7
2 8
2 12
2 13
2 15
2 23
2 27
2 33
2 34
2 39
2 44
2 48
2 65
2 71
3 12
3 31
3 93
3 94
3 104
3 105
3 116
4 6
4 7
4 9
4 11
4 13
4 14
4 15
4 16
4 17
4 19
4 21
4 27
4 30
4 42
4 47
4 49
4 54
4 55
4 60
4 72
4 78
4 79
4 81
4 82
4 111
4 114
4 115
5 6
5 19
5 24
5 33
5 38
5 41
5 64
5 74
5 76
6 7
6 8
6 9
6 10
6 12
6 13
6 16
6 18
6 19
6 20
6 21
6 25
6 28
6 31
6 39
6 42
6 46
6 57
6 60
6 61
6 65
6 68
6 77
6 94
6 99
6 109
6 110
7 8
7 9
7 10
7 11
7 13
7 26
7 30
7 32
7 35
7 38
7 41
7 47
7 49
7 51
7 73
7 78
7 96
7 98
8 9
8 10
8 13
8 16
8 17
8 18
8 20
8 27
8 40
8 44
8 54
8 59
8 70
8 91
8 100
8 103
8 108
9 10
9 11
9 12
9 15
9 17
9 20
9 26
9 33
9 43
9 52
9 58
9 70
9 75
9 80
9 81
9 84
9 85
9 87
9 90
10 11
10 15
10 17
10 18
10 19
10 21
10 23
10 25
10 28
10 30
10 37
10 38
10 43
10 45
10 49
10 54
10 57
10 58
10 63
10 66
10 72
10 80
10 91
10 107
11 14
11 20
11 21
11 22
11 23
11 40
11 46
11 48
11 53
11 56
11 57
11 59
11 76
11 82
11 91
11 95
11 97
11 101
11 110
11 114
11 119
12 14
12 17
12 18
12 19
12 24
12 29
12 36
12 41
12 45
12 46
12 60
12 62
12 66
12 67
12 84
12 86
12 94
12 96
12 105
12 112
13 15
13 34
13 39
13 42
13 46
13 52
13 60
13 92
13 100
13 103
13 116
14 18
14 21
14 25
14 30
14 40
14 51
14 53
14 55
14 62
14 69
14 89
14 98
14 99
14 109
14 111
14 115
15 16
15 22
15 27
15 28
15 29
15 32
15 41
15 56
15 63
15 78
15 88
15 90
15 94
15 102
15 110
16 24
16 38
16 54
16 85
17 26
17 34
17 65
17 68
17 76
17 83
17 90
17 102
17 115
18 31
18 36
18 41
18 52
18 53
18 58
18 60
18 63
18 67
18 83
18 95
19 35
19 37
19 45
19 72
19 73
19 84
19 101
20 22
20 29
20 32
20 33
20 35
20 37
20 44
20 51
20 70
20 88
20 103
20 110
21 23
21 24
21 29
21 37
21 62
21 65
21 67
21 97
21 117
21 118
22 31
22 34
22 74
22 79
22 86
22 91
22 100
22 101
23 24
23 27
23 33
23 36
23 49
23 51
23 73
23 77
23 108
24 25
24 26
24 30
24 32
24 50
24 69
24 70
24 74
24 76
24 99
24 103
24 104
25 53
25 69
25 88
25 105
26 28
26 29
26 31
26 40
26 50
26 52
26 55
26 82
26 84
26 106
27 32
27 42
27 43
27 48
27 51
27 54
27 59
27 71
27 72
27 77
27 79
27 100
27 119
28 35
28 74
28 93
28 106
28 115
29 108
29 112
29 114
30 39
30 42
30 44
30 46
30 52
30 58
30 59
30 61
30 68
30 76
30 90
30 92
31 50
31 57
31 86
31 92
31 100
31 112
32 47
32 71
32 82
32 87
32 92
32 93
32 117
33 36
33 45
33 75
33 104
34 35
34 36
34 37
34 45
34 47
34 48
34 50
34 61
34 62
34 65
34 79
34 94
35 49
36 71
36 87
36 95
36 103
37 47
37 56
37 61
37 66
37 78
38 53
38 67
38 83
39 43
39 55
39 62
39 118
40 43
40 58
40 68
41 66
41 85
41 105
42 56
42 59
42 71
42 85
42 104
42 113
43 44
43 63
43 70
43 75
43 89
44 86
45 89
47 48
47 64
47 80
47 98
47 108
47 109
47 118
48 81
48 119
49 66
49 99
49 113
50 55
50 63
50 109
51 72
52 111
53 64
53 69
53 75
53 79
53 80
53 107
54 56
54 73
55 81
56 57
56 64
56 77
57 106
58 61
58 67
58 69
58 74
58 83
58 87
58 92
58 97
58 106
58 112
59 83
59 93
59 97
59 110
59 113
60 114
60 115
60 118
61 107
62 96
64 98
65 73
65 101
67 68
67 88
67 89
67 102
68 75
69 82
69 97
72 98
72 108
72 116
72 119
73 81
74 78
76 86
77 96
78 87
81 116
82 90
82 101
82 102
82 112
82 114
83 88
88 104
89 93
91 117
93 95
99 107
100 113
101 106
101 107
103 105
103 109
103 116
105 111
109 111
111 117
115 119
