0 1
0 2
0 3
0 4
0 5
0 6
0 7
0 8
0 9
0 11
0 12
0 14
0 15
0 16
0 17
0 18
0 21
0 23
0 24
0 29
0 30
0 33
0 34
0 35
0 36
0 37
0 39
0 43
0 46
0 49
0 51
0 52
0 57
0 59
0 62
0 69
0 71
0 77
0 79
0 81
0 82
0 83
0 84
0 89
0 91
0 92
0 93
0 97
0 101
0 103
0 112
0 113
1 6
1 7
1 10
1 16
1 17
1 21
1 31
1 32
1 45
1 60
1 70
1 72
1 73
1 75
1 78
1 88
1 102
1 107
1 116
2 6
2 7
2 9
2 16
2 22
2 24
2 31
2 36
2 38
2 43
2 60
2 87
2 105
2 112
3 6
3 9
3 10
3 11
3 13
3 14
3 19
3 21
3 28
3 33
3 38
3 40
3 47
3 52
3 67
3 82
3 85
3 95
3 119
4 6
4 8
4 12
4 13
4 17
4 23
4 25
4 38
4 41
4 43
4 45
4 47
4 49
4 56
4 58
4 60
4 70
4 74
4 77
4 84
4 89
4 95
4 109
5 7
5 8
5 10
5 16
6 7
6 8
6 9
6 10
6 13
6 14
6 23
6 24
6 26
6 36
6 39
6 41
6 42
6 44
6 45
6 48
6 53
6 70
6 72
6 74
6 80
6 91
6 93
6 115
7 8
7 9
7 10
7 11
7 12
7 13
7 14
7 17
7 18
7 20
7 21
7 28
7 30
7 32
7 33
7 35
7 37
7 40
7 41
7 42
7 45
7 47
7 50
7 56
7 59
7 62
7 64
7 71
7 73
7 75
7 76
7 86
7 89
7 93
7 95
7 103
7 106
7 113
7 117
7 119
8 11
8 12
8 15
8 17
8 20
8 30
8 36
8 43
8 61
8 94
9 11
9 12
9 13
9 18
9 23
9 27
9 32
9 34
9 36
9 49
9 51
9 57
9 69
9 76
9 89
10 20
10 22
10 27
10 44
10 47
10 48
10 53
10 58
10 59
10 77
10 110
11 15
11 20
11 39
11 48
11 63
11 111
11 112
11 118
11 119
12 14
12 15
12 19
12 23
12 24
12 27
12 28
12 29
12 41
12 42
12 52
12 54
12 69
12 83
12 86
12 87
12 98
12 101
12 112
13 16
13 18
13 22
13 29
13 30
13 31
13 32
13 34
13 38
13 40
13 47
13 54
13 66
13 78
13 80
13 89
13 90
13 115
14 15
14 20
14 21
14 22
14 29
14 46
14 53
14 63
14 67
14 73
14 74
14 85
14 92
14 98
14 109
14 114
14 115
15 19
15 25
15 28
15 37
15 39
15 40
15 52
15 62
15 63
15 67
15 93
15 97
15 107
15 108
16 19
16 76
17 18
17 19
17 22
17 25
17 26
17 34
17 46
17 48
17 49
17 53
17 78
17 79
17 81
17 84
17 116
17 118
18 25
18 30
18 33
18 60
18 65
18 79
18 96
18 117
19 26
19 27
19 58
20 24
20 46
20 59
21 27
21 31
21 57
21 61
21 62
21 78
21 96
21 111
22 25
22 26
22 34
22 37
22 50
22 62
22 90
22 115
23 26
23 58
23 71
23 104
24 31
24 55
24 104
24 110
25 28
25 61
25 88
25 106
26 32
26 74
26 101
26 111
27 35
27 49
27 55
27 69
27 100
27 104
28 29
28 41
28 51
28 65
28 68
28 107
28 110
28 113
29 50
30 44
30 51
30 77
30 80
30 83
30 95
30 119
31 33
31 38
31 39
31 58
31 60
31 61
31 65
31 73
31 74
31 84
31 111
31 113
32 35
32 53
32 82
32 85
32 105
33 37
33 42
33 46
33 56
33 64
33 70
34 35
34 91
34 96
34 99
35 43
35 48
35 84
35 88
35 91
35 93
35 113
36 44
36 67
36 68
36 90
36 98
36 102
36 103
36 117
37 44
37 55
37 56
37 91
37 104
38 40
38 42
38 54
38 68
38 101
38 105
39 55
39 57
39 73
39 102
40 51
40 86
40 88
40 90
40 110
40 116
41 50
41 54
41 65
41 66
41 76
41 107
41 114
41 117
41 118
41 119
42 55
42 81
43 45
43 63
43 66
43 72
43 106
43 110
44 75
44 92
44 103
44 104
44 109
46 64
46 71
46 94
47 59
47 108
48 56
48 69
48 98
49 50
49 52
49 54
49 64
49 68
49 72
49 82
49 97
50 75
50 86
50 99
51 57
51 61
51 66
51 87
51 99
53 112
54 63
54 66
54 107
54 109
56 79
57 71
57 86
58 80
58 97
59 64
59 98
60 92
60 102
60 111
61 65
61 118
62 68
62 80
63 70
63 83
63 114
64 72
64 79
65 67
65 76
68 85
68 94
69 77
69 96
70 75
70 81
71 87
72 100
72 102
73 78
73 117
74 99
75 81
75 83
76 94
77 95
79 103
80 82
81 96
82 85
82 114
83 92
85 87
85 88
85 100
87 106
87 118
88 90
89 108
89 109
90 97
91 105
91 108
92 94
92 101
95 100
97 108
98 99
98 100
98 106
101 105
103 116
105 114
107 115
110 116
