0 1
0 2
0 3
0 4
0 5
0 6
0 7
0 8
0 9
0 10
0 11
0 12
0 17
0 22
0 24
0 25
0 29
0 33
0 36
0 38
0 41
0 44
0 56
0 59
0 60
0 64
0 66
0 69
0 78
0 82
0 95
0 104
1 6
1 7
1 8
1 9
1 10
1 11
1 18
1 19
1 20
1 24
1 28
1 62
1 82
1 109
1 113
2 29
2 76
2 81
3 6
3 7
3 8
3 10
3 13
3 15
3 17
3 24
3 25
3 31
3 67
3 88
3 98
3 99
3 103
3 115
4 6
4 12
5 6
5 7
5 8
5 9
5 10
5 11
5 14
5 15
5 16
5 17
5 18
5 19
5 23
5 27
5 29
5 31
5 33
5 35
5 38
5 42
5 45
5 53
5 54
5 58
5 59
5 72
5 73
5 75
5 77
5 87
5 93
6 7
6 8
6 9
6 12
6 14
6 15
6 18
6 19
6 20
6 21
6 26
6 28
6 34
6 41
6 45
6 50
6 65
6 71
6 73
6 76
6 112
6 119
7 11
7 12
7 13
7 14
7 17
7 23
7 25
7 32
7 37
7 42
7 44
7 46
7 47
7 52
7 54
7 58
7 62
7 64
7 69
7 70
7 72
7 75
7 77
7 85
7 86
7 87
7 93
7 115
7 119
8 9
8 13
8 14
8 16
8 19
8 20
8 21
8 23
8 26
8 27
8 29
8 34
8 37
8 44
8 49
8 51
8 52
8 68
8 78
8 89
8 109
8 111
8 112
9 10
9 12
9 13
9 15
9 17
9 18
9 22
9 28
9 35
9 40
9 51
9 59
9 71
9 79
9 81
9 100
9 106
9 118
10 11
10 16
10 19
10 20
10 21
10 26
10 27
10 30
10 33
10 34
10 35
10 36
10 47
10 53
10 55
10 64
10 65
10 70
10 79
10 88
10 94
10 119
11 41
11 51
11 53
11 62
11 100
12 13
12 22
12 32
12 37
12 42
12 43
12 54
12 60
12 63
12 70
12 76
12 85
12 87
12 101
12 108
12 110
12 111
12 117
13 14
13 16
13 21
13 29
13 33
13 36
13 47
13 49
13 50
13 66
13 67
13 84
13 95
13 98
13 114
14 15
14 20
14 22
14 28
14 39
14 48
14 82
14 104
14 105
15 16
15 18
15 24
15 25
15 26
15 27
15 31
15 34
15 38
15 40
15 42
15 47
15 55
15 63
15 81
15 83
15 96
16 23
16 24
16 30
16 34
16 35
16 36
16 37
16 40
16 45
16 46
16 57
16 63
16 71
16 78
16 79
16 88
16 90
16 92
16 106
16 111
16 117
17 25
17 26
17 28
17 30
17 39
17 42
17 48
17 57
17 73
17 97
17 114
18 64
18 81
18 96
18 101
19 21
19 30
19 38
19 41
19 54
19 56
19 61
19 68
19 80
19 84
19 91
19 116
20 61
20 72
20 101
21 22
21 31
21 32
21 38
21 43
21 48
21 49
21 50
21 56
21 66
21 68
21 74
21 77
21 82
21 99
21 107
22 23
22 27
22 40
22 53
22 61
22 68
22 74
22 84
22 91
22 92
22 115
23 36
23 83
23 91
23 99
23 102
24 44
24 49
24 54
24 55
24 83
24 95
25 31
25 32
25 37
25 44
25 59
25 66
25 67
25 81
25 89
25 90
25 98
25 105
26 33
26 41
26 45
26 53
26 58
26 60
26 76
26 99
26 118
27 45
27 58
28 30
28 43
28 50
28 52
28 68
28 83
28 91
28 108
28 117
29 32
29 39
29 52
29 91
29 93
30 51
30 76
30 80
30 86
31 98
32 43
32 47
32 67
32 69
32 73
32 79
32 84
32 87
32 95
32 105
32 109
33 39
33 63
33 74
33 82
33 97
33 98
33 108
34 35
34 104
34 107
35 46
35 59
35 60
35 89
36 39
36 40
36 97
36 101
36 118
37 61
38 43
38 56
38 62
38 63
38 70
38 84
38 117
39 73
39 96
39 105
40 52
40 69
40 85
40 86
40 90
40 107
41 48
41 67
41 106
42 62
42 80
42 88
43 46
43 56
43 75
43 89
43 112
44 46
44 48
44 49
44 64
45 71
45 97
45 114
46 57
46 87
46 92
46 107
47 51
47 72
47 109
48 50
48 60
48 72
48 77
48 102
48 103
48 115
48 119
49 65
49 114
50 55
50 101
50 112
51 55
51 57
51 61
51 75
51 104
53 94
55 71
56 57
56 58
56 77
57 66
57 92
57 102
57 115
58 65
58 89
58 99
59 107
60 113
61 105
63 65
65 70
65 80
65 95
67 69
67 85
67 103
67 111
68 78
68 88
68 94
69 80
69 90
70 93
70 104
70 116
71 86
71 96
72 74
73 74
74 75
74 108
75 78
75 85
75 90
75 103
75 116
75 118
76 93
76 111
76 116
77 79
77 103
78 100
78 114
79 100
79 113
81 97
81 110
82 83
82 92
83 112
84 86
84 110
85 96
88 106
88 119
90 100
90 110
91 94
91 116
92 94
94 108
94 117
98 110
99 102
100 102
100 113
103 109
104 118
105 106
105 113
