0 1
0 2
0 3
0 4
0 5
0 6
0 7
0 8
0 9
0 10
0 11
0 12
0 13
0 15
0 18
0 20
0 21
0 26
0 28
0 31
0 32
0 35
0 36
0 39
0 42
0 43
0 52
0 55
0 58
0 60
0 64
0 70
0 73
0 75
0 76
0 84
0 93
0 98
0 101
0 102
0 103
0 105
0 108
0 112
0 113
0 117
1 6
1 7
1 8
1 9
1 22
1 23
1 24
1 30
1 53
1 57
1 60
1 65
1 81
1 85
1 96
1 107
1 108
2 6
2 9
2 17
2 20
2 22
2 25
2 39
2 40
2 47
2 53
2 61
2 67
2 68
2 72
2 93
2 97
2 98
2 99
2 113
2 119
3 7
3 11
3 12
3 13
3 14
3 19
3 32
3 33
3 78
3 95
3 97
3 99
3 105
3 112
4 6
4 8
4 11
4 12
4 16
4 19
4 36
4 38
4 44
4 48
4 74
4 76
4 91
5 6
5 7
5 11
5 13
5 14
5 18
5 19
5 21
5 23
5 24
5 27
5 28
5 29
5 30
5 34
5 40
5 43
5 47
5 51
5 57
5 65
5 69
5 88
5 100
5 103
6 7
6 8
6 10
6 11
6 12
6 13
6 14
6 17
6 20
6 37
6 48
6 50
6 57
6 60
6 62
6 64
6 71
6 73
6 75
6 83
6 84
6 97
6 101
6 107
7 8
7 9
7 10
7 15
7 16
7 19
7 23
7 25
7 27
7 31
7 35
7 37
7 39
7 41
7 51
7 52
7 66
7 67
7 72
7 74
7 90
7 109
7 110
8 9
8 10
8 12
8 14
8 16
8 18
8 22
8 26
8 28
8 30
8 33
8 37
8 38
8 40
8 41
8 47
8 51
8 59
8 61
8 63
8 64
8 70
8 81
8 100
9 10
9 13
9 15
9 23
9 26
9 27
9 28
9 30
9 33
9 34
9 44
9 46
9 49
9 52
9 53
9 54
9 58
9 61
9 69
9 70
9 72
9 84
9 87
9 91
9 96
9 106
9 119
10 15
10 17
10 21
10 24
10 25
10 26
10 31
10 41
10 45
10 50
10 58
10 65
10 106
10 110
10 111
10 118
11 15
11 17
11 20
11 27
11 29
11 35
11 38
11 58
11 67
11 85
11 86
11 89
11 106
12 19
12 28
12 29
12 31
12 32
12 42
12 44
12 45
12 68
12 90
12 111
13 14
13 16
13 23
13 38
13 43
13 45
13 56
13 59
13 61
13 63
13 72
13 73
13 83
13 102
13 109
13 114
13 118
14 18
14 25
14 33
14 45
14 54
14 56
14 57
14 66
14 77
14 80
14 115
15 16
15 52
15 55
15 64
15 70
15 71
15 90
15 109
16 17
16 21
16 22
16 24
16 25
16 26
16 31
16 34
16 43
16 44
16 49
16 54
16 55
16 77
16 92
16 93
16 94
16 95
16 103
17 18
17 20
17 50
17 76
18 42
18 53
18 64
18 67
18 82
18 92
18 96
19 21
19 35
19 36
19 46
19 80
19 87
19 98
19 100
20 22
20 24
20 39
20 41
20 60
20 63
20 68
20 74
20 76
20 79
21 35
21 45
21 47
21 59
21 61
21 77
21 88
21 94
21 95
21 106
22 93
22 102
22 118
23 34
23 42
23 44
23 58
23 76
24 27
24 29
24 30
24 40
24 42
24 53
24 55
24 71
24 82
24 92
24 114
24 117
25 32
25 33
25 38
25 47
25 75
25 79
25 83
25 85
25 89
25 117
26 34
26 46
26 52
26 69
26 71
26 91
26 92
26 103
27 29
27 36
27 48
28 37
28 39
28 49
28 60
28 74
28 108
29 57
29 71
29 88
30 41
30 46
30 51
30 56
30 62
30 73
30 78
30 113
30 115
31 32
31 69
31 82
31 95
31 109
32 36
32 50
32 88
32 92
32 100
33 46
33 62
33 66
33 68
33 77
33 89
34 37
34 43
34 48
34 65
34 80
34 94
34 97
34 101
34 118
35 48
35 56
36 59
36 68
36 116
37 62
37 81
37 96
37 101
37 118
38 40
38 59
38 83
38 85
38 110
38 119
39 108
40 75
40 81
40 99
41 86
42 49
42 51
42 65
42 82
43 79
43 99
43 103
43 104
43 115
44 119
45 54
45 70
45 79
45 107
45 114
45 116
46 49
46 78
46 83
46 99
48 54
48 104
48 109
49 50
49 73
49 82
49 91
49 104
49 119
50 94
51 56
51 62
51 63
52 75
52 94
52 97
53 67
54 55
54 69
54 89
55 63
55 84
55 104
57 80
59 111
60 66
60 72
60 87
60 100
61 66
61 81
61 88
61 114
61 117
62 90
62 105
62 111
62 117
63 79
63 105
64 74
64 98
64 107
66 77
66 78
66 93
66 111
70 112
72 95
72 113
74 86
74 96
75 78
75 85
75 89
76 91
78 86
78 115
79 80
79 87
79 106
79 110
80 86
80 101
81 87
83 84
84 104
86 112
89 90
89 98
89 102
89 105
89 114
91 102
92 116
94 108
95 110
95 112
97 116
103 107
103 113
103 115
114 116
