0 1
0 2
0 3
0 4
0 5
0 6
0 7
0 8
0 9
0 10
0 11
0 12
0 15
0 20
0 21
0 22
0 24
0 27
0 28
0 29
0 32
0 35
0 36
0 39
0 41
0 42
0 43
0 54
0 57
0 61
0 65
0 72
0 73
0 89
0 90
0 96
0 98
0 100
0 112
0 116
1 6
1 7
1 8
1 9
1 10
1 11
1 13
1 15
1 21
1 22
1 27
1 31
1 38
1 40
1 50
1 64
1 67
1 70
1 82
1 83
1 84
1 85
1 99
1 101
1 109
1 114
1 118
2 6
2 7
2 11
2 30
2 40
2 72
2 110
3 6
3 8
3 9
3 12
3 14
3 15
3 24
3 34
3 56
3 59
3 68
3 83
3 110
3 111
4 12
5 6
5 7
5 8
5 14
5 19
5 20
5 40
5 48
5 53
5 58
5 81
5 86
5 87
5 109
5 117
6 7
6 9
6 10
6 12
6 13
6 15
6 17
6 22
6 23
6 25
6 26
6 28
6 29
6 31
6 32
6 36
6 53
6 61
6 63
6 70
6 75
6 78
6 102
6 112
6 113
7 8
7 9
7 10
7 11
7 12
7 13
7 14
7 16
7 17
7 18
7 19
7 22
7 25
7 30
7 34
7 36
7 40
7 41
7 42
7 43
7 52
7 57
7 62
7 67
7 69
7 72
7 83
7 84
7 88
7 100
7 109
8 10
8 11
8 13
8 14
8 15
8 17
8 18
8 20
8 23
8 24
8 25
8 30
8 33
8 35
8 42
8 44
8 46
8 52
8 55
8 57
8 58
8 61
8 68
8 73
8 77
8 80
8 86
8 95
8 96
8 99
8 108
9 14
9 19
9 21
9 32
9 44
9 46
9 48
9 50
9 52
9 55
9 75
9 82
9 90
9 91
9 100
9 103
9 105
9 110
10 16
10 18
10 22
10 23
10 31
10 33
10 39
10 41
10 44
10 46
10 50
10 51
10 67
10 68
10 71
10 75
10 77
10 80
10 85
10 92
10 95
10 99
10 104
10 110
10 117
10 118
11 13
11 16
11 17
11 18
11 29
11 30
11 31
11 38
11 43
11 45
11 58
11 63
11 64
11 71
11 74
11 93
11 99
11 102
11 119
12 18
12 34
12 36
12 39
12 41
12 43
12 48
12 54
12 65
12 74
12 75
12 81
12 82
12 84
12 94
12 104
12 111
13 16
13 25
13 34
13 35
13 38
13 45
13 47
13 60
13 67
13 68
13 114
14 20
14 34
14 62
14 74
14 117
15 16
15 17
15 19
15 20
15 21
15 28
15 30
15 31
15 38
15 43
15 63
15 66
15 72
15 73
15 78
15 80
15 89
15 94
15 102
15 105
15 114
15 119
16 19
16 39
16 40
16 51
17 26
17 28
17 37
17 59
17 64
17 107
17 117
18 21
18 23
18 24
18 26
18 33
18 36
18 48
18 51
18 59
18 66
18 74
18 88
18 91
18 94
18 98
18 105
18 109
19 24
19 26
19 29
19 32
19 42
19 44
19 54
19 60
19 80
19 95
19 97
20 23
20 25
20 33
20 35
20 39
20 51
20 54
20 66
20 68
20 87
20 97
20 105
21 27
21 64
21 71
21 94
21 111
21 114
21 115
22 26
22 37
22 49
22 60
22 66
22 91
23 27
23 46
23 57
23 61
23 73
23 76
23 82
23 84
23 90
23 106
23 108
23 116
24 29
24 48
24 72
24 77
25 28
25 37
25 38
25 53
25 55
25 62
25 70
25 87
25 101
26 27
26 32
26 44
26 52
26 89
26 97
26 102
26 108
27 47
28 47
28 56
28 80
28 95
28 102
28 107
29 55
29 65
30 33
30 37
30 47
30 56
30 60
30 85
30 97
30 118
31 37
31 46
31 50
31 65
31 88
31 92
31 106
31 107
31 108
32 35
32 41
32 45
32 70
32 89
32 104
33 51
33 53
33 60
33 69
33 77
34 56
34 66
34 71
34 74
34 112
34 118
35 57
35 59
35 61
35 63
35 81
35 94
35 101
35 109
36 45
36 56
36 79
36 104
37 53
37 69
37 71
38 93
38 107
39 45
39 47
39 54
40 42
40 55
40 58
40 63
40 76
40 81
40 92
41 49
41 119
42 49
42 50
42 58
42 59
42 64
42 111
42 115
43 49
43 78
43 83
43 98
43 100
43 103
44 91
44 96
45 49
45 76
45 78
45 79
45 87
45 88
45 116
46 76
46 91
46 113
47 65
47 113
48 52
48 62
48 101
49 67
49 104
49 115
50 81
50 93
51 90
51 106
52 79
52 89
52 96
53 93
54 77
55 69
55 70
55 75
55 100
56 62
56 98
58 113
58 119
59 83
60 79
60 107
61 82
61 118
62 112
63 114
64 88
65 115
66 79
66 85
67 76
68 69
68 90
68 105
70 73
70 98
70 110
72 97
73 85
73 86
73 92
75 78
75 92
76 86
76 108
76 116
79 84
79 86
79 87
79 95
79 116
80 103
86 106
88 99
90 101
91 93
91 103
93 96
95 112
97 111
97 115
98 106
101 103
103 113
110 119
112 117
