0 1
0 2
0 3
0 4
0 5
0 6
0 7
0 8
0 9
0 10
0 11
0 13
0 15
0 16
0 17
0 19
0 21
0 22
0 25
0 26
0 27
0 30
0 36
0 38
0 39
0 40
0 41
0 47
0 60
0 61
0 62
0 63
0 64
0 65
0 66
0 67
0 69
0 70
0 71
0 77
0 79
0 83
0 87
0 94
0 99
0 100
0 105
0 111
1 6
1 8
1 9
1 12
1 16
1 17
1 20
1 21
1 31
1 34
1 42
1 46
1 53
1 62
1 65
1 67
1 82
1 83
1 92
1 97
1 98
1 99
2 6
2 115
3 7
3 8
3 10
3 14
3 17
3 20
3 22
3 78
4 6
4 7
4 9
4 10
4 11
4 17
4 18
4 33
4 36
4 38
4 48
4 52
4 55
4 57
4 68
4 77
4 95
4 111
4 117
5 6
5 7
5 11
5 18
5 25
5 30
5 41
5 44
5 61
5 62
5 69
5 86
5 88
5 90
5 92
6 7
6 8
6 9
6 10
6 11
6 12
6 13
6 14
6 15
6 16
6 17
6 18
6 19
6 21
6 23
6 24
6 25
6 27
6 30
6 32
6 37
6 40
6 44
6 52
6 55
6 58
6 60
6 63
6 66
6 67
6 68
6 71
6 100
6 110
6 114
7 8
7 9
7 10
7 12
7 13
7 14
7 20
7 26
7 32
7 33
7 34
7 35
7 36
7 40
7 43
7 50
7 53
7 59
7 60
7 73
7 74
7 76
7 80
7 91
7 93
7 97
7 115
7 116
8 13
8 14
8 15
8 19
8 23
8 24
8 26
8 27
8 28
8 34
8 45
8 51
8 54
8 56
8 69
8 87
8 96
8 101
8 105
8 108
8 119
9 12
9 13
9 19
9 28
9 33
9 38
9 42
9 44
9 46
9 47
9 50
9 54
9 58
9 61
9 64
9 71
9 74
9 79
9 86
9 107
9 115
9 117
10 11
10 12
10 15
10 16
10 31
10 52
10 60
10 61
10 74
10 75
10 82
10 104
10 110
11 15
11 18
11 28
11 38
11 39
11 41
11 46
11 48
11 49
11 50
11 91
11 103
11 112
11 113
11 114
12 14
12 24
12 57
12 58
12 84
12 105
13 22
13 23
13 46
13 48
13 49
13 53
13 59
13 75
13 87
13 98
13 103
13 116
14 21
14 23
14 29
14 31
14 36
14 40
14 41
14 43
14 44
14 47
14 49
14 59
14 63
14 72
14 88
14 92
14 94
14 111
14 115
15 16
15 19
15 22
15 26
15 28
15 29
15 31
15 35
15 45
15 55
15 56
15 63
15 64
15 66
15 73
15 83
15 85
15 102
15 118
15 119
16 21
16 24
16 33
16 46
16 114
17 18
17 20
17 22
17 23
17 30
17 43
17 56
17 65
17 70
17 76
17 81
17 82
17 91
18 20
18 24
18 34
18 42
18 49
18 51
18 54
18 59
18 85
18 101
18 104
19 28
19 32
19 36
19 38
19 47
19 50
19 53
19 55
19 69
19 75
19 77
19 78
19 116
20 27
20 43
20 48
20 91
21 29
21 33
21 51
21 65
21 72
21 90
21 104
22 25
22 39
22 40
22 67
22 72
22 74
22 75
22 83
22 85
22 94
22 96
22 98
22 110
23 25
23 26
23 27
23 32
23 45
23 54
23 72
23 93
23 97
24 30
24 32
24 42
24 56
24 98
24 101
25 62
25 111
26 37
26 59
26 70
26 75
26 90
26 94
26 115
26 118
27 29
27 31
27 34
27 37
27 39
27 45
27 51
27 55
27 60
27 73
27 77
27 79
28 29
28 35
28 53
28 57
28 78
28 96
28 118
29 47
29 87
29 109
30 45
30 92
30 103
31 43
31 101
32 49
33 35
33 37
33 41
33 76
33 86
33 106
33 108
34 35
34 50
34 51
34 52
34 54
34 66
34 68
34 70
34 72
34 96
34 106
34 107
35 37
35 39
35 52
35 73
35 84
35 88
35 119
36 89
37 86
37 102
37 107
37 112
37 114
37 119
38 42
38 48
39 62
39 65
39 79
40 88
40 100
40 108
41 44
41 57
41 63
41 68
41 89
41 98
41 99
41 102
42 71
42 78
42 106
42 113
42 118
43 81
44 95
44 99
45 89
48 76
48 117
49 64
49 66
49 79
49 90
49 112
50 56
50 64
50 67
50 69
50 80
50 85
50 87
50 93
50 117
51 58
51 95
54 57
54 111
55 73
55 84
55 97
56 70
57 58
57 71
57 93
57 113
58 74
58 84
58 85
58 96
59 97
60 61
60 81
60 82
60 92
60 100
61 89
61 105
61 109
62 88
62 90
64 76
64 80
64 106
65 80
65 82
65 89
66 68
66 95
69 81
69 99
69 118
70 83
70 107
72 93
73 77
73 81
73 86
73 103
73 109
73 113
74 95
74 104
75 78
76 91
78 80
79 100
79 105
79 108
80 101
80 102
81 84
81 108
81 110
83 94
85 102
85 110
86 119
88 117
90 107
94 116
95 103
95 104
96 112
98 106
99 109
101 113
103 114
104 116
105 112
106 109
