0 1
0 2
0 3
0 4
0 5
0 6
0 7
0 8
0 9
0 10
0 11
0 12
0 14
0 15
0 16
0 17
0 19
0 20
0 26
0 27
0 30
0 35
0 36
0 37
0 44
0 45
0 46
0 49
0 50
0 51
0 52
0 62
0 65
0 71
0 72
0 78
0 79
0 80
0 81
0 82
0 83
0 88
0 103
0 105
0 109
0 114
1 9
1 25
1 35
1 48
1 63
1 80
2 6
2 7
2 8
2 10
2 11
2 12
2 14
2 17
2 22
2 24
2 29
2 34
2 41
2 42
2 45
2 53
2 59
2 60
2 61
2 83
2 84
2 91
2 96
2 99
2 101
2 103
2 104
2 107
3 6
3 7
3 8
3 9
3 10
3 12
3 13
3 19
3 23
3 31
3 32
3 33
3 36
3 38
3 39
3 40
3 45
3 54
3 59
3 61
3 66
3 83
3 88
3 94
3 96
3 112
3 116
4 6
4 7
4 13
4 15
4 19
4 22
4 23
4 25
4 37
4 38
4 43
4 49
4 59
4 62
4 71
4 76
4 77
4 78
4 89
4 91
4 93
4 102
4 110
4 113
4 115
5 6
5 8
5 16
5 21
5 46
5 56
6 7
6 9
6 10
6 11
6 14
6 19
6 20
6 25
6 31
6 41
6 59
6 60
6 64
6 68
6 70
6 75
6 76
6 81
6 85
6 97
6 103
6 111
7 8
7 11
7 12
7 13
7 14
7 15
7 17
7 18
7 19
7 23
7 25
7 27
7 28
7 32
7 42
7 48
7 50
7 55
7 58
7 60
7 61
7 63
7 74
7 75
7 91
7 92
7 95
7 96
7 102
7 106
7 109
7 112
7 119
8 9
8 11
8 14
8 16
8 17
8 18
8 21
8 24
8 28
8 30
8 35
8 36
8 37
8 38
8 39
8 43
8 64
8 88
8 94
8 95
8 117
9 10
9 16
9 17
9 20
9 21
9 23
9 26
9 28
9 31
9 32
9 47
9 48
9 52
9 69
9 79
9 101
9 102
10 12
10 15
10 24
10 29
10 32
10 33
10 40
10 51
10 55
10 63
10 67
10 70
10 72
10 82
10 84
10 90
10 105
10 111
10 113
11 13
11 15
11 16
11 18
11 21
11 22
11 33
11 36
11 39
11 42
11 43
11 44
11 52
11 53
11 58
11 66
11 82
11 84
11 89
11 91
11 92
11 97
11 105
12 13
12 46
12 48
12 54
12 62
12 71
12 98
13 18
13 20
13 22
13 68
13 89
13 93
13 119
14 24
14 35
14 77
14 94
14 96
14 112
14 118
14 119
15 30
15 31
15 45
15 51
15 54
15 72
15 76
15 94
15 107
16 22
16 23
16 27
16 30
16 38
16 47
16 58
16 64
16 66
16 67
16 71
16 79
16 85
16 87
16 93
16 98
16 109
17 18
17 21
17 25
17 26
17 34
17 50
17 55
17 74
17 82
17 117
18 46
18 66
18 79
18 111
18 113
18 118
19 20
19 39
19 40
19 47
19 57
19 109
19 111
20 24
20 28
20 32
20 38
20 68
21 29
21 39
21 41
21 51
21 52
21 71
22 26
22 49
22 65
22 97
22 102
22 111
22 119
23 40
23 44
23 46
23 50
23 53
23 54
23 55
23 57
23 59
23 63
23 87
23 94
23 104
23 115
24 26
24 77
25 27
25 37
25 44
25 56
25 60
25 62
25 86
25 108
25 115
26 27
26 28
26 29
26 34
26 52
26 56
26 73
27 31
27 110
27 117
28 29
28 30
28 33
28 34
28 44
28 64
28 116
29 54
29 73
29 75
29 90
29 93
29 97
29 115
30 43
30 83
31 42
31 57
31 103
32 33
32 34
32 41
32 85
32 100
33 42
33 56
33 57
33 73
33 81
33 90
33 101
33 110
34 35
34 36
34 41
34 51
34 58
34 64
34 67
35 37
35 45
35 56
35 75
35 81
35 82
35 86
35 92
35 104
35 106
36 73
36 90
36 91
36 118
37 93
37 100
38 40
38 76
38 106
39 50
39 53
39 65
39 69
39 77
39 86
40 49
40 63
40 74
40 78
40 79
40 87
41 43
41 47
41 53
41 78
41 114
42 48
42 49
42 85
43 72
44 84
44 86
44 100
44 115
45 47
45 55
45 68
45 78
45 114
46 99
48 65
48 75
48 88
50 105
51 67
51 113
51 118
52 57
52 68
52 80
53 58
53 61
54 66
54 108
55 65
55 69
55 83
55 85
56 60
56 67
56 92
56 98
57 106
57 110
58 87
59 62
59 70
59 80
59 95
59 112
60 61
61 89
61 110
61 118
62 69
62 74
63 69
63 70
64 76
64 88
64 92
64 108
66 73
66 74
66 81
67 119
68 77
68 80
68 84
68 95
68 107
69 70
69 72
70 114
72 100
73 100
74 96
76 101
77 95
77 103
80 105
81 99
81 101
82 87
83 86
85 89
85 107
85 109
88 114
89 90
89 108
90 99
91 97
94 98
94 99
94 102
94 104
94 116
95 98
95 117
96 107
96 112
98 108
99 104
100 106
100 113
101 116
104 117
114 116
