0 1
0 2
0 3
0 4
0 5
0 6
0 7
0 8
0 9
0 10
0 12
0 13
0 14
0 15
0 18
0 19
0 23
0 24
0 32
0 33
0 34
0 38
0 41
0 42
0 43
0 44
0 53
0 56
0 65
0 66
0 68
0 73
0 113
0 117
1 6
1 7
1 8
1 9
1 10
1 11
1 12
1 16
1 20
1 21
1 22
1 23
1 25
1 29
1 30
1 31
1 34
1 36
1 37
1 40
1 43
1 45
1 47
1 48
1 52
1 54
1 57
1 59
1 64
1 65
1 72
1 82
1 86
1 87
1 89
1 93
1 97
1 100
1 103
1 107
1 111
1 113
1 115
2 6
2 7
2 8
2 15
2 17
2 19
2 26
2 27
2 33
2 34
2 72
2 108
2 118
3 6
3 9
3 11
3 12
3 14
3 17
3 27
3 38
3 46
3 53
3 54
3 70
3 73
3 81
3 82
4 6
4 16
4 18
4 22
4 37
4 50
4 59
4 86
4 104
4 115
5 7
5 11
5 26
5 27
5 36
5 41
5 43
5 46
5 48
5 49
5 56
5 71
5 75
5 80
5 88
5 97
5 98
6 7
6 8
6 9
6 10
6 11
6 13
6 17
6 18
6 20
6 22
6 23
6 33
6 42
6 44
6 45
6 47
6 50
6 68
6 71
6 73
6 77
6 78
6 81
6 88
6 98
6 103
6 111
7 8
7 11
7 13
7 14
7 15
7 20
7 37
7 40
7 57
7 58
7 61
7 62
7 79
7 84
7 91
7 93
7 98
7 100
7 106
7 111
8 9
8 10
8 13
8 14
8 15
8 21
8 24
8 25
8 33
8 34
8 35
8 36
8 39
8 48
8 49
8 51
8 55
8 56
8 57
8 59
8 60
8 74
8 75
8 78
8 83
8 92
8 96
8 98
8 108
8 113
8 115
8 116
9 10
9 12
9 13
9 16
9 20
9 22
9 28
9 29
9 44
9 46
9 50
9 52
9 82
9 87
9 119
10 12
10 17
10 18
10 40
10 48
10 61
10 85
10 112
10 113
11 16
11 17
11 19
11 21
11 36
11 38
11 44
11 52
11 58
11 62
11 63
11 66
11 68
11 73
11 74
11 78
11 81
11 87
11 102
11 104
11 115
12 25
12 28
12 30
12 49
12 114
13 14
13 21
13 23
13 24
13 26
13 36
13 48
13 49
13 65
13 66
13 68
13 69
13 85
13 95
13 101
13 112
14 15
14 16
14 18
14 22
14 24
14 25
14 28
14 29
14 31
14 32
14 35
14 37
14 40
14 42
14 44
14 55
14 60
14 61
14 62
14 72
14 77
14 79
14 89
14 94
14 104
14 109
14 117
15 24
15 40
15 90
15 100
15 113
16 19
16 60
16 62
16 97
16 118
17 27
17 29
17 32
17 35
17 39
17 77
17 79
17 80
17 81
17 110
18 19
18 20
18 25
18 26
18 28
18 30
18 47
18 50
18 51
18 58
18 76
18 100
18 104
18 105
18 119
19 23
19 32
19 43
19 54
19 57
19 64
19 69
19 88
19 96
19 101
20 21
20 27
20 28
20 31
20 35
20 66
20 75
20 83
20 91
20 95
20 106
21 30
21 35
21 38
21 42
21 70
21 89
21 106
21 108
22 31
22 79
22 90
23 29
23 51
23 61
23 67
23 80
23 88
23 114
24 33
24 55
24 82
24 84
24 93
25 26
25 32
25 34
25 45
25 46
25 52
25 56
25 57
25 119
26 39
26 54
26 67
26 93
26 97
27 30
27 31
27 38
27 87
28 51
28 89
29 39
29 67
29 77
29 82
29 84
29 93
30 109
31 39
31 62
31 75
31 84
31 86
31 99
32 41
33 41
33 43
33 53
33 74
33 76
33 86
33 106
34 37
34 42
34 51
34 65
34 78
35 56
35 74
36 47
36 58
36 59
36 94
36 102
36 105
36 110
37 41
37 53
37 54
37 59
37 71
37 90
37 95
37 96
37 110
37 114
38 92
38 107
39 52
39 55
39 79
39 90
39 94
40 45
40 60
40 65
41 53
41 69
41 77
41 83
41 88
41 96
41 109
42 70
42 92
43 63
43 80
43 107
44 45
44 46
44 76
44 81
44 99
44 118
45 47
45 49
45 58
45 63
45 70
45 72
45 85
45 103
46 67
46 90
46 91
46 95
46 111
46 115
47 85
47 99
47 104
47 108
47 110
48 55
48 64
48 94
48 95
48 106
49 50
49 61
49 67
49 69
49 76
49 114
50 83
50 92
50 101
51 83
51 91
52 63
52 64
52 103
52 105
53 99
54 112
55 69
55 76
56 63
58 64
59 60
59 71
59 73
59 78
59 103
59 119
61 66
61 74
61 87
61 98
61 110
62 91
62 94
62 101
63 75
63 101
64 84
64 107
65 85
66 114
67 68
67 71
67 72
68 70
68 89
68 109
68 116
72 112
74 92
74 99
75 86
75 102
76 108
77 118
78 80
79 97
80 102
80 118
81 109
82 100
82 111
83 116
83 117
88 105
91 105
93 107
94 96
96 117
97 102
101 116
102 117
104 112
108 116
111 119
