0 1
0 2
0 3
0 4
0 5
0 6
0 7
0 8
0 9
0 10
0 11
0 15
0 17
0 19
0 21
0 23
0 27
0 30
0 34
0 36
0 51
0 52
0 79
0 82
0 89
0 91
0 97
0 108
0 110
1 6
1 10
1 18
1 22
1 24
1 25
1 30
1 34
1 38
1 47
1 54
1 55
1 67
1 68
1 71
1 78
1 80
1 84
1 89
1 92
1 103
1 111
2 6
2 7
2 8
2 9
2 16
2 32
2 47
2 50
2 60
2 63
2 78
2 79
3 6
3 7
3 8
3 9
3 11
3 15
3 23
3 26
3 34
3 45
3 49
3 50
3 54
3 60
3 69
3 76
3 98
4 6
4 7
4 8
4 10
4 11
4 12
4 17
4 18
4 20
4 23
4 32
4 35
4 37
4 40
4 52
4 53
4 57
4 62
4 63
4 77
4 84
4 89
4 93
4 101
4 104
4 110
5 13
5 117
6 7
6 8
6 9
6 10
6 11
6 12
6 13
6 14
6 15
6 16
6 17
6 20
6 21
6 28
6 29
6 31
6 33
6 35
6 36
6 38
6 42
6 43
6 45
6 47
6 49
6 57
6 58
6 63
6 75
6 82
6 86
6 87
6 90
6 95
6 98
6 107
6 108
6 111
6 115
7 11
7 13
7 14
7 16
7 17
7 22
7 24
7 29
7 38
7 71
7 80
7 87
7 94
7 113
8 9
8 12
8 13
8 14
8 18
8 20
8 27
8 32
8 38
8 40
8 41
8 44
8 48
8 51
8 54
8 67
8 73
8 74
8 89
8 92
8 93
8 95
8 103
9 10
9 13
9 15
9 16
9 29
9 48
9 68
9 72
9 83
9 103
10 12
10 14
10 15
10 16
10 19
10 23
10 26
10 33
10 37
10 43
10 49
10 52
10 62
10 63
10 65
10 67
10 70
10 72
10 84
10 85
10 95
10 102
10 114
10 115
11 12
11 14
11 19
11 22
11 23
11 25
11 26
11 28
11 31
11 35
11 48
11 49
11 55
11 60
11 64
11 70
11 74
11 86
11 100
11 101
11 116
12 22
12 31
12 36
12 42
12 43
12 45
12 49
12 54
12 64
12 69
12 80
12 85
12 95
12 98
13 19
13 20
13 28
13 29
13 30
13 31
13 34
13 46
13 53
13 80
13 84
13 99
14 20
14 21
14 22
14 30
14 34
14 53
14 62
14 79
14 93
14 94
14 104
15 26
15 45
15 62
15 72
16 17
16 18
16 19
16 21
16 32
16 39
16 50
16 65
16 66
16 70
16 88
16 91
16 92
16 109
17 18
17 24
17 93
17 110
17 117
18 24
18 25
18 27
18 37
18 56
18 64
18 83
18 86
18 101
18 104
19 21
19 27
19 40
19 42
19 51
19 69
20 24
20 37
20 74
20 94
20 112
21 46
21 58
21 66
21 92
22 25
22 27
22 28
22 29
22 33
22 35
22 39
22 44
22 46
22 47
22 61
22 67
22 81
22 82
22 85
22 99
22 107
22 114
23 25
23 36
23 56
23 57
23 72
23 83
23 86
23 101
23 115
24 26
24 28
24 44
24 59
24 73
25 35
25 36
25 39
25 41
25 68
25 99
25 112
25 116
26 56
26 57
26 59
26 61
26 67
26 75
26 81
26 103
26 116
27 30
27 32
27 33
27 37
27 38
27 50
27 59
27 66
27 87
27 95
27 96
27 112
27 117
29 39
29 42
29 50
29 81
29 84
29 87
30 31
30 48
30 51
30 52
30 58
30 59
30 69
30 71
30 74
30 78
30 90
30 94
30 105
31 33
31 41
31 43
31 44
31 45
31 46
31 55
31 57
31 61
31 71
31 75
31 113
32 39
32 56
32 75
32 88
32 91
32 116
33 41
33 72
33 77
34 66
34 88
34 89
34 91
35 40
35 43
35 51
35 60
35 62
35 94
36 40
36 42
36 53
36 81
36 98
36 115
37 46
37 76
37 116
38 63
39 66
40 41
40 44
40 47
40 69
40 76
40 82
40 97
40 104
41 70
41 73
41 77
41 88
41 102
42 55
42 74
43 54
43 65
43 73
43 109
44 71
44 110
45 58
45 90
46 64
46 65
46 104
47 48
47 53
47 59
47 73
47 96
47 100
47 106
48 52
48 55
48 90
48 96
49 112
50 85
50 96
51 68
51 86
53 109
54 61
54 100
55 56
55 97
56 60
56 61
56 93
57 58
57 65
57 77
57 119
58 64
59 76
59 118
60 106
60 107
61 70
61 88
61 114
61 118
62 68
62 78
62 79
64 118
65 75
65 98
65 118
65 119
66 76
66 79
66 81
66 102
66 114
67 99
67 102
68 77
69 90
69 108
70 85
71 83
71 112
71 113
72 78
76 117
77 80
77 91
79 82
80 111
81 83
81 97
82 97
82 101
85 87
85 105
85 111
86 109
88 92
89 100
89 105
89 117
90 100
90 105
91 96
91 103
91 106
92 99
92 106
94 102
94 111
95 108
96 115
98 110
98 113
100 119
101 106
102 105
102 114
104 107
105 109
105 113
105 119
106 107
106 108
111 118
114 119
