0 1
0 2
0 3
0 4
0 5
0 6
0 7
0 8
0 9
0 10
0 11
0 13
0 14
0 15
0 16
0 18
0 19
0 20
0 22
0 23
0 24
0 26
0 33
0 35
0 36
0 37
0 55
0 68
0 69
0 72
0 73
0 76
0 82
0 94
0 98
0 101
0 107
0 108
0 118
1 15
1 23
1 31
1 59
1 65
1 103
1 108
2 6
2 7
2 9
2 10
2 11
2 12
2 21
2 23
2 38
2 39
2 54
2 57
2 65
2 83
2 93
2 96
3 6
3 7
3 9
3 10
3 21
3 25
3 53
3 67
3 80
3 97
3 100
3 102
4 6
4 8
4 60
5 6
5 7
5 8
5 11
5 12
5 19
5 31
5 32
5 37
5 62
5 84
5 86
5 96
5 99
6 7
6 8
6 9
6 10
6 12
6 13
6 14
6 16
6 17
6 19
6 20
6 21
6 24
6 25
6 28
6 29
6 30
6 32
6 33
6 34
6 36
6 39
6 40
6 41
6 43
6 49
6 54
6 56
6 57
6 58
6 63
6 66
6 69
6 72
6 75
6 80
6 85
6 93
6 94
6 95
6 98
6 110
6 112
6 113
6 117
6 118
7 8
7 10
7 11
7 12
7 15
7 17
7 19
7 23
7 29
7 37
7 51
7 55
7 58
7 61
7 70
7 71
7 78
7 79
7 80
7 90
7 94
8 9
8 12
8 14
8 16
8 24
8 30
8 36
8 41
8 48
8 51
8 56
8 62
8 63
8 65
8 66
8 68
8 76
8 77
8 81
8 88
8 97
8 103
8 118
9 13
9 14
9 15
9 17
9 21
9 25
9 28
9 34
9 35
9 51
9 55
9 71
9 72
9 73
9 76
9 84
9 98
9 101
9 107
10 11
10 13
10 15
10 18
10 20
10 22
10 24
10 27
10 30
10 31
10 32
10 42
10 43
10 44
10 46
10 47
10 54
10 58
10 61
10 72
10 75
10 78
10 81
10 88
10 91
10 95
10 109
10 110
10 113
10 117
11 13
11 14
11 16
11 18
11 19
11 33
11 34
11 39
11 45
11 48
11 49
11 52
11 53
11 61
11 66
11 71
11 74
11 85
11 88
11 92
11 104
11 106
11 114
12 18
12 21
12 26
12 27
12 28
12 41
12 42
12 44
12 49
12 58
12 99
13 16
13 17
13 26
13 35
13 42
13 50
13 58
13 64
13 74
13 87
13 89
13 93
13 98
14 20
14 22
14 43
14 85
14 106
15 18
15 24
15 30
15 46
15 48
15 60
15 73
15 84
15 88
15 98
15 116
16 17
16 26
16 29
16 38
16 40
16 47
16 49
16 55
16 56
16 60
16 61
16 75
16 86
16 94
16 100
16 114
16 116
17 20
17 22
17 27
17 32
17 35
17 38
17 40
17 50
17 57
17 62
17 67
17 70
17 115
17 118
17 119
18 25
18 36
18 61
18 109
19 22
19 26
19 28
19 31
19 32
19 36
19 37
19 40
19 41
19 42
19 64
19 79
19 82
19 102
19 111
19 119
20 28
20 29
20 34
20 44
20 66
20 83
20 111
20 117
21 38
21 59
21 67
21 83
21 101
21 119
22 23
22 27
22 29
22 33
22 39
22 49
22 52
22 62
22 92
22 104
23 33
23 45
23 53
23 63
23 85
23 89
24 25
24 27
24 45
24 47
24 52
24 67
24 86
24 115
25 46
25 50
25 60
25 73
25 83
25 90
25 93
25 99
25 112
26 54
26 63
26 96
27 42
27 71
27 102
27 103
28 30
28 59
29 38
29 90
29 92
29 116
30 31
30 46
30 48
30 53
31 34
31 39
31 43
31 44
31 45
31 51
31 56
31 63
31 67
31 68
31 72
31 75
31 78
31 99
31 100
31 108
31 115
31 116
31 117
32 50
32 55
32 70
32 83
33 74
33 87
33 103
34 35
35 37
35 52
35 70
35 79
35 102
35 119
36 81
36 85
36 100
37 40
37 53
37 68
37 79
37 87
38 43
38 45
38 51
38 92
39 44
39 56
39 59
39 70
39 73
39 84
40 41
40 47
40 114
41 50
41 86
41 89
42 47
42 60
42 69
43 90
44 65
44 104
45 46
45 48
45 65
45 77
46 64
46 78
46 99
48 59
48 66
48 69
49 57
49 64
49 71
49 77
49 95
49 113
50 107
51 52
51 57
51 89
51 106
52 54
53 64
53 69
53 81
53 101
53 104
53 112
54 74
54 79
54 80
54 105
54 108
54 109
54 115
55 68
55 110
56 82
56 116
57 62
57 77
57 82
57 96
58 95
59 82
60 75
60 76
61 90
61 91
61 117
64 112
65 88
65 111
65 119
66 81
66 91
66 97
67 74
67 87
67 91
67 118
68 109
69 76
69 95
69 103
70 108
72 89
75 78
76 77
76 105
77 80
77 100
77 107
78 110
80 84
80 93
80 105
81 92
82 91
82 101
83 87
84 86
84 96
84 97
84 105
84 111
85 107
86 110
88 112
88 113
89 104
89 106
89 111
90 94
91 97
91 105
93 109
93 113
94 102
100 114
101 115
103 114
104 106
