0 1
0 2
0 3
0 4
0 5
0 6
0 7
0 8
0 9
0 10
0 11
0 12
0 13
0 14
0 15
0 17
0 18
0 19
0 20
0 21
0 22
0 24
0 25
0 26
0 28
0 30
0 31
0 33
0 37
0 38
0 39
0 42
0 43
0 45
0 46
0 47
0 49
0 51
0 54
0 56
0 58
0 60
0 61
0 64
0 68
1 11
1 12
1 14
1 17
1 19
1 21
1 27
1 29
1 30
1 34
1 38
1 39
1 40
1 46
1 53
1 54
1 61
1 62
1 68
2 11
2 12
2 13
2 14
2 16
2 17
2 19
2 23
2 25
2 26
2 32
2 42
2 52
2 57
2 64
3 11
3 12
3 14
3 15
3 18
3 19
3 23
3 25
3 26
3 29
3 31
3 36
3 40
3 41
3 43
3 44
3 56
3 57
3 66
4 11
4 12
4 13
4 14
4 15
4 16
4 17
4 20
4 21
4 22
4 23
4 24
4 25
4 26
4 27
4 31
4 35
4 37
4 38
4 39
4 41
4 50
4 51
4 52
4 54
4 57
4 60
4 62
4 63
4 64
4 67
5 11
5 12
5 13
5 15
5 16
5 22
5 24
5 32
5 46
5 48
5 53
5 55
6 11
6 27
6 36
6 41
6 67
7 11
7 12
7 13
7 15
7 16
7 17
7 23
7 33
7 53
7 58
8 11
8 13
8 14
8 17
8 18
8 28
8 33
8 34
8 40
8 41
8 43
8 45
8 50
8 52
8 56
8 65
9 11
9 12
9 13
9 14
9 15
9 16
9 21
9 23
9 25
9 29
9 31
9 38
9 41
9 46
9 47
9 48
9 49
9 52
9 54
9 56
10 12
10 13
10 16
10 18
10 19
10 20
10 33
10 34
11 12
11 13
11 14
11 15
11 16
11 18
11 19
11 21
11 22
11 23
11 24
11 26
11 28
11 29
11 30
11 31
11 32
11 33
11 35
11 37
11 38
11 41
11 42
11 47
11 49
11 55
11 56
11 64
11 65
11 66
12 13
12 14
12 15
12 16
12 17
12 18
12 19
12 20
12 22
12 24
12 27
12 31
12 32
12 34
12 35
12 38
12 39
12 41
12 44
12 51
12 59
12 68
13 14
13 15
13 17
13 18
13 19
13 20
13 21
13 23
13 26
13 28
13 31
13 34
13 35
13 36
13 37
13 39
13 42
13 46
13 48
13 52
13 53
13 55
13 60
13 64
13 66
13 68
14 15
14 16
14 20
14 21
14 22
14 24
14 25
14 26
14 27
14 28
14 29
14 30
14 33
14 37
14 39
14 40
14 48
14 54
14 58
14 63
14 67
15 16
15 17
15 18
15 19
15 20
15 22
15 25
15 27
15 28
15 29
15 37
15 41
15 43
15 44
15 45
15 47
15 48
15 49
15 50
15 53
15 54
15 57
15 59
15 60
15 61
15 65
15 66
16 17
16 18
16 19
16 20
16 22
16 23
16 24
16 27
16 28
16 34
16 36
16 41
16 43
16 45
16 46
16 47
16 50
16 53
16 56
16 58
16 59
17 18
17 20
17 21
17 23
17 33
17 34
17 48
17 52
17 60
17 63
17 64
18 22
18 24
18 26
18 27
18 30
18 31
18 32
18 33
18 35
18 41
18 47
18 51
19 20
19 21
19 25
19 27
19 29
19 30
19 35
19 36
19 42
19 43
19 45
19 50
19 57
19 60
19 61
19 62
19 63
19 66
19 67
20 21
20 23
20 30
20 33
20 35
20 37
20 42
20 47
20 48
20 50
20 54
20 64
20 65
21 22
21 24
21 25
21 29
21 30
21 31
21 38
21 46
21 49
21 53
21 60
21 66
21 67
22 24
22 29
22 32
22 40
22 44
22 45
22 46
22 51
22 58
22 59
22 63
23 25
23 26
23 27
23 29
23 32
23 33
23 35
23 37
23 39
23 40
23 42
23 44
23 46
23 48
23 52
23 55
23 57
23 58
23 60
23 61
23 62
23 65
23 68
24 30
24 36
24 43
24 44
24 52
24 53
24 62
24 63
25 26
25 28
25 32
25 36
25 38
25 39
25 51
25 54
25 58
25 59
25 61
25 65
25 67
25 68
26 28
26 30
26 36
26 49
26 58
26 60
26 63
27 28
27 34
27 40
27 43
27 47
27 54
28 32
28 37
28 49
28 55
28 57
29 31
29 43
29 50
29 55
29 56
29 61
30 32
30 34
30 36
30 38
30 39
30 40
30 42
30 43
30 45
30 47
30 55
30 58
30 59
30 64
31 34
31 35
31 39
31 44
31 45
31 53
31 65
32 48
32 50
32 52
32 65
33 51
33 64
34 35
34 51
34 55
34 56
34 61
34 63
34 66
34 67
35 36
35 62
35 67
36 37
36 42
36 49
36 52
36 57
36 60
36 68
37 38
37 40
37 62
38 40
38 66
39 42
39 44
39 45
39 46
39 51
40 44
40 63
41 44
42 45
42 50
42 54
42 55
42 56
43 49
43 50
43 51
43 53
43 57
43 68
44 49
44 66
45 48
46 47
46 57
46 61
46 62
46 63
47 61
47 65
48 59
48 62
49 56
50 58
50 59
51 66
52 55
53 59
53 62
53 68
57 59
57 64
58 67
61 68
64 65
64 67
