0 1
0 42
0 47
0 43
1 28
1 55
1 48
2 3
2 35
2 60
2 32
3 35
3 66
3 37
4 5
4 37
4 60
4 14
5 39
5 55
5 29
6 7
6 30
6 36
6 65
7 27
7 30
7 68
8 9
8 31
8 13
8 49
9 49
9 23
9 19
10 11
10 17
10 61
10 22
11 55
11 63
11 45
12 13
12 22
12 51
12 61
13 18
13 31
14 15
14 64
14 24
15 38
15 64
15 69
16 17
16 18
16 25
16 64
17 32
17 39
18 69
18 33
19 20
19 33
19 48
20 29
20 66
20 69
21 22
21 54
21 52
21 61
22 59
23 24
23 62
23 44
24 35
24 51
25 30
25 60
25 54
26 27
26 34
26 31
26 67
27 32
27 65
28 29
28 53
28 35
29 43
30 67
31 65
32 46
33 34
33 56
34 65
34 43
36 44
36 66
36 39
37 52
37 39
38 58
38 52
38 68
40 41
40 53
40 58
40 57
41 48
41 58
41 57
42 47
42 46
42 58
43 46
44 45
44 66
45 54
45 51
46 47
47 60
48 62
49 50
49 61
50 56
50 62
50 59
51 57
52 63
53 56
53 63
54 57
55 59
56 68
59 67
62 64
63 67
68 69
