0 1
0 2
0 3
0 4
0 5
0 6
0 7
0 8
0 9
0 10
0 11
0 12
0 13
0 14
0 15
0 16
0 17
0 18
0 19
0 20
0 21
0 22
0 23
0 24
0 25
0 26
0 28
0 32
0 34
0 48
0 49
0 50
0 51
0 52
0 54
0 56
0 58
0 59
0 63
0 66
0 76
1 11
1 12
1 14
1 15
1 16
1 18
1 19
1 20
1 21
1 24
1 27
1 31
1 38
1 43
1 44
1 45
1 46
1 48
1 52
1 53
1 57
1 58
1 65
1 69
1 74
1 78
2 11
2 12
2 13
2 17
2 22
2 27
2 28
2 29
2 33
2 38
2 60
2 62
2 63
2 74
2 77
3 11
3 12
3 14
3 15
3 16
3 17
3 19
3 20
3 22
3 23
3 24
3 28
3 29
3 33
3 35
3 40
3 41
3 43
3 44
3 49
3 61
3 63
3 73
3 74
3 77
4 11
4 12
4 14
4 15
4 18
4 20
4 25
4 34
4 39
4 54
4 55
4 63
4 67
4 72
4 74
5 11
5 13
5 15
5 17
5 21
5 26
5 38
5 41
5 42
5 47
5 67
5 68
6 11
6 13
6 23
6 30
6 32
6 35
6 38
6 46
6 67
6 71
7 11
7 12
7 13
7 16
7 18
7 24
7 30
7 32
7 55
7 70
8 12
8 13
8 14
8 15
8 17
8 18
8 20
8 22
8 25
8 28
8 30
8 35
8 37
8 47
8 57
8 61
8 70
8 74
9 11
9 12
9 13
9 14
9 16
9 17
9 20
9 24
9 27
9 36
9 40
9 42
9 43
9 47
9 49
9 51
9 54
9 59
9 62
9 64
9 69
9 70
9 73
10 11
10 12
10 13
10 14
10 23
10 29
10 39
10 43
10 46
10 54
10 63
10 64
11 12
11 13
11 14
11 15
11 16
11 18
11 19
11 22
11 23
11 29
11 30
11 31
11 32
11 34
11 35
11 36
11 38
11 42
11 44
11 45
11 46
11 51
11 54
11 62
11 65
11 69
11 70
11 71
11 73
11 74
12 13
12 14
12 15
12 16
12 17
12 18
12 19
12 20
12 21
12 23
12 25
12 26
12 27
12 31
12 35
12 36
12 40
12 45
12 48
12 61
12 63
12 70
12 76
12 78
13 14
13 15
13 16
13 17
13 18
13 19
13 21
13 22
13 23
13 24
13 25
13 27
13 29
13 32
13 34
13 37
13 48
13 54
13 57
13 60
13 68
13 78
14 15
14 16
14 17
14 19
14 20
14 21
14 22
14 24
14 25
14 26
14 29
14 31
14 34
14 35
14 37
14 44
14 47
14 54
14 55
14 57
14 60
14 61
14 62
14 64
14 65
14 69
15 16
15 17
15 18
15 19
15 21
15 22
15 23
15 24
15 25
15 27
15 34
15 36
15 38
15 45
15 46
15 49
15 50
15 52
15 53
15 56
15 59
15 62
15 65
15 67
15 69
15 72
15 73
16 19
16 21
16 29
16 30
16 33
16 39
16 47
16 57
16 65
16 67
16 71
16 76
17 18
17 20
17 22
17 30
17 31
17 32
17 34
17 36
17 38
17 39
17 40
17 41
17 43
17 57
17 58
17 64
17 66
17 71
17 72
17 75
18 19
18 20
18 21
18 24
18 26
18 27
18 28
18 29
18 32
18 36
18 41
18 42
18 52
18 58
18 66
18 72
18 77
19 21
19 22
19 23
19 26
19 28
19 32
19 33
19 36
19 43
19 47
19 48
19 50
19 56
19 58
19 59
19 70
20 24
20 26
20 32
20 35
20 37
20 40
20 42
20 47
20 48
20 52
20 53
20 54
20 56
20 57
20 64
20 67
21 25
21 26
21 28
21 29
21 30
21 31
21 33
21 35
21 40
21 42
21 44
21 46
21 47
21 50
21 56
21 57
21 60
21 71
21 75
22 23
22 25
22 27
22 30
22 31
22 36
22 37
22 45
22 46
22 51
22 53
22 59
22 60
22 66
22 69
22 75
22 77
22 78
23 25
23 26
23 31
23 33
23 37
23 45
23 46
23 51
23 52
23 59
23 62
23 64
23 66
23 68
23 77
23 78
24 26
24 27
24 28
24 30
24 38
24 39
24 44
24 52
24 63
25 27
25 32
25 33
25 39
25 40
25 42
25 46
25 47
25 51
25 53
25 55
25 56
25 57
25 60
25 61
25 66
25 72
25 73
25 76
26 28
26 33
26 35
26 37
26 38
26 44
26 45
26 52
26 58
26 59
26 61
26 77
27 28
27 30
27 31
27 37
27 41
27 42
27 48
27 55
27 65
27 66
27 78
28 29
28 34
28 36
28 39
28 40
28 41
28 44
28 49
28 55
28 59
28 60
28 68
28 73
28 76
28 78
29 33
29 34
29 37
29 39
29 41
29 48
29 72
30 31
30 34
30 41
30 49
30 51
30 62
30 70
30 75
30 77
31 61
31 68
32 33
32 37
32 39
32 45
32 49
32 50
32 53
32 55
32 61
32 75
32 78
33 35
33 43
33 48
33 77
33 78
34 36
34 40
34 42
34 49
34 52
34 53
34 54
34 56
34 64
34 73
35 41
35 43
35 44
35 52
35 53
35 56
35 65
35 66
35 71
36 38
36 41
36 42
36 43
36 44
36 45
36 46
36 47
36 67
36 68
36 69
36 75
36 76
37 45
37 49
37 55
37 56
37 57
37 58
37 64
37 78
38 39
38 50
38 53
38 61
38 65
38 71
39 40
39 48
39 50
39 61
39 67
40 49
40 51
40 66
41 76
42 43
42 50
42 51
42 55
42 58
42 63
42 68
43 58
43 67
43 73
43 77
44 53
44 73
45 77
46 50
46 68
47 65
47 76
48 51
48 54
48 55
49 50
49 56
49 59
49 64
49 74
50 69
51 62
52 60
52 62
53 58
53 60
53 63
53 69
53 74
54 65
54 66
54 70
55 68
56 62
56 75
57 60
57 68
57 71
57 72
58 59
59 64
59 69
59 72
61 63
61 70
62 72
64 75
64 76
65 67
67 70
67 71
68 71
68 72
68 73
68 74
68 75
69 75
71 76
73 74
