0 1
0 38
0 63
0 59
1 47
1 31
1 60
2 3
2 13
2 64
2 35
3 4
3 50
3 7
4 30
4 7
4 23
5 6
5 10
5 41
5 64
6 44
6 17
6 51
7 8
7 69
8 17
8 28
8 67
9 10
9 39
9 24
9 63
10 26
10 62
11 12
11 35
11 54
11 62
12 23
12 46
12 42
13 14
13 54
13 45
14 41
14 24
14 38
15 16
15 54
15 62
15 45
16 43
16 46
16 69
17 18
17 43
18 42
18 39
18 43
19 20
19 44
19 23
19 25
20 59
20 66
20 36
21 22
21 34
21 57
21 50
22 45
22 49
22 52
23 52
24 25
24 57
25 61
25 27
26 27
26 31
26 37
27 35
27 55
28 29
28 53
28 47
29 39
29 48
29 51
30 44
30 55
30 60
31 64
31 40
32 33
32 40
32 68
32 45
33 35
33 38
33 63
34 51
34 68
34 66
36 37
36 65
36 43
37 53
37 61
38 47
39 59
40 41
40 48
41 67
42 52
42 55
44 69
46 56
46 58
47 51
48 68
48 50
49 50
49 61
49 54
52 58
53 60
53 69
55 66
56 57
56 67
56 65
57 58
58 59
60 64
61 65
62 63
65 66
67 68
