0 1
0 51
0 45
0 18
1 28
1 37
1 64
2 3
2 25
2 56
2 15
3 13
3 28
3 63
4 5
4 28
4 63
4 22
5 49
5 54
5 6
6 7
6 14
6 55
7 18
7 29
7 61
8 9
8 15
8 45
8 20
9 59
9 33
9 58
10 11
10 12
10 21
10 31
11 50
11 39
11 40
12 51
12 45
12 46
13 57
13 17
13 67
14 40
14 65
14 26
15 44
15 50
16 17
16 35
16 58
16 61
17 59
17 46
18 44
18 19
19 20
19 22
19 54
20 33
20 66
21 34
21 55
21 40
22 35
22 34
23 24
23 61
23 34
23 27
24 46
24 36
24 50
25 26
25 47
25 53
26 27
26 39
27 40
27 46
28 67
29 30
29 37
29 64
30 52
30 63
30 36
31 32
31 38
31 34
32 66
32 43
32 47
33 55
33 65
35 39
35 59
36 37
36 41
37 59
38 61
38 48
38 44
39 44
41 43
41 64
41 48
42 43
42 57
42 62
42 68
43 54
45 63
47 48
47 56
48 49
49 51
49 60
50 57
51 60
52 53
52 66
52 60
53 64
53 69
54 68
55 56
56 66
57 69
58 60
58 62
62 65
62 68
65 67
67 69
68 69
