0 1
0 29
0 10
0 44
0 5
0 39
0 54
0 14
1 19
1 12
1 32
1 58
1 50
1 17
1 39
2 3
2 13
2 31
2 36
2 15
2 23
2 12
2 48
3 40
3 51
3 43
3 16
3 17
3 44
3 27
4 5
4 30
4 17
4 16
4 56
4 36
4 44
4 14
5 33
5 20
5 25
5 52
5 22
5 56
6 7
6 12
6 39
6 10
6 22
6 21
6 35
6 45
7 13
7 26
7 59
7 28
7 34
7 51
7 33
8 9
8 10
8 46
8 59
8 27
8 31
8 48
8 32
9 14
9 51
9 22
9 20
9 47
9 36
9 11
10 11
10 19
10 21
10 14
10 54
11 44
11 37
11 55
11 42
11 47
11 52
12 54
12 52
12 41
12 46
12 35
13 24
13 22
13 39
13 32
13 57
13 38
14 17
14 43
14 25
14 55
15 16
15 18
15 57
15 38
15 30
15 54
15 25
16 20
16 23
16 41
16 59
16 42
17 18
17 24
17 42
17 52
18 37
18 26
18 31
18 19
18 29
18 58
19 32
19 57
19 40
19 53
19 31
20 47
20 33
20 55
20 45
20 56
21 22
21 45
21 42
21 44
21 23
21 32
22 50
22 46
22 43
23 53
23 56
23 27
23 34
23 35
24 25
24 49
24 40
24 29
24 38
24 28
25 26
25 41
25 33
25 45
26 37
26 29
26 57
26 34
26 55
27 28
27 53
27 29
27 52
27 57
28 30
28 47
28 49
28 58
28 55
29 45
29 55
29 50
30 37
30 39
30 54
30 31
30 52
31 38
31 56
31 35
32 44
32 43
32 53
33 41
33 52
33 56
33 34
34 35
34 59
34 39
34 36
35 38
35 58
35 45
36 37
36 58
36 49
36 46
37 48
37 49
37 50
38 43
38 47
38 48
39 40
39 43
40 42
40 59
40 51
40 58
41 47
41 48
41 58
41 50
42 49
42 46
42 59
43 57
43 53
44 57
44 46
45 53
45 55
46 59
46 48
47 57
47 58
48 51
48 54
49 53
49 56
49 50
50 51
50 55
51 56
51 52
53 54
54 59
