0 1
0 2
0 3
0 4
0 5
0 6
0 7
0 8
0 9
0 10
0 11
0 12
0 13
0 14
0 15
0 16
0 17
0 18
0 19
0 20
0 21
0 22
0 23
0 24
0 26
0 29
0 31
0 32
0 35
0 36
0 37
0 40
0 43
0 45
0 47
0 48
0 49
0 53
0 57
0 58
0 59
0 65
0 67
0 68
0 70
1 12
1 14
1 15
1 16
1 18
1 28
1 35
1 38
1 39
1 42
1 45
1 48
1 51
1 66
1 68
1 72
2 11
2 12
2 13
2 14
2 15
2 16
2 17
2 18
2 19
2 26
2 27
2 30
2 32
2 33
2 35
2 43
2 44
2 53
2 58
2 60
2 64
2 67
3 11
3 21
3 47
3 50
4 11
4 12
4 13
4 14
4 20
4 21
4 23
4 25
4 26
4 27
4 34
4 38
4 51
4 52
4 58
4 63
4 64
4 70
4 72
5 11
5 12
5 13
5 27
6 11
6 12
6 13
6 14
6 15
6 16
6 17
6 18
6 20
6 21
6 22
6 23
6 24
6 27
6 28
6 29
6 30
6 32
6 40
6 42
6 45
6 46
6 53
6 60
6 70
7 11
7 12
7 14
7 15
7 16
7 17
7 19
7 22
7 25
7 27
7 32
7 33
7 34
7 39
7 46
7 47
7 54
7 55
7 62
7 66
7 70
8 11
8 13
8 14
8 15
8 16
8 18
8 19
8 20
8 23
8 26
8 30
8 48
8 51
8 60
8 61
8 62
8 65
8 66
9 11
9 12
9 13
9 17
9 21
9 22
9 23
9 26
9 29
9 36
10 11
10 12
10 13
10 17
10 19
10 20
10 32
10 33
10 36
10 37
10 39
10 46
10 48
10 50
10 62
10 63
10 68
11 12
11 13
11 14
11 15
11 16
11 18
11 19
11 24
11 28
11 30
11 31
11 32
11 41
11 44
11 49
11 50
11 52
11 53
11 54
11 56
11 57
11 59
11 62
11 63
11 65
11 69
11 71
12 13
12 14
12 15
12 16
12 17
12 19
12 20
12 22
12 24
12 25
12 26
12 28
12 31
12 33
12 36
12 38
12 40
12 42
12 47
12 49
12 54
12 60
12 62
12 65
12 66
12 68
12 70
12 71
13 14
13 15
13 16
13 17
13 18
13 20
13 21
13 22
13 23
13 25
13 26
13 27
13 28
13 29
13 31
13 33
13 34
13 36
13 41
13 44
13 46
13 51
13 53
13 55
13 61
13 68
13 71
14 15
14 16
14 22
14 23
14 25
14 30
14 33
14 34
14 35
14 36
14 47
14 48
14 49
14 52
14 61
14 63
14 67
14 70
15 17
15 18
15 19
15 20
15 22
15 23
15 25
15 29
15 32
15 34
15 35
15 36
15 37
15 38
15 54
15 55
15 57
15 60
15 71
16 17
16 18
16 19
16 20
16 21
16 23
16 24
16 26
16 28
16 34
16 37
16 38
16 40
16 42
16 43
16 44
16 45
16 52
16 53
16 57
16 66
16 68
17 18
17 20
17 21
17 22
17 27
17 29
17 35
17 36
17 37
17 38
17 39
17 40
17 43
17 45
17 46
17 48
17 49
17 51
17 52
17 54
17 58
17 62
17 66
17 68
18 19
18 21
18 23
18 25
18 26
18 27
18 29
18 30
18 35
18 36
18 42
18 44
18 45
18 47
18 51
18 62
18 63
18 71
18 72
19 21
19 22
19 24
19 25
19 26
19 28
19 31
19 32
19 34
19 39
19 42
19 44
19 46
19 48
19 51
19 52
19 54
19 56
19 61
19 65
19 69
20 24
20 27
20 28
20 31
20 33
20 35
20 46
20 51
20 60
20 63
21 24
21 28
21 29
21 30
21 31
21 33
21 40
21 43
21 50
21 54
21 59
21 60
21 63
21 69
21 70
21 71
22 24
22 29
22 37
22 40
22 45
22 47
22 50
22 56
22 57
22 60
22 64
23 24
23 25
23 27
23 28
23 30
23 31
23 32
23 35
23 37
23 39
23 43
23 47
23 49
23 69
24 25
24 30
24 41
24 49
24 50
24 59
24 61
25 33
25 38
25 42
25 50
25 59
25 60
25 67
26 29
26 30
26 31
26 34
26 39
26 40
26 45
26 46
26 48
26 51
26 52
26 53
26 59
26 68
26 71
26 72
27 31
27 44
28 35
28 37
28 39
28 40
28 56
28 57
28 64
28 67
28 69
28 71
29 41
29 43
29 52
29 63
29 67
30 33
30 34
30 36
30 37
30 41
30 44
30 48
30 55
30 56
30 58
30 61
30 67
31 32
31 38
31 41
31 46
31 55
31 64
31 65
32 34
32 37
32 38
32 41
32 57
32 64
33 41
33 46
33 49
33 67
34 42
34 55
34 57
34 58
34 61
35 38
35 39
36 40
36 43
36 47
36 54
36 58
36 64
36 66
36 69
37 39
37 44
37 52
37 56
37 65
37 67
37 68
37 69
38 43
38 51
38 55
38 72
39 41
39 42
39 44
39 47
39 57
40 41
40 42
40 45
40 48
40 55
40 64
41 43
41 50
41 53
41 54
41 55
41 56
41 58
41 61
41 64
41 66
41 70
42 52
42 59
42 66
42 69
42 70
42 71
43 45
43 49
43 50
43 53
43 57
43 61
45 49
45 53
45 59
45 62
45 67
46 66
47 50
47 59
48 58
49 56
50 55
50 60
50 69
50 72
51 56
51 69
52 54
52 62
52 65
53 56
53 61
55 64
55 72
56 59
57 58
57 70
59 63
60 62
60 65
62 63
62 72
64 65
65 68
65 71
65 72
66 72
