0 1
0 2
0 3
0 4
0 5
0 6
0 8
0 9
0 10
0 11
0 12
0 15
0 16
0 18
0 20
0 23
0 25
0 28
0 30
0 32
0 34
0 35
0 36
0 44
0 46
0 48
0 51
0 64
0 67
0 72
0 75
0 79
0 84
1 6
1 7
1 8
1 12
1 20
1 40
1 43
1 93
2 6
2 7
2 12
2 14
2 19
2 20
2 39
2 43
2 47
2 51
2 54
2 58
2 63
2 65
2 66
2 71
2 72
2 76
2 93
3 6
3 7
3 9
3 21
3 25
3 38
3 53
3 61
3 63
3 88
3 94
4 8
4 14
4 19
4 45
4 46
4 56
4 58
4 63
4 84
4 85
5 6
5 7
5 8
5 9
5 10
5 11
5 14
5 17
5 20
5 21
5 28
5 32
5 40
5 52
5 62
5 68
5 75
5 85
5 87
5 91
6 7
6 9
6 10
6 11
6 17
6 18
6 23
6 25
6 26
6 27
6 31
6 33
6 36
6 42
6 43
6 46
6 51
6 60
6 62
6 67
6 69
6 75
6 82
7 8
7 9
7 10
7 11
7 13
7 14
7 16
7 18
7 22
7 24
7 29
7 30
7 31
7 34
7 37
7 47
7 54
7 65
7 72
7 73
7 74
7 75
7 76
7 89
7 95
8 29
8 31
8 35
8 50
8 52
8 56
8 66
8 68
8 74
8 87
9 10
9 12
9 13
9 19
9 22
9 27
9 28
9 37
9 41
9 55
9 56
9 59
9 70
9 81
9 90
9 94
10 11
10 13
10 15
10 19
10 20
10 21
10 22
10 24
10 30
10 47
10 56
10 57
10 60
10 63
10 72
10 81
10 91
11 12
11 13
11 14
11 15
11 17
11 24
11 26
11 27
11 44
11 53
11 62
11 64
11 80
11 89
11 94
12 13
12 16
12 22
12 27
12 32
12 33
12 34
12 46
12 48
12 50
12 78
12 80
13 15
13 16
13 17
13 19
13 21
13 23
13 26
13 39
13 49
13 53
13 55
13 58
13 60
13 72
13 82
13 86
13 89
14 15
14 16
14 17
14 18
14 21
14 25
14 26
14 30
14 40
14 43
14 52
14 68
14 70
14 77
14 79
14 90
14 92
15 18
15 24
15 48
15 74
16 22
16 23
16 35
16 37
16 38
16 39
16 41
16 42
16 44
16 50
16 63
16 71
16 74
16 76
16 78
16 88
17 27
17 29
17 31
17 34
17 42
17 64
17 69
17 73
17 77
17 79
17 92
18 29
18 33
18 61
18 82
18 85
19 39
19 59
19 65
19 68
19 69
19 81
19 84
20 28
20 30
20 32
20 37
20 38
20 42
20 45
20 46
20 47
20 53
20 54
20 55
20 58
20 78
20 90
20 95
21 23
21 28
21 33
21 39
21 49
21 61
21 66
21 70
22 24
22 59
22 66
22 86
22 95
23 38
23 77
23 78
24 25
24 29
24 33
24 34
24 36
24 40
24 41
24 44
24 55
24 66
24 68
24 71
24 79
24 83
25 26
25 35
25 37
25 48
25 57
25 73
25 84
26 59
27 31
27 32
27 36
27 49
27 57
27 80
27 87
27 92
28 38
28 48
28 51
28 52
28 74
28 78
28 89
29 36
29 42
29 61
30 45
30 73
31 49
31 92
32 35
32 45
32 65
32 84
33 85
33 90
34 50
35 67
36 52
37 45
37 59
38 40
38 41
38 92
39 49
39 58
40 41
40 53
40 67
40 94
41 44
41 47
41 79
41 83
42 43
42 50
42 51
42 54
42 60
42 69
42 70
43 62
44 82
45 54
46 56
47 55
47 60
47 64
47 67
47 77
47 81
47 86
47 93
48 57
48 91
48 95
49 61
49 73
49 81
50 76
51 82
51 83
51 86
52 70
52 86
52 88
53 64
53 71
54 62
54 75
54 80
54 91
55 57
55 71
56 69
56 95
57 76
58 65
61 89
63 93
64 80
65 77
65 90
65 93
66 87
67 88
69 83
75 85
78 83
79 91
82 87
83 94
85 88
