0 1
0 2
0 3
0 4
0 5
0 6
0 7
0 8
0 9
0 10
0 11
0 12
0 13
0 14
0 15
0 16
0 17
0 19
0 21
0 22
0 23
0 24
0 25
0 26
0 27
0 30
0 32
0 33
0 34
0 35
0 36
0 37
0 39
0 47
0 63
0 67
0 71
0 72
0 74
0 75
0 77
0 80
0 85
0 88
0 93
1 6
1 8
1 9
1 20
1 28
1 41
1 42
1 56
1 60
1 64
1 68
1 74
1 89
2 6
2 7
2 10
2 11
2 12
2 21
2 23
2 30
2 32
2 38
2 42
2 52
2 58
2 81
2 93
3 6
3 7
3 8
3 13
3 20
3 45
3 50
3 53
3 56
3 68
4 14
4 23
4 24
4 25
4 43
4 46
4 74
4 82
5 6
5 7
5 8
5 9
5 15
5 18
5 20
5 51
5 56
5 69
5 71
5 81
5 82
5 85
6 7
6 8
6 10
6 14
6 17
6 19
6 25
6 31
6 40
6 43
6 52
6 72
6 75
6 80
6 91
6 92
7 9
7 10
7 11
7 12
7 13
7 14
7 15
7 16
7 17
7 20
7 22
7 23
7 26
7 30
7 32
7 34
7 35
7 37
7 39
7 41
7 44
7 52
7 61
7 75
7 76
7 86
8 9
8 10
8 11
8 12
8 14
8 15
8 16
8 17
8 20
8 21
8 24
8 29
8 30
8 31
8 35
8 41
8 51
8 54
8 59
8 62
8 64
8 65
8 70
8 73
8 90
8 91
9 11
9 53
9 54
9 59
9 76
9 78
9 84
10 16
10 17
10 18
10 26
10 27
10 29
10 31
10 35
10 37
10 38
10 58
10 60
10 62
10 67
10 72
10 88
11 12
11 13
11 24
11 27
11 28
11 40
11 42
11 64
11 78
11 90
12 13
12 15
12 19
12 22
12 23
12 28
12 34
12 38
12 42
12 43
12 47
12 50
12 64
12 66
12 92
12 94
13 16
13 18
13 25
13 27
13 29
13 32
13 36
13 37
13 44
13 57
13 70
13 81
13 88
13 94
14 19
14 26
14 47
14 61
15 19
15 22
15 24
15 33
15 41
15 48
15 54
15 57
15 62
15 87
15 92
16 18
16 39
16 65
17 18
17 21
17 22
17 25
17 36
17 38
17 47
17 49
17 55
17 59
17 68
17 75
17 77
17 82
17 88
17 89
18 37
18 80
18 85
19 33
19 36
19 54
19 55
19 69
19 76
20 21
20 26
20 45
20 46
20 55
20 74
21 69
21 86
22 29
22 47
22 50
22 94
23 33
23 34
23 40
23 46
23 77
23 86
23 87
24 27
24 28
24 31
24 35
24 52
24 63
24 89
24 90
25 39
25 42
25 45
25 48
25 49
25 51
25 60
25 68
25 84
26 29
26 38
26 39
26 65
26 71
27 28
27 31
27 33
27 40
27 41
27 48
27 49
27 57
27 85
28 30
28 61
28 83
29 57
30 32
30 34
30 36
30 44
31 45
31 53
31 55
31 58
31 67
31 71
31 84
31 90
32 49
32 52
32 54
34 73
34 83
35 59
35 61
35 77
36 49
36 79
36 87
37 43
37 48
37 56
37 58
37 67
38 43
38 44
38 62
39 40
39 45
39 60
39 79
39 84
39 87
40 46
40 48
40 50
40 51
40 61
40 76
40 78
41 44
41 46
41 53
41 63
41 66
42 53
42 66
42 72
42 73
42 91
43 55
43 62
43 77
43 79
43 93
44 51
44 79
44 83
46 50
46 73
46 81
46 83
46 85
47 69
47 78
48 64
48 65
48 67
50 56
50 59
50 66
50 82
50 91
50 92
51 63
51 70
51 71
53 65
53 76
53 80
53 91
54 70
54 75
56 57
56 58
56 69
56 81
57 63
57 70
58 66
58 74
59 60
59 89
59 94
62 79
63 73
63 78
63 86
64 68
66 72
68 83
69 86
70 88
73 84
78 80
79 82
81 90
82 89
85 92
86 87
87 94
89 93
90 93
