0 1
0 10
0 12
0 13
0 14
0 15
0 20
0 23
0 25
0 28
0 33
0 34
0 36
0 40
0 42
0 46
0 47
0 50
0 52
1 5
1 8
1 10
1 12
1 15
1 24
1 28
1 31
1 42
1 52
1 53
2 5
2 13
2 14
2 15
2 17
2 21
2 24
2 30
2 32
2 36
2 37
2 38
2 41
2 44
2 47
2 49
2 50
2 53
2 55
2 56
3 10
3 21
3 24
3 41
3 47
3 51
3 52
3 53
3 54
4 6
4 8
4 13
4 14
4 17
4 19
4 22
4 26
4 31
4 33
4 34
4 37
4 39
4 46
4 50
4 56
5 8
5 9
5 10
5 11
5 12
5 13
5 16
5 18
5 19
5 20
5 22
5 26
5 28
5 31
5 38
5 39
5 40
5 45
5 47
5 49
5 50
5 51
6 7
6 10
6 12
6 13
6 15
6 24
6 26
6 27
6 30
6 32
6 33
6 34
6 35
6 41
6 46
6 47
6 50
6 55
7 10
7 11
7 12
7 16
7 18
7 19
7 23
7 31
7 37
7 39
7 41
7 42
7 45
7 51
7 52
8 9
8 13
8 14
8 15
8 16
8 18
8 22
8 26
8 31
8 32
8 34
8 36
8 37
8 44
8 45
8 48
8 53
8 56
9 10
9 13
9 14
9 20
9 26
9 27
9 29
9 30
9 31
9 36
9 42
9 43
9 47
9 50
9 51
9 53
9 54
9 56
10 11
10 13
10 14
10 15
10 17
10 18
10 19
10 23
10 24
10 31
10 33
10 38
10 39
10 40
10 43
10 44
10 45
10 47
10 51
10 53
10 56
11 12
11 14
11 18
11 20
11 22
11 23
11 27
11 32
11 34
11 39
11 40
11 41
11 44
11 46
11 48
11 55
12 13
12 14
12 17
12 18
12 21
12 27
12 28
12 30
12 31
12 39
12 40
12 41
12 42
12 48
12 56
13 18
13 25
13 29
13 30
13 31
13 32
13 35
13 44
13 45
13 46
13 47
13 49
13 50
13 52
13 53
13 55
14 20
14 23
14 26
14 27
14 28
14 31
14 35
14 41
14 42
14 43
14 45
14 46
14 47
14 52
14 55
15 16
15 19
15 23
15 24
15 25
15 26
15 28
15 32
15 34
15 43
15 52
15 53
15 54
16 21
16 22
16 24
16 28
16 30
16 31
16 33
16 34
16 35
16 49
16 53
16 56
17 18
17 19
17 21
17 23
17 24
17 26
17 28
17 36
17 40
17 51
17 53
17 55
17 56
18 19
18 23
18 24
18 28
18 32
18 33
18 41
18 46
18 53
19 20
19 22
19 27
19 31
19 33
19 34
19 41
19 44
19 47
19 50
19 52
20 21
20 23
20 25
20 26
20 27
20 29
20 31
20 34
20 39
20 43
20 46
20 47
20 48
20 54
21 25
21 27
21 28
21 30
21 35
21 37
21 41
21 43
21 45
21 46
21 49
21 52
21 54
21 55
22 24
22 25
22 32
22 34
22 36
22 38
22 41
22 42
22 44
22 50
22 54
22 55
23 25
23 28
23 31
23 33
23 35
23 36
23 37
23 38
23 40
23 42
23 43
23 48
23 56
24 25
24 27
24 32
24 37
24 38
24 39
24 40
24 42
24 46
24 52
24 54
25 26
25 28
25 29
25 32
25 35
25 37
25 44
25 48
25 49
25 53
25 55
26 28
26 29
26 33
26 37
26 41
26 47
26 48
26 55
27 28
27 29
27 32
27 34
27 35
27 36
27 38
27 40
27 41
27 45
27 47
27 48
27 50
27 52
28 32
28 40
28 46
28 53
28 56
29 31
29 35
29 36
29 39
29 40
29 46
29 47
29 51
29 52
29 54
30 33
30 35
30 39
30 43
30 44
30 46
30 48
30 49
30 52
30 53
31 33
31 37
31 38
31 44
31 46
31 49
31 51
31 52
31 54
31 56
32 33
32 34
32 35
32 37
32 38
32 43
32 44
32 45
32 47
32 49
32 52
32 54
33 34
33 38
33 40
33 42
33 51
33 52
33 53
33 55
34 35
34 38
34 42
34 43
34 47
35 36
35 39
35 42
35 47
35 49
35 54
36 39
36 47
36 49
36 50
36 53
36 55
37 40
37 41
37 42
37 43
37 48
37 50
37 52
37 55
38 40
38 47
38 50
38 51
38 52
38 55
38 56
39 41
39 44
39 49
39 50
39 51
39 53
39 54
40 44
40 46
40 52
41 43
41 45
41 46
41 51
41 54
42 49
42 50
42 51
42 53
42 54
43 47
43 49
43 54
43 55
44 46
44 52
44 54
44 55
45 46
45 48
45 49
45 54
45 56
46 49
46 51
46 53
47 53
47 55
48 50
48 51
49 51
49 53
49 54
50 52
50 55
50 56
51 52
51 56
52 55
53 55
54 55
