0 1
0 2
0 3
0 4
0 5
0 6
0 7
0 8
0 9
0 10
0 11
0 12
0 14
0 15
0 17
0 20
0 27
0 32
0 41
0 55
0 61
0 65
0 82
1 6
1 7
1 9
1 10
1 11
1 12
1 14
1 22
1 27
1 29
1 30
1 39
1 40
1 43
1 44
1 46
1 59
1 64
1 67
1 68
1 71
1 78
1 85
1 95
2 6
2 7
2 10
2 13
2 19
2 22
2 25
2 28
2 33
2 34
2 39
2 45
2 50
2 53
2 62
2 73
2 81
2 85
2 86
2 88
2 91
2 98
3 6
3 9
3 13
3 15
3 16
3 18
3 33
3 34
3 41
3 54
3 64
3 77
3 79
3 80
3 86
3 87
3 95
4 8
4 16
4 19
4 32
4 59
4 64
4 66
4 88
4 90
5 6
5 7
5 8
5 21
5 22
5 25
5 37
5 96
6 7
6 8
6 12
6 14
6 16
6 25
6 35
6 47
6 54
6 60
6 66
6 72
6 77
7 8
7 9
7 11
7 15
7 16
7 17
7 18
7 21
7 22
7 24
7 25
7 26
7 29
7 30
7 31
7 36
7 37
7 38
7 39
7 41
7 50
7 57
7 60
7 62
7 76
7 78
7 82
7 88
7 90
7 91
7 92
7 94
7 99
8 9
8 10
8 11
8 13
8 17
8 21
8 23
8 24
8 36
8 38
8 51
8 53
8 58
8 63
8 65
8 75
8 78
8 83
8 88
8 89
9 10
9 16
9 17
9 18
9 23
9 24
9 38
9 42
9 43
9 44
9 45
9 51
9 65
9 68
9 69
9 84
9 96
10 11
10 12
10 13
10 15
10 20
10 24
10 33
10 45
10 46
10 48
10 56
10 67
10 71
11 12
11 13
11 14
11 19
11 37
11 42
11 46
11 49
11 61
11 64
11 69
11 84
11 93
12 18
12 20
12 21
12 24
12 26
12 27
12 28
12 29
12 30
12 32
12 33
12 35
12 52
12 53
12 56
12 57
12 60
12 61
12 65
12 67
12 75
12 76
12 77
12 82
12 83
12 87
12 93
13 14
13 15
13 23
13 26
13 28
13 36
13 40
13 47
13 48
13 63
13 73
13 87
14 18
14 20
14 21
14 23
14 26
14 31
14 58
15 17
15 19
15 31
15 34
15 35
15 53
15 55
15 90
15 92
16 20
16 26
16 28
16 43
16 44
16 52
16 57
16 64
16 79
16 97
17 19
17 22
17 23
17 36
17 49
17 54
17 67
17 71
17 72
17 74
17 81
17 93
18 32
18 35
18 39
18 41
18 44
18 49
18 70
18 71
18 73
18 76
18 83
18 94
19 30
19 31
19 33
19 35
19 51
19 61
19 72
19 80
19 94
19 95
20 31
20 36
20 40
20 43
20 70
21 30
21 46
21 47
21 51
21 86
22 27
22 28
22 34
22 48
22 49
22 56
22 57
22 69
22 86
22 96
22 98
23 25
23 45
23 99
24 29
24 38
24 47
24 54
24 58
24 79
24 89
25 50
25 52
26 27
26 38
26 69
26 90
27 29
27 32
27 37
27 40
27 63
28 41
28 42
28 44
28 48
28 52
28 58
29 47
29 48
29 54
29 75
29 76
29 78
30 94
31 90
31 98
32 34
32 37
32 42
32 56
32 77
33 66
33 80
33 95
34 62
34 71
34 88
34 91
35 39
35 49
35 63
36 40
36 45
36 53
36 55
36 56
36 59
36 84
36 85
36 94
37 43
37 67
38 60
38 84
38 87
40 42
40 46
40 55
41 50
41 66
41 70
42 65
42 78
42 79
42 98
43 59
44 62
44 66
45 51
45 52
46 50
46 55
46 59
46 61
46 68
47 70
47 73
48 74
49 63
49 68
49 72
49 91
50 58
50 62
50 97
51 74
51 75
52 81
53 69
54 57
54 72
54 93
54 97
54 99
55 60
56 93
57 81
58 80
58 81
59 85
60 68
60 77
61 70
61 75
62 89
63 86
63 91
65 97
66 74
66 76
66 96
67 84
68 74
68 92
69 82
69 83
70 73
72 83
75 79
76 99
79 80
80 82
80 92
80 96
80 97
81 89
84 85
84 89
86 87
86 99
87 92
87 98
92 95
