0 1
0 2
0 3
0 4
0 5
0 6
0 7
0 8
0 9
0 10
0 11
0 12
0 13
0 14
0 18
0 19
0 20
0 21
0 22
0 23
0 24
0 25
0 28
0 29
0 31
0 34
0 36
0 38
0 39
0 40
0 44
0 45
0 48
0 50
0 55
0 56
0 58
0 59
0 67
0 69
1 11
1 12
1 13
1 14
1 15
1 16
1 17
1 18
1 20
1 21
1 22
1 26
1 27
1 29
1 30
1 32
1 33
1 36
1 38
1 44
1 48
1 49
1 52
1 54
1 57
1 58
1 59
1 63
1 65
2 11
2 15
2 16
2 20
2 23
2 26
2 30
2 48
2 56
2 59
2 61
3 11
3 12
3 13
3 14
3 16
3 17
3 24
3 25
3 29
3 43
3 47
3 54
3 55
3 64
3 68
4 11
4 13
4 14
4 15
4 16
4 17
4 19
4 20
4 21
4 23
4 24
4 25
4 33
4 34
4 43
4 44
4 46
4 50
4 52
4 54
4 65
5 11
5 12
5 13
5 16
5 18
5 23
5 29
5 33
5 40
5 46
5 49
6 11
6 12
6 13
6 14
6 15
6 16
6 17
6 18
6 19
6 22
6 25
6 37
6 40
6 44
6 46
6 49
6 60
6 62
6 65
7 11
7 12
7 13
7 14
7 15
7 19
7 21
7 23
7 27
7 31
7 32
7 34
7 35
7 37
7 44
7 45
7 49
7 54
7 58
7 68
8 11
8 12
8 15
8 18
8 20
8 22
8 24
8 27
8 28
8 33
8 36
8 50
8 57
8 62
8 66
8 67
8 69
8 70
9 11
9 12
9 14
9 17
9 22
9 28
9 31
9 32
9 33
9 41
9 43
9 44
9 58
10 12
10 13
10 18
10 24
10 40
10 44
10 56
10 57
11 12
11 13
11 14
11 15
11 16
11 17
11 18
11 19
11 20
11 21
11 22
11 23
11 24
11 28
11 30
11 31
11 35
11 37
11 39
11 40
11 41
11 42
11 45
11 47
11 51
11 52
11 53
11 54
11 55
11 56
11 57
11 60
11 63
11 64
11 67
11 70
12 13
12 14
12 15
12 17
12 19
12 21
12 25
12 26
12 36
12 38
12 41
12 43
12 46
12 47
12 48
12 51
12 54
12 56
12 70
13 14
13 15
13 16
13 19
13 20
13 21
13 22
13 23
13 26
13 27
13 28
13 29
13 33
13 34
13 35
13 36
13 37
13 38
13 39
13 42
13 43
13 47
13 58
13 66
13 69
14 15
14 16
14 17
14 18
14 19
14 20
14 26
14 28
14 30
14 31
14 34
14 35
14 36
14 38
14 52
14 54
14 56
15 16
15 17
15 18
15 20
15 23
15 24
15 25
15 26
15 28
15 29
15 31
15 32
15 33
15 35
15 39
15 42
15 43
15 46
15 47
15 50
15 52
15 57
15 64
15 66
15 69
15 70
16 17
16 18
16 19
16 21
16 22
16 23
16 24
16 26
16 27
16 31
16 34
16 38
16 39
16 40
16 46
16 48
16 49
16 52
16 55
16 57
16 64
16 66
16 70
17 19
17 22
17 24
17 25
17 29
17 32
17 34
17 35
17 37
17 39
17 40
17 43
17 44
17 53
17 55
17 57
17 60
17 61
17 66
17 67
18 21
18 22
18 26
18 27
18 30
18 31
18 36
18 38
18 39
18 41
18 42
18 50
18 55
18 59
18 62
18 68
19 20
19 21
19 23
19 25
19 26
19 27
19 28
19 29
19 30
19 33
19 35
19 37
19 45
19 46
19 48
19 49
19 55
19 67
19 70
20 31
20 42
20 55
20 56
20 62
21 25
21 30
21 34
21 45
21 47
21 61
22 27
22 30
22 37
22 39
22 40
22 41
22 45
22 46
22 60
22 61
22 65
22 69
23 24
23 27
23 32
23 35
23 37
23 38
23 44
23 49
23 53
23 56
23 61
23 68
23 69
24 25
24 30
24 32
24 35
24 36
24 40
24 45
24 51
24 60
24 67
25 26
25 27
25 28
25 33
25 35
25 48
25 54
25 62
25 63
25 64
25 67
26 29
26 32
26 38
26 48
26 51
26 53
26 59
26 60
26 61
26 63
26 66
26 68
27 28
27 29
27 30
27 33
27 47
27 50
27 58
27 64
28 31
28 37
28 39
28 42
28 51
29 43
29 47
29 53
29 54
29 66
29 69
30 32
30 41
30 42
30 50
30 51
30 62
31 32
31 34
31 36
31 45
31 51
31 55
31 65
32 50
32 53
32 62
32 70
33 34
33 36
33 37
33 39
33 40
33 41
33 45
33 46
33 47
33 49
33 50
33 56
33 57
33 58
33 66
34 43
34 45
34 48
34 49
34 52
34 57
34 61
34 62
34 63
34 66
35 38
35 42
35 48
35 52
36 41
36 42
36 50
36 60
36 70
37 41
38 49
38 52
38 53
38 59
39 41
39 51
39 59
39 68
39 69
40 42
40 43
40 47
40 62
40 63
40 64
41 51
41 54
41 58
41 65
41 67
41 68
42 44
42 46
42 53
43 53
43 63
43 68
44 60
46 53
46 60
46 68
46 69
47 59
47 64
47 65
47 68
48 51
48 66
49 52
49 61
50 55
50 63
50 65
51 58
51 59
51 61
51 64
51 65
51 67
52 60
52 63
53 56
53 58
53 67
54 64
55 59
55 61
56 57
57 62
59 65
60 70
61 63
62 70
63 69
