0 1
0 2
0 18
0 32
0 43
0 3
0 15
0 39
1 16
1 21
1 27
1 37
1 49
1 17
1 32
2 12
2 49
2 7
2 36
2 41
2 38
2 25
3 4
3 24
3 35
3 8
3 48
3 47
3 26
4 15
4 25
4 44
4 37
4 23
4 47
4 8
5 6
5 37
5 17
5 10
5 39
5 27
5 46
5 22
6 7
6 15
6 30
6 45
6 23
6 42
6 12
7 14
7 36
7 47
7 29
7 43
7 35
8 9
8 38
8 29
8 42
8 11
8 46
9 22
9 24
9 13
9 43
9 30
9 27
9 26
10 11
10 22
10 34
10 25
10 37
10 33
10 23
11 23
11 37
11 48
11 43
11 12
11 16
12 40
12 45
12 21
12 39
12 20
13 14
13 41
13 40
13 47
13 42
13 45
13 32
14 31
14 34
14 28
14 44
14 35
14 18
15 19
15 16
15 20
15 46
15 22
16 17
16 41
16 38
16 28
16 37
17 29
17 25
17 42
17 49
17 34
18 19
18 31
18 34
18 43
18 39
18 44
19 29
19 28
19 46
19 49
19 26
19 37
20 21
20 32
20 34
20 40
20 38
20 23
21 27
21 30
21 42
21 33
21 40
22 33
22 36
22 40
22 31
23 35
23 44
23 30
24 28
24 41
24 25
24 39
24 31
24 49
25 26
25 30
25 36
26 27
26 32
26 49
26 41
27 28
27 49
27 36
28 33
28 48
28 29
29 47
29 41
29 43
30 35
30 41
30 47
31 34
31 48
31 37
31 39
32 46
32 40
32 44
33 41
33 38
33 45
33 39
34 38
34 47
35 44
35 48
35 36
36 45
36 46
38 45
38 46
39 40
40 42
42 43
42 44
43 44
45 48
45 46
47 48
48 49
