0 1
0 2
0 3
0 4
0 5
0 6
0 8
0 9
0 10
0 11
0 12
0 13
0 14
0 15
0 16
0 17
0 18
0 25
0 27
0 29
0 39
0 40
0 52
0 61
0 63
0 75
0 79
0 81
0 82
0 84
0 86
0 89
1 6
1 7
1 8
1 10
1 11
1 12
1 15
1 17
1 18
1 20
1 23
1 25
1 29
1 30
1 34
1 38
1 42
1 49
1 52
1 58
1 72
1 73
2 6
2 7
2 8
2 10
2 11
2 12
2 13
2 14
2 15
2 17
2 22
2 28
2 32
2 45
2 47
2 50
2 57
2 73
2 76
2 77
3 6
3 7
3 62
4 26
4 30
4 35
4 40
4 53
4 59
4 69
4 71
5 6
5 7
5 9
5 19
5 47
5 49
5 55
5 58
5 79
5 88
6 7
6 8
6 9
6 10
6 12
6 13
6 14
6 15
6 21
6 22
6 23
6 28
6 30
6 36
6 37
6 38
6 45
6 48
6 51
6 74
6 81
6 82
6 89
6 90
6 91
7 8
7 9
7 13
7 17
7 18
7 26
7 31
7 39
7 44
7 48
7 49
7 51
7 54
7 56
7 57
7 67
7 78
7 83
7 85
7 90
8 9
8 11
8 14
8 16
8 17
8 22
8 27
8 28
8 29
8 30
8 31
8 36
8 37
8 40
8 51
8 53
8 55
8 68
8 75
8 83
8 84
8 87
8 90
9 10
9 15
9 19
9 20
9 23
9 25
9 28
9 32
9 34
9 36
9 37
9 38
9 42
9 48
9 55
9 56
9 60
9 62
9 64
9 71
9 75
9 80
9 84
10 11
10 12
10 21
10 23
10 33
10 66
10 78
10 80
10 82
10 83
10 84
10 89
11 13
11 14
11 16
11 19
11 20
11 21
11 41
11 46
11 49
11 64
11 84
12 16
12 18
12 24
12 25
12 31
12 33
12 34
12 39
12 50
12 52
12 60
13 22
13 26
13 33
13 36
13 47
13 53
13 71
13 78
13 91
14 19
14 20
14 24
14 40
14 41
14 43
14 44
14 47
14 65
14 67
14 71
14 86
14 91
15 16
15 20
15 23
15 24
15 27
15 29
15 39
15 43
15 49
15 65
15 72
15 79
15 81
15 85
15 87
15 91
16 21
16 31
16 41
16 45
17 18
17 26
17 30
17 42
17 48
17 89
18 19
18 21
18 22
18 24
18 27
18 29
18 35
18 39
18 41
18 42
18 45
18 59
18 61
18 64
18 70
18 73
18 75
19 25
19 26
19 33
19 34
19 55
19 64
19 65
19 80
19 83
19 87
20 27
20 40
20 45
21 32
21 38
22 24
22 35
22 53
22 54
22 59
22 64
22 67
22 69
22 76
22 78
23 50
23 71
23 72
24 31
24 35
24 44
24 56
24 72
24 77
24 88
25 28
25 32
25 37
25 38
25 43
25 46
25 54
25 63
25 79
25 80
26 57
26 62
26 63
27 41
27 43
27 52
27 57
27 59
27 69
27 73
27 88
27 89
28 50
29 36
29 44
29 66
29 73
30 46
30 50
30 59
30 61
30 66
30 86
31 32
31 33
31 35
31 46
31 52
31 65
31 67
31 68
31 74
31 75
32 57
33 34
33 47
33 63
35 42
35 61
35 63
35 65
35 70
35 78
36 37
36 82
36 90
37 51
37 66
37 88
38 74
39 51
40 60
41 70
42 43
42 74
43 44
43 60
44 46
44 56
44 68
44 77
45 62
45 72
46 58
46 79
47 48
47 54
47 55
47 60
47 68
48 56
48 85
48 86
49 53
49 77
50 54
51 80
52 61
53 58
53 62
53 70
53 86
54 81
55 67
56 70
56 91
57 58
57 66
59 69
59 87
63 69
64 68
64 74
64 76
64 90
67 85
68 76
69 76
69 81
69 82
69 85
74 77
79 87
82 83
82 88
