0 1
0 2
0 3
0 4
0 5
0 6
0 7
0 11
0 12
0 16
0 21
0 23
0 26
0 30
0 31
0 33
0 41
0 44
0 50
0 64
0 65
0 69
0 71
0 72
0 75
0 80
0 88
1 6
1 8
1 10
1 15
1 16
1 18
1 19
1 20
1 22
1 28
1 35
1 44
1 50
1 52
1 53
1 85
2 6
2 7
2 9
2 11
2 13
2 17
2 21
2 29
2 30
2 40
2 46
2 49
2 51
2 52
2 53
2 56
2 58
2 62
2 66
2 68
2 69
2 75
2 83
2 90
3 7
3 8
3 17
3 22
3 30
3 31
3 49
3 52
3 53
3 60
3 73
3 76
3 82
4 6
4 7
4 8
4 9
4 13
4 14
4 17
4 19
4 20
4 21
4 27
4 32
4 58
4 69
4 78
4 82
4 84
5 6
5 10
5 23
5 25
5 26
5 27
5 29
5 39
5 41
5 44
5 63
5 64
5 65
5 67
5 81
5 84
5 94
6 7
6 8
6 9
6 10
6 11
6 12
6 13
6 14
6 16
6 17
6 22
6 26
6 29
6 40
6 43
6 46
6 56
6 57
6 60
6 78
6 94
7 8
7 9
7 11
7 12
7 14
7 16
7 19
7 28
7 29
7 39
7 44
7 54
7 55
7 86
7 91
8 9
8 10
8 15
8 18
8 21
8 25
8 32
8 35
8 36
8 43
8 61
8 68
8 86
8 91
8 93
9 10
9 12
9 13
9 14
9 15
9 17
9 19
9 20
9 24
9 25
9 27
9 31
9 32
9 34
9 36
9 38
9 42
9 45
9 46
9 49
9 51
9 53
9 54
9 59
9 63
9 68
9 71
9 78
9 88
9 90
10 11
10 18
10 22
10 27
10 28
10 33
10 36
10 38
10 39
10 70
10 74
10 86
11 12
11 13
11 14
11 22
11 23
11 24
11 35
11 48
11 55
11 59
11 65
11 77
11 85
11 91
12 15
12 18
12 24
12 34
12 47
12 48
12 59
12 73
13 15
13 18
13 20
13 21
13 27
13 34
13 42
13 63
13 65
13 81
13 87
13 88
13 90
14 16
14 19
14 20
14 23
14 33
14 45
14 69
14 85
15 47
15 71
15 85
15 87
16 33
16 40
16 43
16 45
16 47
16 57
16 74
17 25
17 37
17 42
17 47
17 54
17 72
17 79
17 82
17 83
17 87
17 90
18 45
18 47
18 66
18 80
18 93
19 32
19 42
19 62
19 64
19 70
19 76
19 80
20 23
20 24
20 28
20 37
20 62
20 79
20 88
21 24
21 26
21 29
21 56
21 68
21 78
22 28
22 32
22 38
22 41
22 43
22 57
22 59
22 63
22 73
22 74
22 89
22 92
23 61
23 82
24 25
24 30
24 31
24 39
24 42
24 60
24 71
24 73
24 89
24 93
25 26
25 31
25 33
25 34
25 41
25 44
25 75
26 55
26 58
26 61
26 81
26 84
27 37
27 58
27 66
28 38
29 30
29 37
29 39
29 40
29 43
29 51
29 54
29 79
30 34
30 35
30 36
30 46
30 50
30 52
30 56
30 67
30 76
30 78
30 83
30 94
31 55
31 59
31 60
31 70
31 88
32 36
32 50
32 56
32 60
32 61
32 63
32 81
32 93
33 35
33 37
33 38
33 62
33 70
34 54
34 79
35 67
35 72
36 48
36 51
36 62
36 82
36 89
38 49
38 64
39 40
39 45
39 49
39 71
39 77
40 41
40 57
40 72
41 70
41 92
42 46
43 58
44 48
44 89
45 55
45 68
45 85
45 87
47 48
47 51
47 61
48 50
48 90
50 52
50 75
50 81
50 93
51 53
51 57
51 65
51 86
52 92
53 69
53 92
54 67
54 74
57 66
58 87
58 91
59 66
59 94
61 64
62 67
63 72
63 77
65 94
66 80
67 75
67 77
69 76
69 77
70 76
71 73
71 79
72 83
72 92
73 74
76 84
77 80
79 83
80 89
81 84
83 86
90 91
