0 1
0 8
0 70
0 72
1 54
1 46
1 79
2 3
2 55
2 42
2 7
3 30
3 33
3 51
4 5
4 42
4 62
4 19
5 39
5 24
5 7
6 7
6 24
6 61
6 48
7 73
8 56
8 70
8 78
9 10
9 29
9 56
9 30
10 44
10 61
10 16
11 12
11 27
11 45
11 15
12 66
12 68
12 46
13 14
13 25
13 74
13 24
14 20
14 48
14 53
15 16
15 47
15 33
16 74
16 70
17 18
17 51
17 64
17 77
18 31
18 44
18 67
19 20
19 46
19 22
20 34
20 48
21 22
21 52
21 64
21 75
22 62
22 69
23 24
23 37
23 77
23 52
25 26
25 54
25 77
26 70
26 50
26 54
27 28
27 68
27 75
28 36
28 43
28 69
29 30
29 63
29 41
30 69
31 68
31 42
31 41
32 33
32 77
32 76
32 57
33 79
34 40
34 59
34 53
35 36
35 45
35 58
35 59
36 50
36 79
37 55
37 39
37 69
38 39
38 64
38 71
38 60
39 73
40 41
40 51
40 72
41 49
42 47
43 44
43 67
43 76
44 55
45 57
45 72
46 47
47 59
48 53
49 50
49 52
49 73
50 75
51 57
52 66
53 68
54 58
55 63
56 63
56 75
57 67
58 63
58 74
59 60
60 79
60 62
61 65
61 67
62 74
64 65
65 76
65 73
66 71
66 78
71 76
71 78
72 78
