0 1
0 2
0 3
0 4
0 5
0 6
0 8
0 12
0 13
0 14
0 21
0 23
0 24
0 28
0 29
0 31
0 32
0 33
0 35
0 46
0 47
0 48
0 56
0 69
0 77
0 82
0 87
0 93
1 7
1 8
1 9
1 10
1 16
1 19
1 39
1 62
1 71
1 83
1 87
2 3
2 4
2 12
2 15
2 19
2 32
2 34
2 41
2 49
2 54
2 63
2 74
2 89
2 91
3 5
3 7
3 10
3 13
3 37
3 43
3 57
3 61
3 66
3 73
4 16
4 20
4 27
4 51
4 52
4 53
4 55
4 66
5 6
5 21
5 22
5 25
5 30
5 33
5 34
5 42
5 45
5 49
5 51
5 52
5 69
5 80
6 11
6 14
6 18
6 23
6 30
6 40
6 47
6 78
6 89
7 9
7 11
7 17
7 37
7 39
7 68
7 73
8 18
8 20
8 79
9 25
9 27
9 29
9 36
9 42
9 53
10 26
11 15
11 60
11 64
11 85
11 86
13 17
13 80
15 24
15 50
15 72
16 70
16 92
18 50
19 28
19 60
19 71
19 74
20 22
20 36
20 58
20 59
20 65
20 79
20 90
21 61
22 26
22 65
22 75
22 91
26 31
26 38
26 43
26 44
27 57
28 44
28 55
32 68
32 77
33 38
33 40
34 35
34 62
34 90
35 41
35 59
35 83
36 45
36 82
36 84
39 48
41 67
41 72
41 93
42 58
44 81
45 46
45 76
46 56
47 54
49 78
53 64
56 81
57 67
57 70
57 86
60 63
65 75
65 85
65 88
68 76
74 88
74 92
75 84
