0 2
0 3
0 4
0 12
0 15
0 18
0 20
0 21
0 22
0 25
0 27
0 28
0 29
0 30
0 32
0 37
1 2
1 5
1 7
1 11
1 18
1 20
1 21
1 22
1 28
1 29
1 30
1 31
1 32
1 34
1 37
1 38
2 3
2 5
2 7
2 8
2 9
2 10
2 13
2 15
2 16
2 18
2 19
2 21
2 24
2 27
2 28
2 31
2 35
2 36
2 37
2 38
2 42
3 4
3 7
3 12
3 19
3 20
3 23
3 24
3 26
3 33
3 35
3 37
3 42
4 8
4 10
4 11
4 13
4 15
4 16
4 17
4 18
4 19
4 21
4 23
4 26
4 29
4 33
4 34
4 35
4 36
4 41
4 42
5 10
5 13
5 14
5 17
5 18
5 21
5 22
5 23
5 25
5 29
5 30
5 35
5 36
5 37
5 42
6 10
6 13
6 16
6 22
6 24
6 28
6 29
6 30
6 40
6 42
7 10
7 11
7 22
7 23
7 24
7 25
7 32
7 33
7 34
7 37
7 38
7 40
8 9
8 17
8 18
8 22
8 31
8 37
8 40
9 11
9 13
9 14
9 15
9 23
9 26
9 27
9 28
9 30
9 33
9 35
9 37
9 38
10 12
10 16
10 19
10 22
10 25
10 29
10 30
10 31
10 37
10 38
10 39
10 40
10 41
11 12
11 14
11 16
11 17
11 18
11 23
11 24
11 26
11 27
11 28
11 29
11 33
11 37
11 39
12 15
12 17
12 20
12 22
12 23
12 25
12 30
12 32
12 33
12 35
12 39
12 41
12 42
13 16
13 17
13 24
13 28
13 30
13 33
13 34
13 35
13 37
13 40
14 18
14 19
14 21
14 23
14 24
14 29
14 30
14 36
14 39
15 17
15 18
15 20
15 25
15 28
15 30
15 32
15 33
15 34
15 38
16 19
16 22
16 25
16 26
16 31
16 34
16 40
17 20
17 21
17 27
17 31
17 32
17 33
17 34
17 37
17 38
17 39
17 42
18 19
18 21
18 23
18 24
18 25
18 33
18 34
18 37
18 40
19 22
19 23
19 24
19 26
19 30
19 31
19 33
19 34
19 40
19 41
20 21
20 22
20 23
20 24
20 26
20 27
20 28
20 29
20 30
20 37
20 38
20 39
20 40
21 31
21 32
21 36
21 37
21 39
22 24
22 29
22 31
22 35
22 40
23 26
23 28
23 30
23 33
23 38
23 41
23 42
24 26
24 27
24 32
24 33
24 34
24 35
25 27
25 28
25 30
25 32
25 33
25 34
25 35
26 27
26 28
26 29
26 31
26 32
26 34
26 36
26 37
26 38
27 28
27 29
27 30
27 38
27 40
28 29
28 32
28 34
28 35
28 42
29 36
29 41
30 31
30 34
30 35
30 36
30 37
30 38
30 41
31 34
31 36
31 37
32 34
33 34
33 35
33 36
33 38
33 42
34 36
34 42
35 37
35 39
36 38
36 39
36 40
36 42
37 40
37 41
37 42
38 40
38 41
39 40
39 41
39 42
40 41
