0 1
0 3
0 5
0 8
0 9
0 11
0 12
0 14
0 17
0 18
0 21
0 23
0 24
0 26
0 33
0 34
0 39
0 41
0 43
0 44
0 46
0 51
1 3
1 5
1 7
1 9
1 11
1 14
1 15
1 17
1 21
1 23
1 28
1 29
1 35
1 38
1 39
1 40
1 43
1 46
1 49
1 50
1 51
1 53
1 54
1 56
1 57
2 9
2 11
2 12
2 16
2 17
2 18
2 19
2 26
2 27
2 29
2 32
2 35
2 38
2 39
2 40
2 46
2 48
2 49
2 51
2 53
3 5
3 9
3 10
3 14
3 16
3 19
3 20
3 32
3 34
3 40
3 50
3 58
4 7
4 8
4 11
4 12
4 14
4 19
4 20
4 23
4 26
4 28
4 29
4 31
4 35
4 36
4 37
4 39
4 40
4 41
4 43
4 44
4 48
4 54
4 55
4 57
5 6
5 7
5 9
5 11
5 13
5 14
5 18
5 24
5 25
5 28
5 31
5 32
5 33
5 39
5 45
5 48
5 49
5 50
5 56
5 58
6 13
6 14
6 22
6 23
6 24
6 26
6 27
6 32
6 33
6 35
6 36
6 37
6 39
6 42
6 46
6 50
6 52
6 55
7 9
7 19
7 21
7 26
7 27
7 30
7 31
7 32
7 37
7 39
7 45
7 51
7 52
7 55
7 56
7 58
8 11
8 13
8 14
8 16
8 18
8 19
8 20
8 24
8 26
8 27
8 28
8 30
8 32
8 33
8 38
8 40
8 41
8 42
8 46
8 48
8 49
8 50
8 53
8 56
8 57
8 58
9 12
9 14
9 18
9 21
9 23
9 25
9 27
9 33
9 34
9 36
9 39
9 44
9 48
9 51
9 52
9 55
10 13
10 14
10 15
10 16
10 17
10 30
10 36
10 39
10 43
10 46
10 52
10 53
10 56
10 58
11 14
11 15
11 17
11 18
11 19
11 22
11 25
11 26
11 34
11 38
11 40
11 47
11 51
11 52
11 53
11 54
12 14
12 16
12 20
12 24
12 25
12 26
12 27
12 32
12 33
12 39
12 42
12 45
12 47
12 52
12 54
12 55
12 56
12 58
13 15
13 16
13 21
13 22
13 26
13 28
13 30
13 31
13 34
13 36
13 38
13 41
13 43
13 44
13 45
13 46
13 47
13 53
13 56
13 57
14 17
14 21
14 22
14 24
14 26
14 30
14 42
14 44
14 46
14 47
14 48
14 49
14 50
14 52
14 56
15 16
15 17
15 21
15 26
15 27
15 29
15 33
15 39
15 41
15 44
15 49
15 50
15 51
15 52
15 54
15 55
15 57
16 20
16 24
16 26
16 29
16 30
16 31
16 33
16 36
16 40
16 42
16 43
16 46
16 47
16 52
16 55
17 18
17 19
17 20
17 23
17 24
17 25
17 28
17 32
17 35
17 43
17 44
17 46
17 48
17 56
17 57
18 19
18 20
18 21
18 22
18 27
18 30
18 34
18 36
18 38
18 42
18 43
18 48
18 50
18 51
18 52
18 54
19 22
19 23
19 26
19 28
19 30
19 31
19 32
19 34
19 38
19 39
19 40
19 41
19 42
19 43
19 45
19 47
19 51
19 53
19 55
19 56
20 22
20 23
20 24
20 25
20 26
20 31
20 36
20 38
20 39
20 41
20 42
20 45
20 47
20 50
20 53
20 58
21 25
21 28
21 33
21 34
21 35
21 38
21 39
21 41
21 42
21 43
21 44
21 45
21 46
21 53
21 54
22 25
22 27
22 28
22 29
22 30
22 34
22 37
22 40
22 44
22 45
22 47
22 50
22 57
22 58
23 24
23 25
23 28
23 29
23 35
23 36
23 38
23 42
23 43
23 45
23 47
23 53
23 54
23 57
24 28
24 30
24 32
24 43
24 47
24 48
24 50
24 54
24 57
25 29
25 34
25 36
25 38
25 50
25 52
25 54
25 56
25 57
26 30
26 37
26 39
26 41
26 42
26 51
26 52
26 54
26 58
27 33
27 36
27 39
27 40
27 42
27 44
27 46
27 51
27 54
27 58
28 35
28 37
28 38
28 40
28 41
28 42
28 43
28 44
28 47
28 49
28 50
28 57
29 30
29 33
29 38
29 53
30 32
30 36
30 38
30 40
30 41
30 42
30 43
30 47
30 48
31 36
31 38
31 41
31 42
31 45
31 48
31 50
31 53
31 54
31 56
31 57
32 34
32 39
32 40
32 42
32 43
32 46
32 47
32 48
32 49
32 50
32 52
32 56
32 57
32 58
33 34
33 35
33 40
33 43
33 46
33 47
33 48
33 49
33 50
33 55
33 58
34 38
34 40
34 41
34 42
34 49
34 50
34 52
34 56
35 38
35 42
35 44
35 55
35 56
35 57
36 38
36 45
36 51
36 53
36 54
36 55
37 38
37 43
37 47
37 50
37 52
37 53
38 40
38 46
38 47
38 55
38 57
39 41
39 44
39 47
39 49
39 51
39 55
39 56
39 57
39 58
40 42
40 43
40 44
40 47
40 49
40 51
40 52
40 55
40 58
41 42
41 48
41 50
41 54
41 56
42 43
42 49
42 50
42 55
42 56
42 57
43 46
43 55
43 57
44 48
44 51
44 52
44 53
44 57
45 47
45 53
45 57
45 58
46 52
46 54
46 57
47 49
47 51
47 56
48 50
48 51
48 52
48 54
49 52
49 55
49 56
50 51
50 54
51 54
51 55
52 53
52 54
53 58
55 57
56 57
57 58
