0 1
0 31
0 78
0 27
1 42
1 39
1 17
2 3
2 20
2 65
2 71
3 35
3 57
3 68
4 5
4 49
4 9
4 22
5 8
5 21
5 57
6 7
6 65
6 35
6 26
7 8
7 23
7 69
8 27
8 52
9 10
9 46
9 71
10 30
10 44
10 16
11 12
11 62
11 74
11 53
12 19
12 15
12 70
13 14
13 39
13 58
13 28
14 48
14 75
14 31
15 16
15 29
15 70
16 36
16 34
17 18
17 49
17 32
18 60
18 64
18 79
19 30
19 64
19 28
20 59
20 78
20 79
21 22
21 32
21 50
22 79
22 30
23 24
23 69
23 56
24 44
24 25
24 34
25 26
25 36
25 60
26 54
26 55
27 28
27 66
28 66
29 51
29 57
29 76
30 67
31 32
31 47
32 45
33 34
33 47
33 56
33 67
34 55
35 61
35 77
36 52
36 56
37 38
37 47
37 56
37 67
38 39
38 72
38 77
39 41
40 41
40 70
40 46
40 43
41 62
41 61
42 50
42 63
42 65
43 44
43 53
43 72
44 55
45 46
45 54
45 74
46 59
47 48
48 60
48 74
49 52
49 77
50 51
50 62
51 59
51 78
52 69
53 73
53 75
54 75
54 72
55 76
57 58
58 63
58 59
60 61
61 74
62 69
63 73
63 79
64 76
64 68
65 73
66 68
66 67
68 71
70 78
71 77
72 76
73 75
