0 1
0 2
0 3
0 4
0 5
0 9
0 10
0 12
0 15
0 16
0 18
0 20
0 21
0 28
0 30
0 38
0 41
0 44
0 52
0 58
0 80
0 92
0 93
1 3
1 4
1 5
1 6
1 7
1 8
1 10
1 11
1 12
1 21
1 22
1 23
1 24
1 42
1 51
1 76
1 77
1 78
1 98
2 9
2 88
3 42
3 46
3 52
4 6
4 7
4 37
4 43
4 70
4 86
5 19
5 95
6 8
6 45
7 15
7 24
7 27
7 39
8 11
8 16
8 31
8 32
8 45
8 54
8 55
8 61
8 74
8 80
8 81
8 83
8 96
9 60
9 83
10 13
10 61
11 19
11 20
11 28
11 31
11 73
11 84
12 13
12 14
12 17
12 18
12 25
12 37
12 56
12 60
12 72
12 99
13 14
13 47
13 88
14 22
14 29
14 41
14 65
14 67
14 79
15 32
15 35
15 36
15 44
15 81
16 17
16 40
16 64
16 71
16 76
16 89
16 94
17 43
17 50
17 53
17 59
17 67
19 23
19 25
19 29
19 39
19 55
19 77
20 33
21 27
21 33
21 40
21 79
21 91
22 34
23 26
25 26
26 49
27 50
28 30
28 35
28 46
28 57
28 69
31 34
31 58
31 62
31 72
31 78
32 71
32 82
33 49
33 69
34 36
34 38
35 63
35 87
36 74
36 93
37 59
37 64
37 92
38 47
38 73
42 75
43 51
43 53
43 56
43 62
44 63
44 75
46 48
46 57
47 48
50 87
51 54
51 85
51 89
51 95
53 97
55 84
55 90
56 66
57 94
58 66
59 68
61 82
61 99
62 65
62 68
68 70
68 100
70 90
71 91
75 86
76 85
81 100
87 96
88 97
94 98
