0 1
0 32
0 23
0 58
0 55
0 9
0 38
0 15
1 22
1 44
1 30
1 45
1 16
1 7
1 27
2 3
2 25
2 43
2 22
2 49
2 40
2 35
2 29
3 15
3 18
3 42
3 33
3 10
3 24
3 20
4 5
4 50
4 51
4 45
4 23
4 25
4 6
4 34
5 12
5 17
5 10
5 46
5 35
5 47
5 20
6 7
6 35
6 30
6 56
6 32
6 58
6 39
7 10
7 16
7 17
7 50
7 49
7 25
8 9
8 14
8 15
8 29
8 22
8 57
8 56
8 40
9 12
9 43
9 38
9 59
9 53
9 56
10 11
10 33
10 30
10 53
10 59
11 30
11 34
11 40
11 16
11 50
11 12
11 23
12 14
12 55
12 28
12 43
12 47
13 14
13 31
13 29
13 56
13 54
13 50
13 52
13 39
14 17
14 55
14 35
14 32
14 20
15 24
15 53
15 50
15 51
15 49
16 17
16 22
16 34
16 52
16 46
17 58
17 39
17 21
17 33
18 19
18 53
18 42
18 52
18 47
18 46
18 31
19 39
19 45
19 57
19 26
19 24
19 46
19 37
20 21
20 42
20 28
20 58
20 46
21 53
21 48
21 45
21 32
21 49
21 31
22 28
22 42
22 35
22 58
23 24
23 27
23 30
23 54
23 34
24 36
24 40
24 48
24 51
25 26
25 27
25 46
25 31
25 32
26 36
26 45
26 56
26 44
26 31
26 55
27 36
27 59
27 32
27 50
27 51
28 29
28 34
28 51
28 32
28 38
29 33
29 48
29 54
29 34
30 40
30 39
30 33
31 59
31 57
31 35
32 33
33 52
33 40
34 36
34 53
35 38
35 45
36 47
36 43
36 38
36 56
37 38
37 41
37 42
37 48
37 52
37 55
37 50
38 52
38 41
39 41
39 52
39 57
40 53
40 43
41 46
41 58
41 55
41 54
41 59
42 50
42 51
42 59
43 45
43 59
43 57
44 54
44 49
44 52
44 47
44 56
44 51
45 54
46 58
47 48
47 54
47 49
48 49
48 58
48 54
49 51
53 57
55 59
55 57
56 57
