0 1
0 2
0 3
0 4
0 5
0 7
0 8
0 9
0 10
0 12
0 15
0 25
0 28
0 33
0 48
0 53
0 54
0 60
0 73
0 78
0 80
0 86
2 3
2 5
2 16
2 53
3 4
3 8
3 11
3 20
3 48
3 50
3 51
3 82
4 6
4 13
4 43
5 6
5 7
5 9
5 13
5 17
5 18
5 19
5 21
5 22
5 26
5 27
5 29
5 30
5 41
5 44
5 45
5 46
5 59
5 63
5 64
5 66
5 72
6 10
6 14
6 19
6 25
6 56
6 66
7 72
8 16
9 11
9 23
9 50
9 54
9 61
10 14
10 15
10 17
10 21
10 22
10 23
10 26
10 28
10 30
10 32
10 33
10 34
10 35
10 37
10 38
10 39
10 40
10 43
10 44
10 51
10 67
10 71
10 76
11 12
11 35
11 47
11 55
12 31
13 69
14 70
16 18
16 24
16 32
16 37
16 42
16 56
16 65
16 67
17 20
17 34
17 49
18 57
19 24
19 79
20 76
22 40
22 71
23 58
23 79
25 27
25 31
25 39
25 52
25 57
25 68
25 75
26 29
26 42
26 45
26 62
30 36
31 83
32 36
32 63
32 64
32 81
33 47
34 84
34 85
35 52
36 38
38 41
38 68
39 49
39 74
39 78
41 58
43 46
43 55
43 59
43 73
47 65
47 74
49 75
50 80
54 77
56 60
56 61
56 62
56 83
57 69
58 70
60 85
61 86
65 81
69 77
76 82
83 84
