0 1
0 2
0 3
0 4
0 5
0 6
0 7
0 8
0 9
0 10
0 11
0 12
0 13
0 14
0 15
0 16
0 18
0 19
0 20
0 23
0 25
0 26
0 28
0 29
0 32
0 34
0 35
0 38
0 41
0 45
0 50
0 52
0 55
0 58
0 59
0 64
0 66
0 68
0 69
0 76
0 77
1 12
1 14
1 15
1 17
1 22
1 23
1 26
1 27
1 45
1 46
1 50
1 56
1 76
2 11
2 14
2 15
2 16
2 19
2 29
2 43
2 49
2 50
2 53
2 58
2 61
2 64
2 68
2 73
3 11
3 12
3 13
3 14
3 20
3 22
3 32
3 40
3 44
3 51
3 53
3 58
3 70
3 75
3 77
3 78
4 11
4 12
4 13
4 14
4 15
4 16
4 17
4 18
4 19
4 20
4 21
4 23
4 24
4 25
4 26
4 35
4 36
4 39
4 47
4 49
4 50
4 54
4 63
4 78
4 79
5 11
5 12
5 13
5 15
5 16
5 18
5 22
5 28
5 31
5 37
5 51
5 60
5 67
5 71
6 11
6 12
6 13
6 17
6 19
6 23
6 29
6 31
6 58
6 68
7 11
7 12
7 13
7 14
7 15
7 16
7 20
7 21
7 24
7 25
7 29
7 31
7 37
7 38
7 39
7 41
7 42
7 44
7 50
7 58
7 62
7 73
7 75
8 11
8 12
8 23
8 28
8 43
9 11
9 13
9 14
9 15
9 16
9 17
9 18
9 21
9 22
9 24
9 25
9 28
9 31
9 32
9 42
9 55
9 59
9 62
9 69
10 11
10 12
10 13
10 17
10 21
10 23
10 28
10 31
10 39
10 57
10 78
11 12
11 13
11 14
11 15
11 16
11 17
11 18
11 19
11 21
11 22
11 24
11 25
11 26
11 27
11 30
11 33
11 37
11 40
11 43
11 47
11 52
11 60
11 63
11 65
11 66
11 70
11 72
11 73
11 74
11 75
12 13
12 14
12 15
12 16
12 17
12 18
12 19
12 20
12 22
12 29
12 35
12 37
12 40
12 46
12 57
12 58
12 61
12 63
12 65
12 66
12 70
12 74
12 79
13 14
13 16
13 20
13 24
13 26
13 27
13 28
13 32
13 33
13 34
13 39
13 42
13 43
13 49
13 51
13 56
13 60
13 61
13 63
13 71
13 75
14 15
14 17
14 18
14 19
14 20
14 21
14 23
14 25
14 26
14 29
14 31
14 32
14 33
14 34
14 41
14 42
14 46
14 47
14 53
14 54
14 59
14 64
14 65
14 66
14 70
14 71
14 73
14 75
14 78
14 79
15 16
15 17
15 18
15 19
15 21
15 22
15 23
15 34
15 35
15 36
15 38
15 39
15 41
15 43
15 44
15 47
15 48
15 51
15 55
15 57
15 58
15 64
15 66
15 69
15 70
15 71
15 73
15 74
15 76
16 17
16 18
16 19
16 20
16 21
16 23
16 24
16 29
16 30
16 32
16 34
16 35
16 36
16 39
16 41
16 45
16 49
16 50
16 51
16 54
16 55
16 57
16 59
16 74
16 79
17 18
17 22
17 23
17 24
17 30
17 33
17 38
17 43
17 47
17 48
17 50
17 54
17 55
17 60
17 63
17 64
17 65
17 73
17 76
17 77
18 19
18 20
18 21
18 24
18 25
18 31
18 35
18 36
18 37
18 39
18 41
18 46
18 47
18 52
18 56
18 57
18 60
18 67
18 70
18 75
19 20
19 21
19 22
19 26
19 27
19 30
19 32
19 33
19 36
19 38
19 39
19 40
19 41
19 44
19 57
19 63
19 75
19 77
20 40
20 41
20 51
20 56
20 57
20 67
21 22
21 25
21 26
21 27
21 30
21 31
21 32
21 34
21 51
21 68
21 69
21 72
21 77
21 78
21 79
22 24
22 25
22 27
22 28
22 36
22 45
22 47
22 48
22 59
22 67
23 24
23 25
23 26
23 27
23 28
23 31
23 33
23 34
23 38
23 40
23 42
23 43
23 45
23 48
23 54
23 60
23 62
23 63
23 65
23 71
23 78
24 27
24 28
24 30
24 33
24 34
24 38
24 43
24 48
24 49
24 53
24 55
24 56
24 60
24 61
24 63
24 66
24 76
24 78
25 26
25 27
25 28
25 29
25 30
25 33
25 35
25 39
25 40
25 43
25 45
25 49
25 50
25 52
25 53
25 59
25 62
25 64
25 65
25 66
25 68
25 70
25 75
25 78
26 27
26 29
26 30
26 33
26 35
26 38
26 41
26 46
26 49
26 51
26 52
26 67
26 69
26 74
26 76
27 29
27 30
27 35
27 36
27 37
27 45
27 56
27 60
27 61
27 63
27 64
27 65
27 67
27 68
27 71
28 30
28 33
28 37
28 40
28 41
28 49
28 55
28 56
28 64
28 65
28 72
28 77
29 31
29 36
29 38
29 42
29 44
29 52
29 53
29 73
29 76
30 32
30 36
30 46
30 61
30 66
30 67
30 73
31 32
31 34
31 42
31 45
31 46
31 48
31 49
31 50
31 52
31 54
31 65
31 69
31 72
31 74
31 77
32 42
32 47
32 54
32 55
32 64
33 34
33 35
33 37
33 59
33 60
34 36
34 38
34 39
34 52
34 61
34 63
34 70
35 37
35 44
35 46
35 49
35 54
35 68
36 37
36 40
36 42
36 44
36 45
36 52
36 53
36 56
36 58
36 59
36 61
36 62
36 68
37 47
37 48
37 57
38 44
38 45
38 46
39 40
39 46
39 47
39 48
39 61
39 62
39 67
39 77
40 44
40 48
40 72
40 73
40 79
41 42
41 44
41 53
41 59
41 66
42 43
42 50
42 51
42 54
42 55
42 61
42 62
42 66
42 67
42 71
42 74
43 69
43 75
44 53
45 72
45 74
45 75
46 53
46 55
46 56
46 60
46 70
46 72
47 48
47 52
47 56
47 57
47 59
48 62
49 74
50 51
50 71
50 78
51 57
51 79
52 58
52 67
52 77
53 54
53 65
54 58
54 68
54 72
55 68
56 64
57 62
57 69
57 70
57 71
57 76
57 79
58 76
59 62
60 69
61 72
62 72
63 69
64 73
66 71
68 74
70 77
72 76
74 78
77 79
78 79
