0 1
0 2
0 3
0 8
0 11
0 16
0 39
0 89
0 98
0 107
2 3
2 4
2 5
2 6
2 7
2 11
2 16
2 17
2 18
2 19
2 22
2 23
2 24
2 28
2 33
2 43
2 52
2 57
2 62
2 69
2 88
2 95
2 96
2 100
2 101
3 4
3 5
3 7
3 14
3 38
3 46
3 63
3 88
3 109
3 110
5 6
5 25
5 27
5 37
5 41
5 66
5 67
5 70
5 72
5 103
6 8
6 9
6 10
6 12
6 15
6 18
6 20
6 32
6 35
6 47
6 70
6 81
6 82
6 95
7 9
7 10
7 29
7 34
7 37
7 38
7 40
7 47
7 50
7 55
7 58
7 89
7 93
7 107
8 13
8 27
8 49
8 53
8 80
9 12
9 14
9 21
9 33
9 44
9 51
9 59
9 64
9 84
10 19
10 71
11 17
11 36
11 51
11 66
11 99
11 105
11 111
12 13
12 15
12 29
12 30
12 46
12 65
12 79
12 93
12 97
13 73
14 31
14 104
15 24
15 25
15 28
15 30
15 32
15 36
15 44
15 50
15 53
15 71
15 74
15 102
16 22
16 31
16 34
16 76
16 81
16 87
18 21
18 23
18 102
19 20
19 26
19 56
19 58
19 72
19 97
21 48
21 80
22 26
24 45
24 48
24 61
25 35
25 40
25 54
29 39
29 74
29 86
32 52
34 98
36 67
36 82
36 86
37 41
37 42
37 43
37 54
37 59
37 60
37 61
37 62
37 64
37 91
37 92
37 111
38 49
38 56
38 77
38 83
39 42
40 63
40 96
41 60
41 68
41 75
41 77
43 78
43 79
43 99
44 45
44 68
45 76
46 69
46 91
50 55
50 65
50 85
50 103
52 94
52 108
53 57
55 75
56 112
57 109
58 83
58 85
60 110
65 100
67 87
67 92
67 104
69 73
73 105
73 106
74 78
75 112
77 90
78 94
79 84
87 106
88 90
96 108
97 101
