0 1
0 2
0 3
0 4
0 5
0 6
0 7
0 8
0 9
0 10
0 16
0 21
0 39
0 48
0 64
0 66
0 72
0 78
0 85
1 4
1 9
1 12
1 33
1 44
1 45
1 61
1 62
2 3
2 5
2 10
2 12
2 65
3 6
3 11
3 13
3 26
3 28
3 38
3 40
3 50
3 54
3 57
3 61
4 7
4 8
4 11
4 13
4 15
4 17
4 18
4 23
4 25
4 26
4 28
4 29
4 44
4 46
4 50
4 67
4 70
4 73
4 82
4 84
5 41
5 47
5 63
5 83
6 21
7 19
7 32
7 37
7 62
7 77
7 81
8 14
8 17
8 18
8 33
8 35
8 51
8 57
9 15
9 22
9 24
9 31
9 70
9 77
9 79
9 82
10 19
10 20
10 27
10 46
10 71
12 16
12 20
13 14
13 27
13 32
13 38
13 41
13 56
14 75
14 85
16 43
16 63
16 66
17 24
17 35
17 45
17 75
18 30
18 68
19 25
19 40
20 71
21 22
21 39
21 43
21 52
21 60
21 69
21 72
21 76
22 23
22 29
22 36
24 34
24 36
24 42
24 47
24 49
24 52
24 53
24 55
24 56
24 69
24 84
26 37
26 49
27 30
27 31
27 67
30 81
32 34
33 59
35 42
35 65
36 60
38 48
39 51
39 54
39 83
40 64
40 76
42 79
45 68
46 53
46 55
47 80
48 73
49 74
52 74
53 58
55 58
55 59
57 78
73 80
