0 1
0 2
0 3
0 4
0 5
0 6
0 7
0 8
0 9
0 10
0 11
0 12
0 13
0 14
0 15
0 16
0 17
0 18
0 19
0 20
0 21
0 22
0 23
0 25
0 30
0 32
0 35
0 40
0 46
0 47
0 49
0 50
0 51
0 56
1 11
1 12
1 13
1 14
1 17
1 18
1 25
1 26
1 27
1 31
1 32
1 35
1 36
1 39
1 51
1 54
1 57
1 58
1 60
2 11
2 12
2 14
2 32
2 34
2 37
2 44
2 47
2 48
2 52
2 54
2 56
3 11
3 12
3 13
3 16
3 17
3 19
3 24
3 41
3 53
4 11
4 12
4 13
4 14
4 15
4 16
4 17
4 19
4 20
4 21
4 23
4 24
4 27
4 30
4 37
4 39
4 40
4 42
4 46
4 51
4 58
4 61
5 11
5 12
5 13
5 15
5 17
5 20
5 21
5 24
5 25
5 26
5 27
5 28
5 29
5 31
5 32
5 41
5 48
5 54
5 61
6 14
6 15
6 16
6 18
6 22
6 23
6 25
6 30
6 33
6 34
6 35
6 36
6 62
7 11
7 12
7 13
7 14
7 15
7 16
7 18
7 19
7 20
7 21
7 22
7 23
7 29
7 31
7 37
7 43
7 44
7 45
8 11
8 12
8 13
8 14
8 15
8 18
8 36
8 37
8 38
8 39
8 44
8 51
8 55
9 11
9 13
9 31
9 54
9 57
10 11
10 12
10 16
10 17
10 19
10 20
10 23
10 24
10 26
10 32
10 38
10 40
10 45
10 47
10 55
11 12
11 13
11 14
11 15
11 18
11 21
11 23
11 24
11 25
11 27
11 28
11 29
11 30
11 31
11 33
11 36
11 37
11 38
11 46
11 53
11 58
11 59
12 13
12 14
12 15
12 16
12 18
12 19
12 20
12 21
12 22
12 23
12 24
12 26
12 28
12 29
12 31
12 34
12 36
12 40
12 42
12 48
12 52
12 57
12 61
13 14
13 15
13 16
13 17
13 19
13 20
13 21
13 23
13 25
13 28
13 30
13 34
13 36
13 38
13 40
13 41
13 42
13 45
13 47
13 49
13 52
13 56
13 61
14 15
14 16
14 17
14 19
14 21
14 29
14 30
14 33
14 34
14 37
14 38
14 40
14 42
14 44
14 46
14 48
14 51
14 53
14 56
14 57
14 59
14 60
14 62
15 16
15 17
15 18
15 19
15 20
15 21
15 22
15 24
15 26
15 28
15 29
15 30
15 35
15 36
15 41
15 43
15 45
15 49
15 50
15 52
15 55
15 57
15 58
15 60
15 61
15 62
16 17
16 18
16 19
16 20
16 23
16 25
16 26
16 27
16 28
16 30
16 32
16 33
16 38
16 41
16 42
16 52
16 53
16 54
16 58
17 18
17 21
17 22
17 24
17 26
17 28
17 34
17 39
17 42
17 44
17 45
17 47
17 49
17 50
17 52
17 55
17 56
18 20
18 22
18 37
18 46
18 50
19 22
19 27
19 28
19 38
19 41
19 44
19 51
19 53
20 22
20 23
20 24
20 25
20 27
20 28
20 31
20 45
20 48
20 49
20 50
20 52
20 54
20 57
21 22
21 24
21 27
21 30
21 31
21 36
21 40
21 43
21 47
21 50
21 53
21 55
21 58
22 26
22 33
22 35
22 38
22 41
22 43
22 49
22 51
22 59
22 62
23 25
23 26
23 27
23 31
23 32
23 34
23 35
23 37
23 39
23 40
23 44
23 46
23 47
23 51
23 52
23 55
23 57
23 58
23 61
23 62
24 25
24 28
24 29
24 33
24 34
24 39
24 41
24 42
24 43
24 47
24 52
24 53
24 57
24 62
25 26
25 29
25 33
25 36
25 44
25 57
25 60
26 27
26 30
26 32
26 35
26 46
26 50
26 58
26 61
27 29
27 33
28 29
28 34
28 38
29 33
29 43
29 45
29 60
30 31
30 32
30 35
30 37
30 38
30 45
30 50
30 51
30 54
30 56
31 32
31 39
31 40
31 41
31 43
31 44
31 48
31 53
31 59
32 33
32 34
32 36
32 44
32 48
32 57
32 60
33 35
33 39
33 42
33 56
34 35
34 41
34 47
34 54
35 37
35 39
35 46
35 47
35 49
35 60
35 61
35 62
36 48
37 43
37 46
37 55
37 56
37 59
38 39
38 42
38 45
39 40
39 42
39 45
39 59
39 61
40 43
40 48
40 49
41 48
41 53
41 55
41 58
41 59
42 43
42 50
43 49
43 59
43 61
45 46
45 52
45 53
45 55
45 59
45 62
46 50
46 62
47 54
48 49
48 54
48 56
48 60
49 51
49 55
52 56
52 58
55 60
56 59
57 60
58 62
