0 29
0 35
0 45
0 53
1 15
1 24
2 17
2 18
2 32
2 49
3 16
3 55
3 57
4 11
4 12
4 22
4 30
4 34
4 42
5 12
5 37
5 40
6 10
6 30
6 42
6 43
7 17
7 35
8 22
8 26
8 37
8 52
9 10
9 24
9 31
9 48
10 30
10 35
10 37
10 44
11 22
11 27
11 35
11 40
11 44
11 45
11 47
12 41
12 48
12 51
13 33
13 36
13 41
13 56
14 29
14 55
15 32
15 50
15 56
16 18
16 21
16 25
16 31
16 33
17 18
17 22
17 28
17 37
17 56
18 46
18 51
18 57
19 20
19 22
19 42
19 43
19 48
20 54
21 28
21 38
21 44
21 52
22 27
22 30
23 31
23 33
23 37
23 47
23 50
24 27
24 41
24 44
24 55
25 27
25 47
25 51
26 31
26 51
28 30
28 49
28 51
29 36
29 38
29 41
29 56
30 41
30 43
31 47
31 48
31 54
33 41
34 55
35 44
35 45
37 38
37 40
37 53
38 49
38 52
39 56
40 44
40 54
41 45
42 44
45 50
45 51
47 50
51 55
53 57
54 56
