0 1
0 3
0 4
0 13
0 14
0 15
0 17
0 21
0 22
0 29
0 32
0 33
0 40
0 41
0 49
0 51
0 53
0 54
1 7
1 9
1 10
1 11
1 16
1 19
1 20
1 25
1 26
1 27
1 28
1 31
1 33
1 37
1 39
1 46
1 51
1 52
1 55
2 5
2 6
2 8
2 12
2 13
2 14
2 15
2 17
2 19
2 20
2 21
2 23
2 26
2 27
2 31
2 32
2 37
2 42
2 46
2 50
2 54
3 7
3 8
3 11
3 14
3 17
3 20
3 22
3 23
3 25
3 37
3 38
3 47
3 48
3 50
3 51
3 53
4 8
4 9
4 12
4 20
4 23
4 31
4 36
4 38
4 40
4 42
4 47
4 50
4 51
4 52
5 8
5 9
5 10
5 11
5 13
5 17
5 18
5 21
5 22
5 23
5 24
5 26
5 27
5 30
5 31
5 33
5 39
5 40
5 41
5 43
5 44
5 49
5 50
5 51
6 7
6 9
6 10
6 13
6 14
6 16
6 17
6 19
6 22
6 23
6 25
6 26
6 28
6 31
6 34
6 39
6 41
6 42
6 49
6 50
6 54
7 13
7 20
7 21
7 22
7 25
7 28
7 29
7 34
7 35
7 36
7 43
7 44
7 48
7 52
8 12
8 18
8 20
8 24
8 25
8 28
8 29
8 32
8 33
8 34
8 36
8 38
8 44
8 46
8 50
8 51
8 52
8 54
9 10
9 16
9 18
9 20
9 23
9 24
9 26
9 31
9 33
9 35
9 43
9 45
9 46
9 48
9 51
9 54
10 12
10 16
10 19
10 21
10 22
10 24
10 25
10 30
10 33
10 36
10 37
10 40
10 45
10 46
10 47
10 49
10 52
10 53
10 55
11 13
11 14
11 18
11 19
11 20
11 23
11 24
11 26
11 27
11 29
11 31
11 32
11 36
11 39
11 41
11 47
11 51
11 52
11 54
12 24
12 25
12 27
12 28
12 31
12 38
12 39
12 42
12 46
12 50
13 15
13 17
13 21
13 23
13 27
13 33
13 34
13 35
13 39
13 43
13 45
13 49
13 55
14 15
14 17
14 18
14 19
14 20
14 21
14 22
14 26
14 29
14 37
14 41
14 42
14 54
14 55
15 21
15 25
15 26
15 28
15 34
15 36
15 40
15 41
15 42
15 43
15 44
15 47
15 48
15 50
15 52
16 19
16 20
16 21
16 29
16 31
16 36
16 37
16 38
16 42
16 43
16 44
16 46
16 49
16 52
16 54
16 55
17 25
17 26
17 28
17 32
17 34
17 41
17 46
17 49
17 50
17 52
17 55
18 19
18 21
18 22
18 24
18 27
18 29
18 30
18 31
18 32
18 33
18 34
18 42
18 45
18 49
18 52
18 55
19 20
19 23
19 24
19 25
19 31
19 36
19 40
19 41
19 42
19 43
19 44
19 46
19 48
19 52
19 53
20 21
20 30
20 39
20 41
20 45
20 46
20 48
21 23
21 30
21 31
21 35
21 37
21 39
21 41
21 42
21 43
21 46
21 50
21 53
22 26
22 28
22 30
22 31
22 35
22 39
22 40
22 42
22 44
22 45
23 25
23 32
23 36
23 39
23 41
23 43
23 47
23 48
23 49
23 50
23 52
23 54
23 55
24 27
24 32
24 40
24 42
24 43
24 44
24 45
24 48
24 49
24 50
24 51
24 54
25 26
25 28
25 31
25 35
25 37
25 40
25 42
25 45
25 46
25 48
25 49
25 51
25 53
26 29
26 41
26 48
26 50
26 52
26 53
27 28
27 30
27 32
27 36
27 48
27 55
28 31
28 35
28 43
28 44
28 48
28 50
29 30
29 34
29 35
29 39
29 48
29 49
29 50
29 54
30 33
30 37
30 38
30 42
30 48
30 52
30 53
31 33
31 38
31 42
31 49
31 52
31 53
32 33
32 35
32 39
32 43
32 49
32 55
33 34
33 36
33 37
33 39
33 40
33 42
33 45
33 46
33 47
33 48
33 49
33 53
33 55
34 38
34 40
34 51
34 52
34 54
35 37
35 40
35 44
35 48
35 50
35 52
35 53
36 38
36 41
36 42
36 43
36 45
36 48
36 50
37 38
37 39
37 42
37 43
37 44
37 49
37 52
37 53
37 55
38 41
38 44
38 45
38 47
38 50
38 52
38 53
38 55
39 40
39 42
39 43
39 45
39 47
39 48
39 49
39 52
39 54
40 41
40 46
40 48
40 49
40 51
40 53
41 43
41 44
41 47
41 48
41 53
41 55
42 48
42 51
42 52
42 53
42 55
43 47
43 50
43 53
44 50
44 53
44 55
45 48
45 52
45 55
46 48
46 49
46 50
47 49
48 49
48 51
49 51
49 52
50 55
51 52
51 53
52 53
53 55
54 55
