0 1
0 2
0 3
0 4
0 5
0 6
0 7
0 12
0 19
0 28
0 32
0 34
0 38
0 39
0 47
0 53
0 55
0 66
0 68
0 70
0 73
0 77
0 84
0 91
0 101
1 9
1 45
1 58
1 61
1 63
2 3
2 4
2 5
2 7
2 11
2 12
2 15
2 17
2 18
2 21
2 33
2 35
2 43
2 60
2 79
2 83
3 8
3 10
3 20
3 23
3 25
3 27
3 28
3 29
3 32
3 43
3 50
3 89
4 13
4 37
4 59
4 65
4 72
5 6
5 8
5 13
5 16
5 35
5 39
5 47
5 51
5 87
6 23
6 45
6 48
6 80
6 97
7 72
8 9
8 10
8 14
8 18
8 24
8 30
8 54
8 61
8 64
8 70
8 88
9 14
9 15
9 19
9 26
9 36
9 41
9 56
9 71
9 86
9 94
9 100
9 102
10 11
10 24
10 51
10 62
10 97
10 104
11 65
11 78
13 34
13 49
13 71
15 16
15 17
15 21
15 30
15 42
15 49
15 55
15 78
15 80
15 96
15 98
16 20
16 53
16 103
16 107
17 22
17 37
17 40
17 41
17 44
17 52
17 83
17 103
18 31
18 40
18 42
18 50
18 62
18 74
18 100
19 22
19 95
20 25
20 29
20 31
20 44
20 46
20 60
20 82
21 89
22 75
22 90
24 90
24 92
25 26
25 27
25 52
26 102
27 36
27 48
27 98
28 38
28 67
28 85
28 107
30 101
32 33
33 86
33 94
35 57
35 68
35 74
35 82
36 54
36 59
36 66
37 104
37 105
41 46
43 57
44 58
44 73
44 92
45 67
46 99
46 106
47 85
48 84
48 106
49 64
50 96
53 56
54 91
54 93
56 76
58 63
58 75
60 99
64 69
66 69
70 108
71 79
72 76
72 81
73 77
73 87
76 81
76 88
87 93
88 108
91 95
100 105
