0 1
0 29
0 5
0 9
1 56
1 8
1 40
2 3
2 50
2 74
2 27
3 15
3 70
3 74
4 5
4 21
4 23
4 44
5 55
5 71
6 7
6 70
6 60
6 20
7 36
7 56
7 16
8 9
8 66
8 11
9 51
9 68
10 11
10 50
10 46
10 26
11 36
11 47
12 13
12 36
12 69
12 52
13 53
13 74
13 28
14 15
14 74
14 34
14 19
15 20
15 30
16 17
16 53
16 50
17 22
17 69
17 63
18 19
18 39
18 54
18 40
19 30
19 57
20 21
20 30
21 37
21 72
22 38
22 65
22 73
23 24
23 40
23 68
24 34
24 68
24 76
25 26
25 54
25 61
25 73
26 31
26 44
27 28
27 66
27 59
28 76
28 55
29 33
29 52
29 65
30 71
31 32
31 64
31 52
32 58
32 75
32 67
33 56
33 44
33 64
34 35
34 37
35 63
35 70
35 78
36 72
37 70
37 51
38 51
38 53
38 77
39 51
39 61
39 73
40 41
41 47
41 77
41 67
42 43
42 58
42 67
42 75
43 57
43 69
43 71
44 45
45 49
45 52
45 79
46 47
46 72
46 76
47 48
48 55
48 64
48 59
49 62
49 54
49 78
50 77
53 61
54 75
55 65
56 57
57 62
58 64
58 63
59 60
59 78
60 76
60 78
61 79
62 75
62 79
63 77
65 73
66 67
66 79
68 69
71 72
