0 1
0 6
0 29
0 20
0 35
0 2
0 25
0 17
1 28
1 32
1 27
1 26
1 41
1 29
1 49
2 3
2 4
2 5
2 14
2 30
2 39
2 33
3 34
3 49
3 19
3 47
3 20
3 25
3 9
4 30
4 9
4 48
4 35
4 41
4 52
4 55
5 7
5 37
5 54
5 19
5 20
5 59
5 55
6 47
6 49
6 14
6 11
6 29
6 59
6 32
7 30
7 12
7 48
7 19
7 23
7 57
7 55
8 9
8 46
8 43
8 59
8 58
8 31
8 52
8 47
9 23
9 17
9 47
9 44
9 12
10 11
10 16
10 42
10 26
10 55
10 34
10 27
10 46
11 37
11 23
11 13
11 40
11 30
11 18
12 13
12 40
12 54
12 38
12 28
12 36
13 48
13 19
13 39
13 56
13 33
13 31
14 15
14 16
14 27
14 46
14 18
14 40
15 44
15 42
15 18
15 48
15 22
15 36
15 45
16 29
16 41
16 42
16 25
16 46
16 19
17 18
17 24
17 45
17 58
17 55
17 35
18 37
18 26
18 41
18 53
19 20
19 22
19 57
20 53
20 27
20 51
20 59
21 22
21 26
21 38
21 48
21 57
21 55
21 40
21 58
22 49
22 35
22 58
22 57
22 44
23 33
23 50
23 42
23 57
23 31
24 25
24 27
24 44
24 37
24 43
24 52
24 58
25 36
25 56
25 34
25 53
26 37
26 57
26 43
26 51
27 39
27 49
27 44
28 35
28 51
28 32
28 42
28 54
28 53
29 35
29 42
29 52
29 56
30 31
30 38
30 41
30 51
31 54
31 32
31 40
31 44
32 53
32 50
32 59
32 44
33 57
33 44
33 46
33 34
33 53
34 36
34 37
34 45
34 39
35 54
35 51
36 56
36 45
36 39
36 52
37 54
37 38
38 40
38 59
38 47
38 53
39 49
39 43
39 42
40 50
40 51
41 55
41 46
41 45
42 43
43 45
43 58
43 56
45 46
45 59
46 52
47 56
47 50
47 59
48 50
48 51
48 53
49 55
49 50
50 52
50 58
51 52
54 58
54 56
56 57
