0 1
0 4
0 17
0 5
0 42
0 39
0 24
0 32
1 45
1 56
1 40
1 28
1 7
1 49
1 21
2 3
2 15
2 54
2 16
2 51
2 30
2 5
2 39
3 5
3 28
3 57
3 44
3 46
3 50
3 40
4 14
4 21
4 33
4 59
4 47
4 26
4 35
5 54
5 17
5 22
5 34
5 12
6 7
6 15
6 20
6 43
6 46
6 51
6 27
6 23
7 34
7 47
7 13
7 41
7 23
7 24
8 9
8 42
8 14
8 56
8 33
8 55
8 18
8 38
9 49
9 10
9 38
9 12
9 40
9 33
9 18
10 11
10 39
10 59
10 33
10 43
10 52
10 25
11 31
11 42
11 37
11 35
11 17
11 52
11 14
12 13
12 28
12 45
12 22
12 38
12 42
13 27
13 44
13 25
13 35
13 48
13 22
14 31
14 41
14 21
14 49
14 25
15 38
15 43
15 33
15 55
15 51
15 50
16 17
16 49
16 56
16 41
16 46
16 43
16 44
17 28
17 56
17 49
17 25
18 19
18 26
18 40
18 54
18 23
18 53
19 37
19 48
19 21
19 56
19 59
19 58
19 47
20 48
20 31
20 39
20 53
20 43
20 38
20 23
21 22
21 27
21 29
21 32
22 46
22 53
22 30
22 49
23 24
23 55
23 34
23 36
24 34
24 50
24 32
24 45
24 57
25 26
25 37
25 52
25 28
26 37
26 44
26 58
26 39
26 59
27 45
27 52
27 58
27 59
27 30
28 53
28 42
28 58
29 30
29 56
29 42
29 52
29 57
29 50
29 36
30 35
30 54
30 34
30 38
31 47
31 58
31 54
31 33
31 39
32 33
32 35
32 42
32 38
32 47
33 41
34 42
34 55
34 48
35 36
35 44
35 55
36 51
36 52
36 47
36 55
36 43
37 50
37 51
37 41
37 53
38 39
39 46
40 41
40 45
40 57
40 51
41 47
41 51
43 49
43 57
44 52
44 48
44 45
45 46
45 54
46 51
46 54
47 58
48 55
48 57
48 54
49 50
50 58
50 55
52 53
53 59
53 57
56 57
56 59
58 59
