0 1
0 2
0 3
0 4
0 5
0 6
0 7
0 8
0 10
0 11
0 13
0 16
0 17
0 18
0 20
0 21
0 22
0 26
0 27
0 30
0 32
0 35
0 37
0 39
0 42
0 44
0 47
0 49
0 50
0 51
0 53
0 55
0 60
0 63
0 66
0 67
0 73
0 75
0 78
0 79
1 6
1 7
1 9
1 15
1 23
1 50
1 54
2 6
2 8
2 12
2 14
2 15
2 16
2 20
2 29
2 36
2 44
2 45
2 53
3 6
3 7
3 8
3 15
3 47
3 51
3 60
3 62
3 66
3 67
3 83
4 9
4 10
4 11
4 13
4 14
4 19
4 37
4 52
4 70
4 77
5 6
5 7
5 8
5 10
5 11
5 13
5 14
5 17
5 18
5 20
5 23
5 34
5 35
5 46
5 73
5 83
6 7
6 8
6 9
6 11
6 12
6 14
6 15
6 18
6 19
6 21
6 24
6 26
6 28
6 29
6 30
6 31
6 32
6 33
6 42
6 46
6 47
6 48
6 51
6 60
6 63
6 79
7 9
7 10
7 12
7 14
7 16
7 21
7 25
7 32
7 38
7 50
7 61
7 68
7 70
8 9
8 17
8 22
8 24
8 27
8 42
8 44
8 71
9 10
9 11
9 12
9 16
9 17
9 18
9 19
9 20
9 22
9 26
9 27
9 34
9 36
9 39
9 40
9 42
9 54
9 58
9 60
9 64
9 69
9 74
9 79
9 81
10 13
10 17
10 31
10 33
10 36
10 40
10 46
10 49
10 59
10 65
11 12
11 13
11 20
11 24
11 38
11 45
11 55
11 63
11 74
11 78
12 15
12 19
12 23
12 25
12 29
12 30
12 34
12 35
12 84
13 26
13 42
13 43
13 44
13 50
13 66
13 68
13 77
14 21
14 23
14 25
14 26
14 28
14 29
14 31
14 37
14 45
14 47
14 48
14 58
14 62
15 16
15 18
15 19
15 21
15 23
15 28
15 30
15 41
15 46
15 54
15 56
15 70
15 71
15 77
15 82
15 84
16 25
16 36
16 41
16 69
16 76
16 78
17 22
17 27
17 28
17 29
17 31
17 33
17 34
17 35
17 38
17 40
17 52
17 61
17 72
17 81
18 24
18 41
18 50
18 53
18 56
18 64
18 72
19 43
19 47
19 66
19 84
20 22
20 25
20 39
20 41
20 59
20 70
22 32
22 40
22 51
23 24
23 27
23 28
23 32
23 34
23 80
23 84
24 31
24 33
24 36
24 39
24 52
24 57
24 66
25 48
25 80
26 33
26 37
26 38
26 64
26 69
26 83
27 30
27 49
27 61
27 71
27 73
27 76
27 82
28 64
28 76
29 45
29 52
29 54
29 58
29 69
29 83
30 38
30 46
30 48
30 71
31 37
31 43
31 53
31 54
31 55
31 57
31 76
33 61
33 71
34 35
34 51
34 53
34 76
35 55
35 68
36 49
36 79
37 40
37 49
37 63
37 81
38 39
38 43
38 59
39 57
39 77
40 41
40 43
40 45
40 65
41 58
41 63
41 67
41 81
42 44
42 58
42 62
42 78
43 48
43 52
43 56
43 59
43 74
43 79
43 83
44 80
45 55
45 59
45 61
45 65
45 73
48 57
48 65
49 70
49 75
50 69
51 60
52 56
52 68
53 62
53 65
53 72
53 80
53 82
54 57
54 64
55 56
55 68
56 67
57 62
59 72
59 80
62 75
63 67
63 73
63 78
65 77
66 74
66 82
69 72
70 74
70 75
71 75
72 82
74 81
74 84
