0 1
0 30
0 59
0 34
1 20
1 44
1 56
2 3
2 47
2 59
2 16
3 14
3 8
3 5
4 5
4 10
4 49
4 55
5 37
5 22
6 7
6 13
6 33
6 47
7 27
7 21
7 51
8 9
8 23
8 52
9 37
9 26
9 53
10 39
10 46
10 44
11 12
11 47
11 49
11 50
12 43
12 48
12 22
13 33
13 19
13 57
14 54
14 28
14 33
15 16
15 30
15 43
15 28
16 29
16 49
17 18
17 31
17 48
17 37
18 21
18 50
18 53
19 20
19 25
19 53
20 43
20 45
21 22
21 54
22 24
23 24
23 45
23 36
24 28
24 45
25 26
25 58
25 34
26 42
26 29
27 32
27 50
27 52
28 29
29 38
30 31
30 40
31 44
31 46
32 49
32 52
32 54
33 34
34 58
35 36
35 41
35 42
35 39
36 39
36 47
37 56
38 48
38 51
38 55
39 50
40 41
40 59
40 53
41 58
41 54
42 57
42 52
43 56
44 45
46 51
46 48
51 59
55 58
55 57
56 57
