0 1
0 2
0 3
0 4
0 5
0 6
0 7
0 8
0 9
0 10
0 11
0 12
0 13
0 14
0 15
0 16
0 17
0 18
0 20
0 21
0 23
0 24
0 25
0 26
0 29
0 30
0 31
0 33
0 35
0 37
0 38
0 39
0 40
0 42
0 44
0 46
0 47
0 51
0 55
0 56
0 57
0 58
0 59
0 61
1 11
1 12
1 13
1 14
1 16
1 18
1 19
1 24
1 25
1 27
1 30
1 31
1 32
1 33
1 36
1 37
1 40
1 43
1 44
2 11
2 12
2 13
2 15
2 16
2 17
2 20
2 22
2 31
2 38
2 47
2 48
2 52
2 54
2 55
2 56
2 59
3 11
3 14
3 19
3 21
3 26
3 29
3 31
3 33
3 36
3 41
3 46
3 57
4 11
4 12
4 13
4 14
4 15
4 16
4 18
4 20
4 24
4 25
4 26
4 27
4 30
4 33
4 36
4 38
4 46
4 48
4 50
4 56
5 11
5 12
5 13
5 14
5 15
5 16
5 17
5 19
5 20
5 22
5 27
5 28
5 32
5 35
5 48
5 55
5 57
6 11
6 12
6 15
6 16
6 17
6 44
6 62
7 13
7 21
7 23
7 54
7 59
8 11
8 12
8 14
8 19
8 21
8 22
8 23
8 25
8 32
8 34
8 44
8 50
9 11
9 12
9 13
9 14
9 15
9 16
9 17
9 18
9 21
9 23
9 28
9 37
9 41
9 42
9 52
9 53
9 54
10 11
10 12
10 13
10 16
10 17
10 20
10 22
10 24
10 26
10 28
10 29
10 31
10 32
10 33
10 34
10 36
10 40
10 44
10 45
10 47
10 48
10 50
10 59
11 12
11 13
11 14
11 15
11 16
11 17
11 18
11 19
11 20
11 21
11 22
11 23
11 24
11 25
11 26
11 27
11 28
11 29
11 30
11 31
11 34
11 35
11 38
11 39
11 40
11 41
11 42
11 43
11 49
11 50
11 51
11 53
11 59
11 60
12 13
12 14
12 15
12 17
12 18
12 19
12 20
12 22
12 23
12 24
12 26
12 27
12 29
12 31
12 33
12 35
12 39
12 41
12 42
12 43
12 44
12 47
12 51
12 54
12 59
12 61
13 14
13 15
13 17
13 18
13 19
13 20
13 21
13 23
13 24
13 25
13 26
13 27
13 28
13 29
13 32
13 33
13 35
13 36
13 37
13 38
13 41
13 42
13 50
13 53
13 56
13 57
13 58
13 60
13 62
14 15
14 18
14 21
14 25
14 30
14 34
14 38
14 42
14 45
14 47
14 51
14 59
14 61
15 16
15 17
15 19
15 20
15 22
15 23
15 24
15 26
15 27
15 35
15 36
15 37
15 43
15 46
15 48
15 52
15 56
16 18
16 19
16 25
16 26
16 28
16 29
16 35
16 37
16 39
16 41
16 43
16 44
16 51
16 59
16 60
16 62
17 18
17 19
17 20
17 21
17 22
17 26
17 27
17 30
17 40
17 46
17 55
17 58
18 22
18 27
18 32
18 33
18 36
18 37
18 38
18 39
18 45
18 47
18 50
18 51
18 52
18 53
18 56
18 58
19 21
19 23
19 24
19 28
19 31
19 32
19 37
19 38
19 39
19 40
19 42
19 44
19 45
19 51
19 54
19 55
19 60
20 23
20 24
20 34
20 46
20 47
20 49
20 50
21 22
21 28
21 32
21 41
21 45
21 55
21 58
22 29
22 30
22 31
22 33
22 34
22 38
22 41
22 43
22 44
22 46
22 49
22 55
22 56
22 57
23 25
23 29
23 30
23 32
23 34
23 45
23 52
23 53
23 57
23 58
24 25
24 27
24 28
24 31
24 35
24 38
24 40
24 42
24 48
24 49
24 52
25 32
25 36
25 52
25 61
26 35
26 45
26 50
26 53
26 61
27 28
27 29
27 34
27 36
27 39
27 40
27 48
27 53
27 57
27 62
28 30
28 34
28 35
28 36
28 39
28 40
28 41
28 49
28 53
28 55
28 57
28 60
29 30
29 34
29 42
29 43
29 48
29 49
29 54
30 37
30 39
31 45
31 46
31 47
31 49
31 50
31 53
31 60
31 62
32 33
32 37
32 39
32 43
32 45
32 51
32 52
32 54
33 42
33 43
33 45
33 48
33 56
33 61
34 43
34 58
35 54
35 58
35 61
36 44
36 49
36 62
37 41
38 51
38 52
38 56
38 62
39 40
39 60
40 49
40 59
41 47
41 50
41 51
42 46
42 57
42 61
43 46
43 48
45 52
45 62
46 47
47 57
47 58
47 61
48 49
48 54
48 56
49 53
49 55
49 59
49 60
50 54
50 60
50 62
52 60
54 55
54 58
56 62
58 61
