0 1
0 2
0 3
0 4
0 5
0 6
0 7
0 8
0 9
0 13
0 14
0 20
0 22
0 23
0 26
0 27
0 38
0 39
0 42
0 44
0 47
0 49
0 58
0 70
0 72
0 81
0 84
1 6
1 7
1 8
1 9
1 10
1 12
1 15
1 24
1 26
1 30
1 33
1 34
1 48
1 59
1 63
1 69
2 6
2 7
2 15
2 19
2 25
2 33
2 46
2 62
3 6
3 7
3 8
3 10
3 11
3 12
3 13
3 16
3 17
3 18
3 19
3 20
3 21
3 22
3 24
3 29
3 30
3 32
3 34
3 38
3 40
3 41
3 57
3 60
3 61
3 63
3 64
3 81
3 84
3 86
3 87
4 6
4 50
5 10
5 15
5 62
5 65
6 7
6 8
6 9
6 10
6 11
6 13
6 14
6 17
6 20
6 22
6 23
6 25
6 26
6 28
6 29
6 41
6 45
6 46
6 60
6 71
6 72
6 75
6 81
6 85
7 8
7 9
7 12
7 13
7 15
7 16
7 17
7 18
7 20
7 22
7 25
7 27
7 32
7 38
7 43
7 44
7 47
7 48
7 49
7 51
7 52
7 56
7 58
7 73
7 78
7 80
8 9
8 11
8 14
8 16
8 23
8 30
8 35
8 40
8 48
8 49
8 54
8 57
8 63
8 67
8 73
8 75
8 76
8 84
9 10
9 11
9 12
9 14
9 15
9 17
9 19
9 20
9 21
9 24
9 26
9 27
9 30
9 35
9 42
9 51
9 55
9 60
9 61
9 66
9 69
9 74
9 76
10 11
10 12
10 21
10 44
10 68
10 74
10 87
11 16
11 17
11 18
11 34
11 40
11 42
11 46
11 52
11 55
11 59
11 72
11 76
11 79
11 82
12 13
12 14
12 18
12 22
12 23
12 28
12 36
12 38
12 42
12 49
12 56
12 72
12 74
12 80
13 16
13 19
13 21
13 27
13 28
13 32
13 33
13 35
13 41
13 49
13 50
13 53
13 57
13 64
13 65
13 66
13 70
13 71
13 75
13 78
13 83
13 86
14 24
14 25
14 35
14 38
14 52
14 57
14 58
14 69
15 18
15 19
15 37
15 43
15 53
15 65
15 69
15 70
15 79
15 83
16 56
16 73
16 82
17 21
17 31
17 36
17 43
17 68
18 23
18 28
18 29
18 30
18 37
18 39
18 40
18 43
18 46
18 54
18 55
18 59
18 63
18 64
18 75
18 86
19 25
19 34
19 41
19 61
19 64
19 70
19 83
20 28
20 40
20 67
21 24
21 26
21 29
21 31
21 32
21 41
21 44
21 45
21 47
21 54
21 60
21 63
21 67
21 68
21 72
22 31
22 35
22 39
22 44
22 71
22 77
22 85
23 29
23 31
23 45
23 58
23 60
23 77
23 84
24 36
24 37
24 45
24 47
24 52
24 86
25 27
25 36
25 37
25 47
25 53
25 66
25 67
27 31
27 54
27 56
27 71
27 73
29 32
29 64
29 68
30 33
30 39
31 33
31 39
32 50
32 79
33 34
33 36
33 37
33 48
33 53
33 59
33 74
33 83
34 51
34 55
35 45
35 53
35 78
36 59
37 42
37 43
37 81
37 85
38 50
38 67
39 65
40 79
41 46
41 51
41 62
41 74
41 75
42 57
42 80
43 56
43 62
43 79
44 50
44 51
44 81
46 48
46 54
46 66
46 85
47 70
47 87
48 55
48 61
48 71
48 73
48 76
48 77
48 78
48 83
48 87
49 52
50 82
51 61
53 82
55 58
55 85
58 62
60 65
60 68
60 69
62 66
62 77
66 76
66 86
68 78
71 87
72 80
74 77
77 80
78 82
83 84
