0 1
0 2
0 3
0 4
0 5
0 6
0 7
0 8
0 9
0 10
0 11
0 12
0 13
0 14
0 15
0 16
0 17
0 18
0 19
0 20
0 21
0 22
0 26
0 28
0 30
0 32
0 34
0 35
0 37
0 38
0 39
0 44
0 46
0 47
0 49
0 50
0 51
0 52
0 55
0 56
0 57
0 60
0 61
0 64
1 11
1 16
1 17
1 18
1 23
1 25
1 33
1 34
1 37
1 43
1 45
2 11
2 12
2 13
2 14
2 15
2 16
2 17
2 18
2 21
2 23
2 25
2 30
2 32
2 34
2 37
2 42
2 47
2 48
2 49
2 50
2 51
2 56
2 57
2 59
2 60
2 62
3 11
3 12
3 13
3 14
3 15
3 16
3 20
3 22
3 25
3 28
3 29
3 30
3 33
3 35
3 39
3 40
3 42
3 45
3 51
3 57
3 58
3 59
3 60
4 12
4 13
4 22
4 34
4 38
4 46
4 47
4 48
4 56
4 60
5 11
5 12
5 13
5 14
5 15
5 16
5 19
5 21
5 26
5 33
5 35
5 36
5 39
5 41
5 45
5 46
5 48
5 49
5 56
5 57
5 60
5 64
6 11
6 12
6 13
7 11
7 14
7 15
7 19
7 21
7 22
7 23
7 29
7 31
7 35
7 40
7 54
7 56
7 60
8 11
8 12
8 17
8 18
8 20
8 34
8 35
8 37
8 40
8 50
8 52
8 55
8 57
8 61
8 64
9 11
9 12
9 13
9 14
9 15
9 17
9 19
9 20
9 21
9 22
9 23
9 27
9 30
9 32
9 33
9 40
9 41
9 42
9 45
9 46
9 50
9 55
9 63
10 11
10 12
10 13
10 14
10 18
10 19
10 20
10 21
10 23
10 24
10 27
10 28
10 30
10 31
10 36
10 43
10 45
10 48
10 53
10 58
11 12
11 13
11 14
11 15
11 16
11 17
11 18
11 19
11 20
11 21
11 22
11 23
11 24
11 26
11 27
11 30
11 32
11 33
11 34
11 36
11 39
11 42
11 43
11 49
11 55
11 63
11 64
12 13
12 14
12 15
12 16
12 17
12 18
12 19
12 22
12 24
12 26
12 27
12 28
12 29
12 31
12 36
12 39
12 40
12 41
12 44
12 46
12 48
12 49
12 52
12 53
12 54
12 55
12 62
13 14
13 15
13 16
13 17
13 19
13 20
13 24
13 25
13 28
13 31
13 32
13 35
13 39
13 46
13 47
13 48
13 50
13 52
13 53
13 54
13 63
14 15
14 16
14 17
14 18
14 19
14 22
14 24
14 25
14 27
14 28
14 30
14 35
14 37
14 38
14 46
14 48
14 49
14 57
15 16
15 18
15 19
15 20
15 23
15 24
15 26
15 27
15 29
15 37
15 40
15 42
15 45
15 51
15 62
15 64
16 17
16 20
16 21
16 25
16 26
16 31
16 38
16 40
16 43
16 44
16 45
16 46
16 51
16 53
16 61
16 62
17 18
17 20
17 21
17 25
17 28
17 29
17 34
17 35
17 37
17 38
17 40
17 43
17 44
17 46
17 47
17 50
17 59
17 64
18 21
18 22
18 24
18 26
18 29
18 36
18 38
18 41
18 45
18 46
18 57
18 59
18 60
19 23
19 24
19 26
19 28
19 30
19 31
19 37
19 41
19 44
19 48
19 50
19 52
19 53
19 60
19 63
20 25
20 26
20 29
20 32
20 34
20 38
20 40
20 49
20 50
20 59
21 22
21 23
21 24
21 25
21 26
21 28
21 29
21 31
21 32
21 33
21 44
21 49
21 53
21 55
21 58
21 60
22 23
22 37
22 41
22 42
22 47
22 48
22 52
22 54
22 55
22 63
23 24
23 25
23 27
23 28
23 33
23 36
23 42
23 43
23 45
23 63
24 27
24 31
24 32
24 36
24 39
24 40
24 41
24 43
24 51
24 54
24 62
25 27
25 29
25 31
25 33
25 36
25 38
25 42
25 62
26 27
26 29
26 30
26 43
26 47
26 51
26 61
27 30
27 39
27 44
27 54
27 56
27 63
28 32
28 33
28 36
28 39
28 41
28 44
28 45
28 52
28 58
28 59
28 63
29 31
29 33
29 38
29 42
29 43
29 49
29 58
29 62
30 32
30 37
30 44
30 61
31 34
31 44
31 54
31 61
31 63
32 36
32 38
32 39
32 42
32 50
32 51
32 57
33 34
33 35
33 41
33 47
33 58
33 61
34 35
34 59
35 51
35 54
35 59
36 41
37 52
37 60
37 64
39 47
39 58
40 50
40 53
41 43
41 47
41 56
42 53
42 54
43 55
44 51
44 55
44 57
44 58
44 64
45 52
45 58
46 48
46 49
46 57
47 54
47 56
47 62
48 52
48 53
48 55
48 56
50 61
50 63
51 56
51 59
52 53
52 59
52 62
56 58
56 61
56 64
57 62
59 61
60 64
