0 3
0 6
0 10
0 11
0 13
0 14
0 17
0 18
0 23
0 24
0 29
0 36
1 5
1 7
1 8
1 9
1 10
1 19
1 28
1 30
1 31
1 32
1 35
1 39
1 41
2 4
2 6
2 8
2 9
2 11
2 15
2 17
2 18
2 24
2 26
2 27
2 28
2 31
2 37
2 38
3 4
3 5
3 6
3 10
3 12
3 13
3 14
3 15
3 16
3 19
3 20
3 23
3 26
3 27
3 35
3 36
3 37
3 38
3 39
4 9
4 11
4 14
4 21
4 22
4 24
4 25
4 28
4 30
4 36
4 39
4 41
5 7
5 10
5 11
5 16
5 22
5 23
5 24
5 25
5 26
5 27
5 29
5 30
5 33
5 36
5 37
5 41
6 11
6 19
6 20
6 21
6 25
6 28
6 34
6 35
6 37
6 39
6 41
7 15
7 16
7 17
7 18
7 23
7 29
7 30
7 33
7 36
7 37
7 38
7 40
7 41
8 10
8 13
8 18
8 19
8 24
8 25
8 27
8 29
8 30
8 31
8 34
8 36
8 37
9 13
9 15
9 17
9 19
9 21
9 22
9 25
9 27
9 29
9 32
9 33
9 35
9 37
9 39
10 11
10 21
10 26
10 28
10 33
10 37
10 39
11 13
11 15
11 16
11 17
11 18
11 31
11 33
11 34
12 13
12 14
12 16
12 21
12 26
12 27
12 31
12 33
12 34
12 35
12 36
12 38
12 39
12 41
13 15
13 17
13 18
13 24
13 25
13 28
13 38
14 18
14 21
14 23
14 24
14 25
14 26
14 30
14 36
14 41
15 16
15 17
15 20
15 22
15 26
15 28
15 34
15 36
15 37
15 39
16 21
16 29
16 30
16 33
16 34
16 35
16 37
16 38
16 41
17 18
17 22
17 23
17 24
17 25
17 30
17 38
17 40
18 20
18 22
18 24
18 27
18 29
18 30
18 31
18 32
18 36
18 37
18 38
18 40
19 24
19 29
19 33
19 36
19 39
20 27
20 32
20 37
21 22
21 23
21 24
21 29
21 32
21 40
22 24
22 25
22 26
22 27
22 28
22 33
22 35
22 38
22 39
23 27
23 37
23 38
23 40
24 25
24 26
24 27
24 28
24 29
24 31
24 32
24 35
24 41
25 32
25 35
25 41
26 28
26 29
26 33
26 37
27 30
27 33
27 38
27 39
28 32
28 35
29 31
29 34
29 36
29 37
30 31
30 33
30 35
30 36
30 37
30 41
31 39
32 35
32 38
32 39
32 40
33 36
33 37
33 40
33 41
34 35
35 36
35 38
35 39
38 39
38 41
40 41
