0 1
0 2
0 3
0 4
0 5
0 6
0 7
0 8
0 9
0 10
0 13
0 15
0 16
0 17
0 18
0 20
0 21
0 22
0 23
0 26
0 28
0 30
0 31
0 33
0 36
0 37
0 41
0 44
0 49
0 53
0 55
0 62
0 74
0 76
0 78
0 83
1 6
1 7
1 9
1 10
1 11
1 12
1 14
1 16
1 20
1 22
1 27
1 29
1 34
1 39
1 42
1 47
1 60
1 64
1 70
1 85
2 15
2 16
3 6
3 7
3 8
3 11
3 12
3 23
3 24
3 25
3 29
3 36
3 42
3 69
4 6
4 8
4 9
4 12
4 13
4 18
4 20
4 35
4 41
4 48
4 62
4 73
4 74
4 85
5 6
5 7
5 8
5 13
5 15
5 16
5 17
5 18
5 24
5 30
5 32
5 37
5 45
5 61
5 62
5 83
6 7
6 9
6 10
6 11
6 12
6 16
6 17
6 19
6 24
6 26
6 27
6 28
6 30
6 33
6 40
6 41
6 47
6 50
6 54
6 79
6 85
7 8
7 9
7 10
7 14
7 17
7 19
7 36
7 39
7 46
7 47
7 57
7 59
7 60
7 64
7 65
7 77
8 17
8 25
8 35
8 56
8 57
8 58
8 76
9 10
9 11
9 12
9 13
9 18
9 19
9 21
9 22
9 28
9 29
9 32
9 35
9 39
9 41
9 44
9 45
9 48
9 49
9 51
9 52
9 59
9 61
9 75
9 76
9 78
9 80
9 82
10 11
10 13
10 14
10 15
10 21
10 23
10 28
10 32
10 41
10 44
10 48
10 49
10 50
10 53
10 56
10 62
10 63
10 66
10 69
11 19
11 23
11 25
11 26
11 29
11 34
11 38
11 40
11 42
11 57
11 58
11 65
11 79
11 81
11 87
12 14
12 45
12 47
12 51
12 58
12 75
13 14
13 20
13 25
13 26
13 34
13 39
13 53
13 56
13 63
13 64
13 72
13 75
13 77
13 80
13 86
14 15
14 21
14 30
14 31
14 46
14 49
14 51
14 52
14 56
14 57
14 59
14 61
14 63
14 67
14 70
14 77
14 86
15 18
15 20
15 25
15 27
15 31
15 33
15 34
15 38
15 43
15 55
15 58
15 61
15 66
15 67
15 68
15 84
16 19
16 23
16 27
16 31
16 42
16 43
16 44
16 47
16 48
16 51
16 58
16 60
16 69
16 72
16 79
16 85
16 87
17 28
17 30
17 33
17 37
17 50
17 56
17 74
18 43
18 53
18 54
19 21
19 26
19 31
19 32
19 43
19 52
20 22
20 24
20 40
20 59
20 65
20 71
21 22
21 34
21 64
22 24
22 52
22 79
22 86
23 33
23 38
23 45
23 80
23 83
23 85
24 27
24 35
24 38
25 29
25 32
25 68
26 35
26 61
26 75
26 81
26 83
27 46
27 49
27 52
27 70
27 71
27 84
27 87
28 40
28 48
29 50
29 63
30 37
30 40
30 42
30 78
31 55
31 84
32 60
33 36
33 38
33 50
33 54
33 62
34 39
34 55
34 67
34 72
35 36
35 43
35 66
35 73
35 74
36 37
36 66
36 81
37 46
38 45
38 54
38 57
38 59
38 60
39 71
39 82
41 51
41 66
41 82
42 44
42 67
42 69
44 65
44 68
45 46
45 63
45 64
45 65
47 53
47 80
48 70
48 75
48 76
49 73
50 54
50 67
51 81
52 73
52 77
53 68
53 73
53 86
54 55
55 71
55 72
55 87
56 78
57 71
57 76
58 72
58 74
59 84
62 68
64 78
66 83
66 87
67 69
68 82
69 70
72 77
72 79
72 80
72 81
73 82
73 84
75 86
