0 2
0 6
0 7
0 10
0 11
0 12
0 15
0 16
0 21
0 23
0 25
0 26
0 27
0 28
0 31
0 35
0 38
1 2
1 3
1 6
1 11
1 15
1 18
1 21
1 22
1 25
1 31
1 35
1 37
1 41
2 6
2 10
2 17
2 19
2 23
2 25
2 27
2 30
2 32
2 33
2 35
2 36
2 39
2 42
3 5
3 12
3 20
3 21
3 23
3 24
3 25
3 26
3 28
3 29
3 32
3 36
3 40
3 41
4 5
4 7
4 8
4 9
4 10
4 18
4 28
4 30
4 33
4 34
4 35
4 37
4 42
5 7
5 11
5 13
5 15
5 17
5 19
5 22
5 24
5 26
5 28
5 29
5 31
5 37
5 39
5 40
5 42
6 9
6 10
6 17
6 23
6 24
6 28
6 29
6 31
6 34
6 35
6 37
6 38
6 40
6 41
6 42
7 12
7 13
7 15
7 22
7 25
7 26
7 30
7 34
7 37
7 38
7 40
7 41
7 42
8 16
8 19
8 24
8 27
8 30
8 35
8 37
8 41
9 10
9 11
9 12
9 15
9 16
9 19
9 20
9 21
9 26
9 29
9 30
9 32
9 33
9 35
9 39
9 40
9 41
9 42
10 12
10 13
10 14
10 15
10 16
10 23
10 24
10 26
10 29
10 32
10 34
10 37
10 41
11 14
11 15
11 17
11 20
11 26
11 28
11 31
11 32
11 38
11 39
11 40
12 19
12 20
12 26
12 30
12 32
12 39
12 41
12 42
13 19
13 22
13 24
13 25
13 30
13 31
13 35
13 36
13 37
13 38
14 16
14 17
14 18
14 19
14 20
14 24
14 28
14 34
14 35
14 36
14 38
14 40
15 18
15 24
15 27
15 29
15 38
15 39
15 40
16 21
16 23
16 24
16 25
16 26
16 28
16 29
16 37
16 38
16 39
16 40
16 42
17 19
17 20
17 21
17 24
17 25
17 27
17 28
17 31
17 33
17 34
17 36
18 19
18 20
18 28
18 30
18 32
18 33
18 36
18 38
18 39
18 41
18 42
19 21
19 26
19 27
19 29
19 31
19 32
19 34
19 38
19 40
20 23
20 27
20 29
20 30
20 34
20 35
20 36
20 41
20 42
21 22
21 23
21 24
21 30
21 32
21 33
21 36
21 39
22 28
22 29
22 34
22 35
22 36
22 37
22 39
22 40
22 41
22 42
23 24
23 25
23 32
23 33
23 40
23 42
24 27
24 29
24 32
24 40
24 41
25 27
25 29
25 33
25 37
25 41
26 28
26 32
26 33
26 34
26 38
26 40
26 41
27 31
27 34
27 39
27 41
28 30
28 35
29 33
29 38
29 40
29 42
30 31
30 33
30 34
30 36
30 37
31 32
31 33
31 35
31 36
31 39
31 40
31 42
32 40
33 35
33 40
33 41
34 39
34 40
34 41
37 40
37 42
38 39
38 40
38 41
39 40
39 41
41 42
