0 3
0 4
0 9
0 11
0 14
0 15
0 16
0 17
0 19
0 23
0 27
0 29
0 30
0 31
0 32
0 34
0 36
0 37
0 38
0 41
0 44
1 3
1 4
1 5
1 7
1 18
1 23
1 24
1 25
1 28
1 32
1 33
1 36
1 49
2 5
2 6
2 10
2 11
2 14
2 19
2 20
2 23
2 24
2 25
2 28
2 30
2 31
2 34
2 35
2 40
3 4
3 8
3 10
3 16
3 18
3 21
3 22
3 23
3 26
3 30
3 33
3 34
3 35
3 41
3 46
3 47
3 50
3 51
4 10
4 11
4 15
4 16
4 17
4 19
4 21
4 22
4 24
4 26
4 29
4 32
4 34
4 41
4 47
4 48
4 50
5 6
5 11
5 12
5 15
5 21
5 23
5 24
5 26
5 34
5 36
5 37
5 40
5 46
5 47
5 49
5 51
6 9
6 10
6 12
6 14
6 16
6 18
6 19
6 20
6 21
6 25
6 27
6 30
6 31
6 33
6 36
6 44
6 45
6 46
6 49
7 8
7 14
7 18
7 22
7 29
7 30
7 33
7 40
7 44
7 46
7 48
7 49
8 15
8 17
8 21
8 22
8 24
8 27
8 28
8 32
8 33
8 37
8 38
8 41
8 45
8 46
8 47
8 51
9 10
9 12
9 14
9 16
9 17
9 18
9 19
9 21
9 22
9 23
9 28
9 32
9 33
9 39
9 40
9 41
9 42
9 43
9 45
9 51
10 11
10 15
10 18
10 19
10 32
10 33
10 34
10 36
10 38
10 39
10 40
11 14
11 16
11 17
11 23
11 28
11 30
11 31
11 34
11 35
11 38
11 44
11 48
11 50
12 16
12 23
12 27
12 29
12 31
12 34
12 39
12 41
12 47
12 48
13 15
13 18
13 19
13 21
13 27
13 34
13 36
13 42
13 43
13 44
13 48
13 50
14 17
14 22
14 27
14 35
14 39
14 41
14 46
14 48
14 49
14 51
15 16
15 21
15 24
15 26
15 29
15 30
15 31
15 33
15 35
15 36
15 39
15 43
15 45
16 19
16 26
16 31
16 34
16 35
16 37
16 44
16 45
16 46
16 48
16 49
16 50
16 51
17 21
17 23
17 25
17 26
17 28
17 29
17 30
17 32
17 36
17 37
17 40
17 41
17 46
17 49
17 50
17 51
18 22
18 24
18 31
18 32
18 34
18 36
18 39
18 40
18 44
18 45
18 46
18 50
19 28
19 30
19 32
19 34
19 35
19 36
19 38
19 39
19 40
19 43
19 44
19 49
19 51
20 27
20 29
20 30
20 40
20 44
20 49
20 50
21 24
21 26
21 28
21 30
21 32
21 33
21 36
21 37
21 41
21 42
21 43
21 44
21 45
21 49
21 50
21 51
22 25
22 31
22 33
22 34
22 35
22 41
22 42
22 50
23 32
23 34
23 38
23 44
23 45
23 46
24 26
24 31
24 33
24 39
24 40
24 41
24 42
24 46
25 30
25 37
25 45
25 48
25 50
26 29
26 30
26 33
26 34
26 35
26 36
26 38
26 39
26 41
26 42
26 45
26 49
27 28
27 29
27 32
27 33
27 35
27 38
27 40
27 51
28 30
28 31
28 32
28 33
28 37
28 43
28 46
29 36
29 40
29 41
29 43
29 45
29 47
29 51
30 37
30 41
30 43
30 45
30 47
30 49
30 51
31 33
31 34
31 36
31 39
31 40
31 42
31 44
31 48
31 49
32 37
32 38
32 45
32 46
33 34
33 39
33 40
33 45
33 49
34 35
34 37
34 38
34 39
34 43
35 39
35 40
35 45
36 37
36 43
36 45
36 46
36 47
36 48
37 41
37 43
37 45
37 46
38 41
38 42
38 44
38 49
39 41
39 42
39 43
39 44
39 47
39 51
40 41
40 43
40 44
40 45
40 51
41 43
41 44
41 45
41 47
41 49
42 46
42 48
42 50
43 49
44 46
44 49
44 50
45 46
45 47
45 49
46 47
46 50
47 49
47 50
48 50
50 51
