0 1
0 32
0 37
0 34
0 4
0 18
0 16
0 22
1 18
1 31
1 5
1 33
1 10
1 30
1 37
2 3
2 8
2 27
2 29
2 19
2 5
2 32
2 38
3 10
3 22
3 25
3 20
3 28
3 33
3 8
4 5
4 25
4 8
4 38
4 29
4 39
4 15
5 6
5 30
5 18
5 16
5 11
6 7
6 14
6 39
6 35
6 12
6 17
6 19
7 16
7 26
7 21
7 28
7 23
7 24
7 8
8 27
8 24
8 29
8 17
9 10
9 16
9 31
9 18
9 14
9 36
9 39
9 21
10 11
10 25
10 36
10 31
10 17
11 17
11 19
11 36
11 31
11 21
11 38
12 13
12 29
12 14
12 34
12 28
12 38
12 37
13 18
13 23
13 17
13 39
13 24
13 34
13 27
14 15
14 17
14 29
14 27
14 21
15 20
15 30
15 23
15 33
15 39
15 19
16 17
16 19
16 38
16 26
17 36
18 22
18 23
18 26
19 32
19 28
19 23
20 21
20 28
20 37
20 35
20 24
20 36
21 29
21 39
21 22
22 30
22 27
22 31
22 34
23 24
23 25
23 35
24 37
24 28
24 29
25 26
25 36
25 35
25 39
26 32
26 35
26 33
26 31
27 28
27 30
27 32
28 30
29 31
30 33
30 34
31 39
32 36
32 38
32 37
33 34
33 35
33 37
34 35
34 38
35 38
36 37
