0 11
0 13
0 16
0 29
0 50
0 65
0 72
1 4
1 20
1 24
1 58
2 29
2 41
2 58
2 62
3 9
3 10
3 16
3 29
3 59
4 9
4 24
4 34
4 37
4 39
4 54
4 70
4 71
5 20
5 23
5 34
5 41
5 50
5 53
5 60
5 63
6 18
6 21
6 25
6 44
6 46
6 53
7 8
7 12
7 27
7 29
7 35
7 37
7 56
8 25
8 37
9 18
9 20
9 45
10 14
10 38
10 54
11 16
11 20
11 22
11 24
11 25
11 42
11 52
11 65
12 14
12 16
12 26
12 44
12 62
13 21
13 26
13 29
13 47
13 53
13 57
13 59
14 20
14 28
14 57
14 72
15 17
15 28
15 33
15 45
15 50
16 18
16 22
16 33
16 49
17 19
17 41
17 49
17 61
18 23
18 29
18 31
18 32
18 38
18 43
18 44
18 45
18 54
18 58
19 23
19 27
19 32
19 44
19 49
19 60
19 68
20 21
21 29
21 56
21 67
21 69
21 71
22 37
23 44
23 46
23 53
24 29
24 54
24 62
24 72
25 53
25 60
25 66
25 67
26 36
26 38
26 39
26 41
26 44
26 48
26 54
27 29
27 36
27 46
27 66
28 30
28 33
28 36
28 46
28 47
28 65
29 54
29 55
29 62
29 68
30 36
30 37
30 40
30 55
30 58
30 64
31 45
31 52
31 53
31 69
32 33
32 34
32 48
32 56
32 72
33 44
33 57
34 45
34 59
35 38
35 42
35 49
35 53
35 59
36 51
36 60
36 61
36 62
36 65
37 50
37 56
37 64
37 72
38 40
38 49
38 57
38 62
39 41
39 44
39 47
40 60
41 50
42 49
42 61
42 70
43 45
43 46
44 53
44 58
44 72
45 56
45 72
46 54
46 59
46 70
46 71
47 60
47 69
49 51
49 61
49 64
49 65
49 66
51 59
52 60
53 70
54 58
54 70
55 62
55 72
57 61
57 63
57 66
60 62
60 66
60 69
62 63
63 68
63 69
65 68
68 71
70 72
