0 7
0 11
0 12
0 14
0 23
0 25
0 32
0 34
0 39
0 40
0 42
0 44
0 45
1 3
1 4
1 7
1 9
1 13
1 18
1 19
1 22
1 26
1 28
1 29
1 31
1 33
1 35
1 40
1 41
1 44
1 46
2 3
2 4
2 5
2 6
2 7
2 8
2 16
2 21
2 22
2 23
2 27
2 28
2 31
2 37
2 38
2 41
3 9
3 10
3 12
3 13
3 14
3 17
3 18
3 19
3 24
3 25
3 26
3 27
3 34
3 35
3 39
3 41
3 44
4 10
4 11
4 12
4 15
4 16
4 17
4 18
4 22
4 24
4 25
4 27
4 28
4 30
4 31
4 36
4 37
4 42
4 44
5 9
5 17
5 24
5 25
5 32
5 37
5 40
6 7
6 13
6 14
6 17
6 18
6 20
6 21
6 22
6 23
6 24
6 28
6 33
6 40
6 41
6 42
6 43
6 46
7 8
7 10
7 13
7 15
7 21
7 26
7 27
7 28
7 43
7 46
8 9
8 11
8 12
8 15
8 19
8 25
8 26
8 27
8 32
8 33
8 41
8 46
9 11
9 12
9 14
9 17
9 19
9 21
9 22
9 24
9 26
9 27
9 30
9 31
9 32
9 35
9 37
9 41
9 44
9 45
9 46
10 12
10 15
10 19
10 20
10 23
10 24
10 27
10 28
10 31
10 33
10 35
10 37
10 40
10 42
10 43
11 14
11 15
11 17
11 18
11 21
11 24
11 28
11 32
11 34
11 36
11 37
11 38
11 39
11 44
12 13
12 16
12 21
12 23
12 25
12 27
12 28
12 33
12 36
12 37
12 44
13 16
13 22
13 23
13 28
13 30
13 31
13 32
13 33
13 37
13 40
13 43
13 44
13 46
14 17
14 18
14 19
14 21
14 22
14 26
14 30
14 31
14 36
14 37
14 38
14 41
14 43
15 18
15 21
15 22
15 28
15 34
15 35
15 42
15 43
16 20
16 22
16 26
16 28
16 29
16 34
16 36
16 37
16 43
16 45
16 46
17 20
17 21
17 22
17 26
17 34
17 35
17 36
17 39
17 40
18 22
18 23
18 24
18 26
18 28
18 29
18 35
18 36
18 43
18 44
18 46
19 20
19 22
19 25
19 27
19 28
19 31
19 32
19 36
19 37
20 22
20 24
20 25
20 26
20 28
20 30
20 31
20 36
20 43
20 46
21 23
21 24
21 28
21 29
21 34
21 36
21 38
21 41
21 42
21 43
22 24
22 28
22 31
22 32
22 39
22 42
22 45
23 28
23 29
23 31
23 33
23 35
23 41
23 42
23 44
23 45
24 27
24 36
24 37
24 38
24 40
24 45
24 46
25 27
25 28
25 29
25 31
25 32
25 35
25 36
25 38
25 42
25 43
25 45
26 27
26 30
26 32
26 37
26 39
26 44
27 37
27 38
27 40
27 42
27 43
28 34
28 37
28 38
29 30
29 31
29 36
29 37
29 39
29 40
29 41
29 43
29 45
30 34
30 38
30 39
30 40
30 41
30 44
30 46
31 32
31 33
31 37
31 39
31 43
32 33
32 35
32 37
32 38
32 39
32 42
32 44
32 45
33 40
33 42
33 43
34 36
34 37
34 40
34 41
34 45
35 40
35 46
36 38
36 41
36 44
37 38
37 39
37 40
38 41
38 45
39 40
39 43
39 44
39 45
40 41
40 43
41 43
43 45
44 46
