0 1
0 2
0 3
0 4
0 6
0 7
0 13
0 14
0 17
0 19
0 20
0 24
0 30
0 40
0 41
0 43
0 45
0 46
0 48
0 57
0 61
0 64
0 65
0 68
0 69
0 73
0 80
1 3
1 4
1 8
1 15
1 26
2 5
2 9
2 10
2 15
2 23
2 33
2 38
2 54
2 80
3 22
3 27
3 28
3 44
3 81
4 5
4 12
4 17
4 18
4 20
4 23
4 26
4 31
4 33
4 34
4 40
4 41
4 43
4 47
4 56
4 63
4 70
4 71
4 72
4 86
5 6
5 11
5 14
5 19
5 24
5 32
5 37
5 58
5 59
5 68
5 73
5 74
6 7
6 8
6 10
6 12
6 16
6 28
6 29
6 34
6 36
6 38
6 42
6 50
6 55
6 58
6 62
6 69
6 72
6 84
6 85
6 86
7 11
7 22
8 9
9 31
9 49
9 64
10 13
10 16
10 21
10 36
10 85
11 30
11 35
11 56
12 21
12 59
13 71
13 77
14 25
14 53
14 83
15 39
16 47
16 48
16 51
17 18
17 25
17 76
18 39
18 51
19 32
19 45
20 46
21 37
21 42
21 52
21 60
22 81
23 27
27 29
27 54
27 79
30 35
30 44
30 53
31 65
31 82
36 55
36 67
37 75
38 83
39 52
40 66
40 67
44 79
45 50
46 49
46 78
49 61
52 60
52 84
53 66
54 57
54 62
54 70
54 74
54 78
54 82
57 76
58 75
60 63
64 77
