0 1
0 5
0 13
0 44
0 11
0 31
0 43
0 21
1 34
1 17
1 28
1 10
1 44
1 38
1 4
2 3
2 12
2 29
2 42
2 36
2 44
2 24
2 18
3 4
3 29
3 41
3 19
3 24
3 38
3 27
4 20
4 34
4 40
4 33
4 25
4 28
5 22
5 36
5 47
5 16
5 34
5 31
5 39
6 7
6 33
6 29
6 30
6 28
6 42
6 41
6 23
7 44
7 43
7 31
7 49
7 30
7 47
7 14
8 9
8 21
8 13
8 48
8 41
8 11
8 15
8 14
9 41
9 30
9 17
9 26
9 16
9 35
9 25
10 11
10 35
10 15
10 26
10 22
10 38
10 19
11 33
11 27
11 42
11 19
11 44
12 13
12 22
12 43
12 27
12 32
12 19
12 20
13 25
13 32
13 20
13 36
13 24
14 15
14 33
14 46
14 49
14 39
14 32
15 37
15 25
15 46
15 48
15 20
16 17
16 35
16 43
16 29
16 46
16 40
17 45
17 46
17 43
17 19
17 33
18 19
18 23
18 31
18 47
18 34
18 26
18 27
19 30
19 23
20 36
20 38
20 31
20 48
21 22
21 30
21 42
21 36
21 45
21 27
22 38
22 32
22 34
22 49
23 24
23 39
23 37
23 38
23 34
24 35
24 25
24 48
24 31
25 26
25 32
25 47
26 32
26 42
26 40
26 35
27 28
27 39
27 37
28 40
28 49
28 39
28 33
29 38
29 41
29 45
29 48
30 37
30 48
30 42
31 40
31 49
32 35
32 45
33 36
33 48
34 49
34 41
35 39
35 42
36 46
36 42
37 44
37 49
37 47
37 45
38 45
39 43
39 47
40 45
40 46
40 49
41 47
41 44
43 47
43 46
44 45
46 48
