0 1
0 2
0 3
0 4
0 6
0 7
0 12
0 13
0 17
0 21
0 26
0 71
1 5
1 7
1 10
1 19
1 23
1 24
1 33
1 36
1 37
1 50
1 54
1 60
1 68
1 73
1 79
2 3
2 6
2 11
2 12
2 15
2 16
2 18
2 28
2 38
2 40
2 55
2 64
2 66
3 4
3 5
3 8
3 10
3 27
3 32
3 57
4 8
4 9
4 19
4 32
4 36
4 46
4 47
5 9
5 16
5 21
5 25
5 26
5 35
5 45
5 56
5 58
5 63
5 65
5 66
5 77
6 20
6 29
6 37
7 15
7 52
8 11
8 22
8 34
8 41
8 55
8 74
8 80
9 13
9 18
9 20
9 22
9 35
9 45
10 14
10 30
11 27
11 29
11 44
12 67
13 14
13 17
13 24
13 59
13 71
14 31
14 43
15 60
16 23
17 34
17 39
17 51
17 53
17 61
18 62
19 52
19 63
19 65
20 28
20 33
20 41
20 47
20 78
22 51
22 59
22 70
23 30
23 39
23 57
23 62
23 72
24 25
24 31
24 42
24 61
25 38
28 40
29 42
29 44
29 49
29 78
30 53
31 48
31 54
31 80
32 48
32 67
32 69
33 58
36 79
39 50
39 72
39 77
42 43
43 46
43 76
44 56
46 64
48 49
48 74
53 73
62 69
62 75
64 68
64 70
69 76
72 75
