0 1
0 2
0 3
0 4
0 5
0 6
0 7
0 8
0 9
0 10
0 11
0 12
0 13
0 14
0 17
0 20
0 21
0 24
0 25
0 27
0 28
0 31
0 32
0 33
0 36
0 37
0 38
0 39
0 40
0 47
0 48
0 49
0 50
0 52
0 55
0 65
0 68
0 73
0 76
0 77
0 80
0 82
0 84
1 6
1 9
1 13
1 27
1 55
1 57
1 65
1 68
1 70
1 81
1 90
1 91
2 7
2 8
2 9
2 10
2 11
2 14
2 15
2 19
2 21
2 24
2 25
2 26
2 31
2 39
2 44
2 49
2 50
2 55
2 80
2 83
3 6
3 7
3 8
3 11
3 13
3 21
3 23
3 30
3 31
3 32
3 33
3 34
3 39
3 40
3 43
3 70
3 71
3 77
3 85
3 91
3 92
4 6
4 19
4 21
4 51
5 6
5 7
5 8
5 9
5 11
5 12
5 18
5 19
5 26
5 32
5 35
5 37
5 38
5 42
5 43
5 44
5 45
5 52
5 56
5 60
5 70
5 72
5 80
5 83
6 7
6 10
6 12
6 13
6 14
6 15
6 16
6 17
6 19
6 21
6 26
6 28
6 30
6 33
6 34
6 38
6 40
6 41
6 44
6 49
6 58
6 59
6 64
6 65
6 67
6 71
6 74
6 84
6 86
6 89
6 93
7 8
7 9
7 10
7 11
7 16
7 18
7 20
7 22
7 25
7 28
7 29
7 30
7 34
7 53
7 56
7 63
7 83
7 86
7 88
8 10
8 12
8 14
8 15
8 16
8 17
8 18
8 20
8 22
8 23
8 26
8 27
8 35
8 41
8 43
8 45
8 46
8 50
8 51
8 61
8 63
8 75
8 78
8 79
8 81
8 89
9 17
9 19
9 29
9 53
9 58
9 64
10 14
10 15
10 16
10 20
10 25
10 27
10 28
10 31
10 36
10 41
10 44
10 52
10 56
10 67
10 72
10 80
10 82
10 83
10 90
10 91
10 93
11 12
11 13
11 33
11 41
11 42
11 54
11 80
11 93
12 22
12 30
12 50
12 66
12 72
12 73
12 86
12 88
12 93
13 15
13 20
13 36
13 46
13 59
13 64
13 65
13 67
13 78
13 84
14 16
14 18
14 23
14 24
14 29
14 40
14 43
14 47
14 57
14 66
14 87
15 17
15 18
15 32
15 34
15 37
15 39
15 46
15 61
15 81
16 24
16 55
16 56
16 75
16 83
17 22
17 26
17 36
17 49
17 51
17 54
17 57
17 61
17 69
17 85
17 90
18 47
18 51
18 54
18 68
18 73
18 77
18 91
19 27
19 30
19 61
20 60
20 84
20 85
21 22
21 23
21 24
21 25
21 29
21 42
21 44
21 50
21 52
21 58
21 66
21 70
21 75
21 87
21 89
21 91
22 23
22 28
22 29
22 57
22 64
22 73
23 35
23 53
23 59
23 62
23 87
24 43
25 31
25 52
25 79
26 36
26 42
26 45
26 77
26 86
26 92
27 33
27 37
29 66
30 35
30 62
30 76
30 86
31 32
31 37
31 38
31 46
31 47
31 60
32 35
32 39
32 58
32 77
32 88
33 34
33 48
33 58
33 92
34 38
34 48
34 74
34 76
35 41
35 49
35 51
35 76
35 81
35 87
35 92
36 42
37 53
37 59
37 71
38 40
38 48
38 81
38 92
39 45
39 75
40 45
40 47
40 57
40 82
41 48
41 68
41 79
41 90
42 46
42 62
42 73
42 82
42 93
43 61
43 74
44 54
44 59
44 68
45 54
46 65
46 69
47 62
48 64
48 70
48 87
49 63
49 78
49 88
49 89
50 72
51 53
51 62
52 63
53 56
53 60
53 63
53 76
54 55
54 67
54 71
54 79
54 85
55 69
55 74
57 60
57 69
57 74
57 79
57 84
58 72
59 69
59 71
59 88
61 67
63 66
69 78
70 78
74 75
77 90
78 82
81 89
83 85
