0 1
0 24
0 48
0 3
1 16
1 40
1 23
2 3
2 11
2 59
2 35
3 42
3 43
4 5
4 10
4 77
4 64
5 39
5 13
5 19
6 7
6 18
6 38
6 28
7 47
7 55
7 11
8 9
8 17
8 52
8 30
9 60
9 50
9 48
10 29
10 20
10 65
11 70
11 19
12 13
12 32
12 46
12 72
13 40
13 72
14 15
14 27
14 26
14 47
15 43
15 22
15 21
16 17
16 62
16 77
17 28
17 25
18 19
18 55
18 56
19 27
20 21
20 32
20 23
21 38
21 51
22 23
22 29
22 69
23 60
24 51
24 73
24 68
25 26
25 66
25 70
26 41
26 61
27 33
27 64
28 34
28 62
29 39
29 33
30 31
30 61
30 58
31 53
31 41
31 70
32 49
32 74
33 40
33 53
34 35
34 69
34 54
35 52
35 68
36 37
36 46
36 52
36 75
37 57
37 67
37 47
38 52
38 76
39 49
39 68
40 60
41 59
41 54
42 63
42 55
42 45
43 62
43 56
44 45
44 70
44 73
44 65
45 50
45 72
46 56
46 59
47 48
48 72
49 75
49 74
50 67
50 79
51 67
51 76
53 54
53 65
54 71
55 66
56 65
57 58
57 75
57 63
58 66
58 61
59 76
60 78
61 67
62 78
63 64
63 79
64 79
66 79
68 76
69 71
69 73
71 74
71 77
73 74
75 78
77 78
