0 1
0 3
0 6
0 8
0 13
0 14
0 16
0 17
0 24
0 28
0 29
0 30
0 33
0 34
0 35
1 3
1 5
1 8
1 14
1 17
1 19
1 27
1 28
1 29
1 30
1 31
1 33
1 35
1 36
1 39
1 40
2 5
2 11
2 13
2 18
2 20
2 25
2 26
2 29
2 30
2 33
2 36
2 39
3 7
3 8
3 9
3 10
3 13
3 19
3 21
3 22
3 26
3 27
3 30
3 31
3 32
3 33
3 34
3 35
3 36
4 10
4 15
4 18
4 19
4 22
4 25
4 29
4 31
4 32
4 33
4 34
4 35
4 39
5 7
5 9
5 10
5 11
5 12
5 14
5 17
5 18
5 27
5 31
5 33
5 36
5 37
5 39
6 7
6 9
6 10
6 11
6 12
6 13
6 15
6 20
6 21
6 22
6 23
6 27
6 30
6 33
6 36
6 37
6 38
6 40
7 13
7 18
7 20
7 21
7 25
7 27
7 28
7 29
7 31
7 38
8 10
8 15
8 16
8 18
8 19
8 23
8 24
8 27
8 29
8 30
8 37
9 15
9 18
9 19
9 22
9 25
9 27
9 30
9 32
9 36
9 37
10 11
10 12
10 15
10 16
10 18
10 19
10 20
10 21
10 26
10 28
10 32
10 34
10 38
10 39
10 40
11 13
11 14
11 23
11 24
11 36
12 15
12 20
12 22
12 24
12 32
12 36
12 38
13 15
13 17
13 20
13 22
13 24
13 29
13 30
13 34
13 38
14 15
14 22
14 24
14 25
14 26
14 30
14 33
14 34
14 39
14 40
15 16
15 23
15 27
15 29
15 35
15 37
15 39
15 40
16 18
16 22
16 28
16 30
16 33
16 36
16 39
16 40
17 20
17 26
17 27
17 30
17 32
17 36
17 37
18 19
18 20
18 21
18 25
18 26
18 32
18 33
18 34
18 35
18 38
19 31
19 36
20 21
20 23
20 25
20 26
20 31
20 36
21 23
21 25
21 26
21 28
21 30
21 36
21 40
22 27
22 30
22 31
22 34
22 35
22 36
22 39
23 27
23 31
23 35
23 39
24 26
24 30
24 34
24 35
24 36
24 38
25 26
25 27
25 28
25 29
25 32
25 38
25 39
25 40
26 28
26 29
26 32
26 34
27 30
27 35
27 37
27 40
28 31
28 37
29 34
29 35
29 36
29 37
29 40
30 31
30 35
31 36
32 34
32 36
32 38
32 39
32 40
33 39
34 37
34 39
35 40
37 38
38 39
