0 1
0 2
0 3
0 4
0 5
0 6
0 7
0 8
0 9
0 10
0 11
0 12
0 13
0 17
0 21
0 23
0 26
0 29
0 30
0 31
0 32
0 36
0 41
0 42
0 44
0 50
0 59
0 63
0 70
0 75
0 76
0 82
1 7
1 8
1 9
1 10
1 12
1 13
1 14
1 18
1 24
1 28
1 34
1 38
1 40
1 46
1 54
1 69
2 6
2 7
2 8
2 9
2 10
2 11
2 15
2 16
2 20
2 22
2 24
2 28
2 34
2 47
2 48
2 49
2 52
2 58
2 64
2 70
2 75
3 6
3 14
3 15
3 19
3 20
3 30
3 68
4 6
4 45
4 61
4 67
4 78
5 6
5 7
5 10
5 12
5 13
5 30
5 44
5 45
5 72
6 7
6 8
6 9
6 11
6 12
6 14
6 16
6 20
6 25
6 29
6 33
6 35
6 40
6 51
6 54
6 56
6 66
6 71
6 77
7 8
7 10
7 13
7 18
7 21
7 25
7 31
7 32
7 48
7 49
7 51
7 52
7 55
7 56
7 61
7 68
7 70
8 9
8 13
8 15
8 16
8 17
8 19
8 22
8 26
8 27
8 30
8 31
8 33
8 34
8 38
8 39
8 47
8 52
8 60
8 66
8 67
9 11
9 12
9 16
9 17
9 20
9 23
9 27
9 31
9 34
9 35
9 41
9 43
9 45
9 46
9 53
9 81
10 11
10 14
10 15
10 17
10 18
10 19
10 28
10 30
10 41
10 49
10 54
10 59
10 61
10 64
10 69
10 71
10 74
10 79
11 14
11 15
11 16
11 18
11 22
11 23
11 27
11 36
11 38
11 47
11 52
11 56
11 59
11 77
11 81
12 23
12 28
12 29
12 33
12 35
12 43
13 18
13 22
13 24
13 25
13 37
13 40
13 41
13 54
13 71
14 21
14 60
14 72
14 82
15 17
15 19
15 22
15 27
15 28
15 37
15 41
15 43
15 46
15 60
15 62
15 65
15 67
15 76
16 21
16 25
16 26
16 29
16 58
16 59
17 19
17 26
17 32
17 35
17 38
17 39
17 63
18 21
18 33
18 39
18 51
18 57
18 72
19 20
19 23
19 25
19 29
19 32
19 34
19 36
19 39
19 46
19 49
19 50
19 53
19 64
19 77
19 78
19 81
20 24
20 27
20 31
20 37
20 39
20 56
20 57
20 59
20 74
21 37
21 54
22 24
22 26
22 32
22 74
23 62
23 64
24 35
24 52
25 49
25 58
25 60
25 65
26 36
26 44
26 45
26 46
26 62
26 73
27 42
27 57
28 40
28 43
28 44
28 50
28 51
28 82
29 53
29 64
29 70
29 80
30 33
30 42
31 42
31 50
31 61
31 63
31 79
32 40
32 43
32 48
33 37
33 44
33 48
33 53
33 76
34 38
34 47
34 53
34 55
34 66
34 80
34 82
35 36
35 57
35 62
36 47
36 58
39 55
39 75
40 42
40 56
40 73
40 80
40 82
41 55
41 72
41 74
41 75
42 55
42 66
42 67
43 45
43 48
43 76
43 77
44 67
44 69
44 73
47 51
47 68
47 81
48 68
49 50
49 63
50 71
51 69
51 72
51 76
51 78
51 79
51 80
52 68
52 70
52 71
53 60
53 65
54 58
54 62
54 77
55 57
55 65
55 66
55 80
56 61
56 73
56 79
57 74
58 73
58 79
60 63
60 65
62 69
62 75
63 78
64 81
77 78
