0 1
0 2
0 3
0 4
0 5
0 6
0 7
0 8
0 9
0 10
0 11
0 12
0 13
0 14
0 15
0 17
0 18
0 19
0 20
0 21
0 23
0 24
0 25
0 27
0 30
0 31
0 32
0 35
0 40
0 42
0 43
0 48
0 49
0 50
0 54
0 55
0 56
0 57
0 66
1 11
1 12
1 13
1 16
1 17
1 24
1 27
1 29
1 35
1 40
2 11
2 12
2 13
2 19
2 20
2 23
2 25
2 26
2 28
2 32
2 45
2 46
2 48
3 11
3 12
3 13
3 14
3 16
3 17
3 21
3 26
3 27
3 35
3 37
3 43
3 44
3 48
3 50
3 52
3 57
3 62
4 11
4 12
4 13
4 15
4 22
4 23
4 24
4 25
4 26
4 29
4 36
4 37
4 48
4 52
4 56
4 57
4 60
4 63
4 64
5 11
5 13
5 14
5 15
5 18
5 19
5 24
5 26
5 27
5 28
5 29
5 30
5 31
5 32
5 33
5 34
5 35
5 37
5 40
5 52
5 53
5 58
5 63
5 65
6 11
6 14
6 15
6 16
6 19
6 20
6 22
6 28
6 29
6 41
6 56
6 62
7 11
7 12
7 14
7 15
7 16
7 17
7 18
7 20
7 21
7 23
7 26
7 28
7 29
7 30
7 34
7 39
7 41
7 48
7 50
7 52
7 53
7 59
7 60
7 64
7 65
8 12
8 14
8 23
8 26
8 33
8 38
8 39
8 40
8 48
8 55
8 61
8 64
9 11
9 12
9 13
9 14
9 15
9 16
9 17
9 18
9 19
9 21
9 24
9 25
9 33
9 34
9 36
9 40
9 44
9 61
9 62
9 67
10 11
10 12
10 13
10 16
10 18
10 27
10 30
10 32
10 34
10 56
10 64
11 12
11 13
11 14
11 15
11 17
11 18
11 19
11 20
11 21
11 22
11 25
11 34
11 37
11 38
11 43
11 45
11 46
11 47
11 51
11 52
11 53
11 56
11 62
11 64
11 66
12 13
12 14
12 15
12 16
12 17
12 18
12 20
12 22
12 24
12 27
12 28
12 30
12 33
12 34
12 35
12 37
12 38
12 42
12 43
12 49
12 54
12 55
12 65
12 67
13 14
13 15
13 16
13 17
13 18
13 19
13 21
13 22
13 23
13 24
13 25
13 27
13 28
13 29
13 30
13 31
13 33
13 36
13 38
13 39
13 41
13 42
13 43
13 47
13 48
13 50
13 53
13 58
13 59
13 60
13 61
13 62
13 66
14 15
14 16
14 17
14 19
14 20
14 22
14 23
14 24
14 25
14 26
14 28
14 29
14 30
14 32
14 33
14 35
14 38
14 39
14 40
14 41
14 42
14 46
14 47
14 48
14 51
14 54
14 57
14 59
14 62
14 63
14 67
15 16
15 17
15 18
15 19
15 20
15 21
15 25
15 28
15 30
15 31
15 32
15 35
15 41
15 43
15 44
15 46
15 50
15 54
15 56
15 57
15 59
15 60
15 67
16 18
16 20
16 21
16 22
16 29
16 30
16 34
16 37
16 41
16 44
16 45
16 49
16 67
17 21
17 36
17 41
17 55
17 58
17 61
18 19
18 20
18 22
18 23
18 24
18 25
18 26
18 31
18 32
18 36
18 38
18 40
18 41
18 44
18 47
18 59
19 22
19 23
19 24
19 27
19 28
19 31
19 32
19 33
19 35
19 45
19 47
19 49
19 52
19 54
19 60
19 63
19 66
19 67
20 21
20 25
20 39
20 42
20 46
20 55
20 57
20 64
21 22
21 26
21 36
21 37
21 40
21 42
21 44
21 48
21 51
21 55
21 65
22 23
22 26
22 27
22 29
22 35
22 38
22 40
22 41
22 51
22 52
22 57
22 59
22 61
22 66
23 29
23 34
23 38
23 39
23 49
23 51
23 53
23 55
23 66
24 37
24 45
24 49
24 58
24 60
24 63
25 27
25 31
25 32
25 33
25 36
25 41
25 44
25 46
25 47
25 49
25 50
25 51
25 60
25 61
25 67
26 28
26 33
26 34
26 36
26 39
26 40
26 47
26 52
26 59
26 65
27 30
27 31
27 35
27 39
27 48
27 51
27 56
27 59
27 63
27 64
27 65
28 31
28 32
28 37
28 38
28 55
28 56
29 36
29 37
29 44
29 47
29 51
29 53
29 65
29 66
30 31
30 36
30 42
30 43
30 51
30 52
30 62
31 34
31 38
31 39
31 43
31 45
31 46
31 50
31 52
31 53
31 57
31 65
31 67
32 33
32 51
32 54
32 63
32 67
33 42
33 45
33 50
33 54
33 55
33 56
34 44
34 49
34 58
34 62
34 67
35 64
36 43
36 58
37 45
37 50
37 62
37 64
38 39
38 42
38 43
38 49
38 50
38 53
38 54
38 58
38 60
39 45
39 47
40 44
40 46
40 61
40 65
40 66
41 42
41 45
41 54
41 58
41 60
42 46
42 47
42 49
42 54
43 59
43 63
44 57
45 46
45 53
45 55
45 65
46 56
47 53
47 66
48 59
50 61
50 63
51 62
53 57
53 58
53 66
54 60
55 61
55 64
56 58
57 61
58 63
