0 1
0 2
0 3
0 5
0 10
0 11
0 15
0 20
0 22
0 29
0 30
0 33
0 35
0 37
0 39
0 40
0 45
0 53
0 63
0 69
1 5
1 6
1 8
1 14
1 34
1 45
2 3
2 4
2 9
2 12
2 30
3 4
3 6
3 7
3 11
3 21
3 70
4 7
4 9
4 12
4 15
4 18
4 19
4 27
4 31
4 41
4 44
4 47
4 53
4 56
5 13
5 31
5 39
5 44
5 49
5 50
5 54
5 60
5 77
6 16
6 29
6 48
6 57
7 8
7 10
7 13
7 14
7 17
7 21
7 26
7 27
7 28
7 41
7 43
7 51
7 59
7 67
7 68
7 75
8 36
8 60
8 61
9 23
9 28
9 64
10 46
10 58
11 18
11 22
11 32
11 55
11 61
11 67
12 62
13 20
13 24
13 69
13 72
13 76
13 79
14 58
15 16
15 17
15 38
15 49
15 51
16 19
16 24
16 33
16 42
16 57
17 25
18 52
19 40
19 75
20 25
20 26
20 35
20 42
20 52
20 72
20 76
21 23
21 34
21 36
21 46
21 64
22 55
24 65
25 43
28 32
28 38
28 66
29 50
29 71
30 56
30 62
31 63
33 73
33 78
33 79
35 37
35 68
39 48
40 70
42 47
43 71
46 54
47 73
51 59
52 74
53 77
59 66
59 78
63 65
67 74
