0 44
0 74
1 32
1 33
1 38
1 53
1 73
2 22
2 24
2 25
2 38
2 45
2 48
2 50
2 52
2 60
3 13
3 15
3 17
3 21
3 27
3 56
3 72
4 14
4 32
4 44
4 70
4 71
5 18
5 22
5 32
5 36
5 70
5 71
6 38
6 54
6 66
7 26
7 47
7 51
7 52
8 10
8 12
8 20
8 29
8 36
8 39
8 45
8 55
8 70
9 29
9 41
9 61
9 66
10 13
10 17
10 25
10 32
10 50
11 16
11 19
12 18
12 22
12 26
12 35
12 61
12 66
13 29
13 30
13 47
13 74
14 21
14 23
14 45
14 46
14 53
14 60
14 75
15 35
15 50
15 70
15 74
16 19
16 23
16 27
16 31
16 51
17 23
17 45
17 54
17 60
18 25
18 34
18 36
18 38
18 45
18 68
18 69
19 34
19 44
19 45
20 21
20 35
20 38
20 43
21 56
21 67
22 29
22 40
22 43
22 53
22 63
22 68
22 70
23 25
23 30
23 55
23 57
24 47
24 72
25 41
25 49
25 62
25 70
25 75
26 38
26 57
26 58
26 64
27 68
28 36
28 45
28 48
28 71
29 40
29 44
30 34
30 38
30 42
30 72
30 75
31 32
31 72
32 71
33 37
33 49
34 48
34 64
35 40
35 42
35 51
35 54
35 71
36 74
36 75
37 53
37 58
38 61
38 66
39 46
40 44
40 68
40 72
41 57
41 74
41 75
42 46
43 44
43 45
43 65
44 49
44 52
45 72
45 75
46 57
46 63
46 67
47 49
47 61
48 62
49 53
49 68
49 73
50 58
51 59
52 66
53 57
54 57
54 60
54 70
54 74
57 58
57 73
58 66
58 69
58 70
59 62
59 72
61 64
61 73
62 72
63 68
63 71
66 72
69 74
69 75
70 72
70 73
70 75
