0 1
0 5
0 8
0 11
0 19
0 20
0 25
0 30
0 31
0 33
0 34
0 35
0 39
0 41
1 3
1 6
1 7
1 13
1 14
1 17
1 19
1 26
1 28
1 30
1 32
1 33
1 34
1 37
1 41
2 4
2 8
2 19
2 26
2 28
2 34
2 35
2 37
2 39
2 40
2 42
2 43
3 6
3 7
3 14
3 15
3 17
3 19
3 21
3 24
3 26
3 29
3 30
3 34
3 37
3 38
3 41
4 7
4 10
4 11
4 13
4 14
4 18
4 19
4 21
4 26
4 28
4 29
4 32
4 35
4 36
4 37
4 40
5 6
5 9
5 12
5 13
5 19
5 20
5 26
5 27
5 29
5 34
5 37
5 39
5 42
6 10
6 11
6 14
6 15
6 20
6 24
6 26
6 29
6 31
6 35
6 37
6 41
7 8
7 10
7 17
7 20
7 23
7 25
7 27
7 28
7 30
7 32
7 33
7 34
7 37
7 38
7 40
7 42
8 9
8 10
8 15
8 16
8 17
8 20
8 22
8 24
8 30
8 37
8 38
8 42
9 12
9 13
9 15
9 19
9 20
9 22
9 30
9 31
9 37
9 39
9 41
9 42
9 43
10 17
10 19
10 21
10 23
10 28
10 32
10 33
10 35
10 36
10 42
11 15
11 24
11 26
11 29
11 34
11 35
12 14
12 15
12 18
12 24
12 25
12 30
12 31
12 32
12 39
12 41
12 43
13 14
13 15
13 18
13 19
13 21
13 23
13 31
13 34
13 36
13 38
13 40
14 20
14 21
14 23
14 26
14 30
14 31
14 39
14 41
15 28
15 30
15 39
15 40
15 43
16 19
16 24
16 25
16 27
16 28
16 33
16 40
17 20
17 22
17 25
17 28
17 30
17 34
17 36
17 38
17 41
18 24
18 32
18 34
18 39
19 21
19 23
19 32
19 39
19 42
19 43
20 25
20 28
20 31
20 41
20 43
21 26
21 28
21 30
21 35
21 36
21 37
21 41
21 42
22 26
22 27
22 28
22 32
22 33
22 39
22 42
23 24
23 25
23 30
23 34
23 36
23 39
23 41
23 43
24 26
24 31
24 33
24 36
24 38
24 39
24 42
24 43
25 30
25 32
25 34
25 40
25 43
26 27
26 28
26 30
26 31
26 35
26 37
26 38
26 39
26 41
26 42
26 43
27 43
28 30
28 42
28 43
29 30
29 34
29 40
29 42
30 32
30 34
30 36
30 37
30 41
30 43
31 32
31 33
31 36
31 39
31 43
32 35
32 36
32 41
32 43
33 36
33 41
33 42
34 39
34 41
34 43
35 39
35 40
36 41
36 42
36 43
37 38
37 40
38 41
38 42
38 43
39 40
39 43
40 41
40 43
41 43
42 43
