0 1
0 2
0 4
0 5
0 8
0 11
0 15
0 41
0 46
0 48
0 60
0 63
0 73
0 93
1 3
1 8
1 12
1 16
1 17
1 18
1 20
1 24
1 28
1 31
1 32
1 33
1 43
1 48
1 56
1 61
1 76
1 84
1 90
1 95
2 3
2 4
2 7
2 14
2 18
2 22
2 25
2 29
2 43
2 44
2 53
2 55
2 61
2 88
2 91
3 5
3 6
3 9
3 10
3 11
3 16
3 17
3 34
3 36
3 38
3 40
3 42
3 47
3 50
3 66
3 67
4 6
4 7
4 10
4 13
4 19
4 23
4 30
4 34
4 75
5 9
5 49
6 21
6 22
7 12
7 14
7 23
7 64
8 86
10 13
10 50
10 55
11 15
11 27
11 32
11 36
11 45
11 51
11 56
12 19
12 28
12 39
12 46
12 47
12 62
12 76
12 88
13 33
14 25
14 87
14 89
15 82
16 21
16 37
16 70
17 30
17 41
17 44
17 65
17 71
18 20
18 37
18 62
19 65
19 81
19 89
20 27
20 74
21 24
21 26
21 35
21 40
22 52
23 57
24 31
24 58
25 26
25 54
25 91
27 79
27 94
28 29
28 35
28 45
28 51
28 58
28 59
28 68
28 78
30 66
30 85
30 93
31 86
32 38
32 53
32 63
32 64
32 69
32 78
32 83
34 77
35 39
35 54
35 74
36 57
36 80
36 81
37 52
38 42
38 67
38 71
38 75
38 94
38 95
42 69
45 60
46 70
48 49
50 72
52 73
54 87
57 59
58 77
58 83
62 92
64 68
69 84
70 79
71 72
71 90
73 80
80 82
83 85
85 92
