0 2
0 5
0 8
0 11
0 13
0 16
0 17
0 22
0 25
0 27
0 29
0 30
0 31
0 39
0 41
0 42
0 45
0 47
0 48
0 49
0 50
0 53
0 54
0 56
1 5
1 7
1 8
1 15
1 17
1 20
1 27
1 29
1 30
1 33
1 39
1 42
1 43
1 47
1 49
1 50
2 7
2 11
2 12
2 14
2 19
2 24
2 25
2 27
2 29
2 36
2 38
2 39
2 53
2 55
3 4
3 8
3 10
3 11
3 17
3 19
3 22
3 25
3 29
3 34
3 35
3 36
3 38
3 42
3 43
3 47
3 51
3 52
3 53
4 5
4 8
4 10
4 11
4 12
4 17
4 21
4 26
4 30
4 32
4 36
4 37
4 39
4 40
4 46
4 47
5 8
5 10
5 17
5 20
5 21
5 23
5 24
5 29
5 31
5 35
5 40
5 41
5 43
5 45
5 48
5 52
5 53
6 7
6 9
6 10
6 17
6 18
6 26
6 30
6 33
6 35
6 37
6 40
6 41
6 43
6 47
6 52
6 55
7 8
7 10
7 17
7 20
7 21
7 24
7 26
7 30
7 31
7 35
7 36
7 37
7 40
7 41
7 47
7 49
7 51
7 52
7 54
8 13
8 16
8 20
8 21
8 26
8 27
8 29
8 35
8 36
8 38
8 41
8 42
8 44
8 50
8 52
9 12
9 13
9 16
9 18
9 20
9 22
9 24
9 28
9 30
9 33
9 35
9 37
9 44
9 48
9 51
9 52
9 53
10 12
10 17
10 24
10 25
10 27
10 28
10 29
10 32
10 40
10 43
10 45
10 47
10 48
10 49
10 50
10 55
11 14
11 25
11 27
11 29
11 30
11 31
11 35
11 41
11 50
11 54
11 55
12 13
12 14
12 17
12 20
12 22
12 23
12 26
12 31
12 34
12 37
12 39
12 43
12 45
12 47
12 48
12 54
12 56
13 14
13 15
13 16
13 19
13 26
13 31
13 38
13 41
13 42
13 43
13 46
13 47
13 48
13 51
13 54
14 17
14 18
14 20
14 21
14 22
14 24
14 28
14 29
14 30
14 32
14 33
14 42
14 50
14 52
14 53
14 55
15 21
15 23
15 24
15 25
15 26
15 27
15 29
15 35
15 38
15 40
15 41
15 42
15 46
15 47
15 52
16 19
16 21
16 22
16 25
16 26
16 27
16 29
16 32
16 34
16 37
16 39
16 42
16 47
16 48
16 50
16 52
16 53
16 55
17 18
17 19
17 25
17 26
17 27
17 28
17 29
17 35
17 39
17 40
17 46
17 49
17 50
17 51
17 53
18 20
18 22
18 23
18 24
18 25
18 26
18 29
18 30
18 33
18 34
18 35
18 36
18 42
18 49
18 52
19 21
19 25
19 26
19 31
19 34
19 35
19 47
19 48
19 50
19 51
19 52
19 53
20 21
20 23
20 24
20 29
20 32
20 36
20 39
20 40
20 43
20 44
20 45
20 49
20 54
21 24
21 27
21 29
21 30
21 33
21 35
21 39
21 42
21 50
21 53
22 23
22 24
22 25
22 30
22 32
22 33
22 35
22 37
22 38
22 43
22 52
22 55
23 26
23 29
23 34
23 36
23 43
23 47
23 48
23 51
23 53
23 54
23 55
24 25
24 28
24 30
24 31
24 35
24 38
24 39
24 43
24 44
24 45
24 47
24 50
24 53
25 27
25 29
25 32
25 33
25 35
25 36
25 37
25 39
25 44
25 47
25 53
25 54
25 55
26 29
26 32
26 36
26 37
26 43
26 45
26 47
26 51
26 53
26 54
26 56
27 29
27 33
27 35
27 36
27 38
27 39
27 42
27 47
27 48
28 33
28 34
28 35
28 52
28 54
29 32
29 33
29 43
29 45
29 46
29 50
29 54
29 56
30 34
30 36
30 38
30 43
30 44
30 46
30 47
30 48
30 49
31 33
31 36
31 37
31 42
31 44
31 45
31 48
31 49
31 50
31 54
31 55
32 33
32 37
32 39
32 41
32 43
32 44
32 47
32 48
32 50
32 52
32 53
32 55
33 35
33 39
33 40
33 43
33 44
33 46
33 47
33 50
33 52
33 54
34 41
34 42
34 43
34 44
34 45
34 48
34 49
34 50
34 52
35 41
35 44
35 48
35 51
36 37
36 42
36 43
36 45
36 50
36 51
36 53
36 54
36 55
36 56
37 45
37 46
37 52
37 53
37 56
38 39
38 42
38 43
38 53
38 54
38 56
39 40
39 41
39 44
39 45
39 47
39 48
39 50
39 53
39 55
39 56
40 41
40 43
40 44
40 45
40 47
40 49
40 51
40 53
40 54
41 42
41 43
41 45
41 51
41 52
42 46
42 52
43 44
43 46
43 48
43 49
43 50
43 51
43 52
43 53
43 54
44 48
44 49
44 56
45 47
45 52
45 54
46 51
46 53
47 48
47 49
47 50
48 53
48 56
49 52
49 54
50 52
50 54
50 56
51 52
51 53
51 54
52 53
53 56
54 55
