0 1
0 15
0 3
0 54
1 35
1 55
1 53
2 3
2 7
2 10
2 44
3 51
3 55
4 5
4 48
4 39
4 56
5 51
5 15
5 57
6 7
6 32
6 19
6 33
7 10
7 29
8 9
8 15
8 25
8 22
9 21
9 52
9 24
10 38
10 45
11 12
11 45
11 16
11 34
12 15
12 21
12 47
13 14
13 49
13 35
13 23
14 51
14 52
14 55
16 17
16 56
16 22
17 46
17 53
17 36
18 19
18 42
18 37
18 58
19 47
19 20
20 21
20 33
20 59
21 57
22 23
22 28
23 49
23 56
24 25
24 54
24 52
25 47
25 32
26 27
26 38
26 50
26 46
27 53
27 40
27 50
28 29
28 48
28 32
29 31
29 59
30 31
30 43
30 49
30 58
31 44
31 57
32 58
33 34
33 41
34 49
34 47
35 50
35 44
36 37
36 39
36 42
37 43
37 59
38 50
38 43
39 41
39 42
40 41
40 58
40 45
41 51
42 48
43 55
44 54
45 48
46 53
46 52
54 57
56 59
