0 1
0 47
0 54
0 49
1 26
1 41
1 48
2 3
2 33
2 10
2 44
3 8
3 34
3 46
4 5
4 45
4 59
4 21
5 27
5 11
5 40
6 7
6 55
6 57
6 24
7 11
7 32
7 57
8 18
8 22
8 25
9 10
9 12
9 39
9 22
10 14
10 29
11 12
11 21
12 55
12 53
13 14
13 32
13 56
13 55
14 22
14 19
15 16
15 42
15 48
15 33
16 35
16 25
16 46
17 18
17 23
17 20
17 58
18 56
18 19
19 20
19 59
20 30
20 26
21 22
21 35
23 32
23 51
23 37
24 25
24 51
24 54
25 35
26 30
26 29
27 58
27 50
27 38
28 29
28 47
28 42
28 58
29 53
30 31
30 56
31 48
31 52
31 36
32 37
33 34
33 50
34 42
34 52
35 58
36 37
36 53
36 55
37 44
38 39
38 43
38 50
39 43
39 57
40 41
40 57
40 50
41 46
41 52
42 56
43 54
43 59
44 45
44 49
45 51
45 53
46 59
47 51
47 52
48 49
49 54
