0 1
0 2
0 3
0 4
0 5
0 6
0 7
0 8
0 9
0 10
0 11
0 12
0 13
0 14
0 19
0 20
0 21
0 24
0 26
0 28
0 35
0 36
0 37
0 39
0 40
0 41
0 43
0 45
0 46
0 56
0 57
0 67
0 70
0 81
0 91
1 6
1 7
1 19
1 31
1 34
1 35
1 42
1 69
1 75
1 83
1 93
2 6
2 19
2 72
3 7
3 9
3 33
3 53
3 54
3 60
3 73
4 6
4 8
4 9
4 10
4 11
4 13
4 16
4 17
4 23
4 25
4 26
4 28
4 31
4 33
4 34
4 58
4 71
4 84
4 86
5 6
5 7
5 8
5 17
5 20
5 21
5 24
5 29
5 45
5 47
5 49
5 66
5 87
5 89
6 7
6 8
6 9
6 10
6 11
6 12
6 13
6 16
6 17
6 18
6 25
6 29
6 31
6 32
6 44
6 48
6 55
6 56
6 57
6 59
6 71
6 76
6 83
7 8
7 9
7 10
7 11
7 12
7 13
7 15
7 16
7 20
7 24
7 26
7 27
7 29
7 32
7 44
7 51
7 53
7 58
7 60
7 61
7 75
8 15
8 17
8 19
8 21
8 24
8 32
8 38
8 40
8 44
8 60
8 68
8 70
8 74
8 80
8 82
8 85
8 87
9 10
9 11
9 12
9 13
9 14
9 18
9 20
9 23
9 25
9 34
9 36
9 37
9 38
9 53
9 54
9 55
9 56
9 57
9 60
9 67
9 78
9 85
9 90
9 92
10 12
10 17
10 21
10 22
10 29
10 33
10 34
10 35
10 51
10 52
10 59
10 64
10 73
10 74
10 81
10 84
10 90
10 92
11 14
11 15
11 18
11 20
11 24
11 40
11 47
11 54
11 62
11 67
11 68
11 88
11 93
12 14
12 22
12 30
12 35
12 37
12 42
12 45
12 51
12 61
12 66
12 72
12 78
12 89
12 91
13 14
13 15
13 16
13 22
13 27
13 34
13 47
13 55
13 61
13 77
13 91
14 15
14 23
14 25
14 26
14 27
14 30
14 33
14 37
14 39
14 42
14 43
14 44
14 50
14 55
14 58
14 61
14 62
14 63
14 65
14 67
14 69
14 74
14 77
14 79
14 81
15 16
15 22
15 36
15 63
15 64
15 84
16 18
16 23
16 28
16 29
16 38
16 40
16 46
16 63
16 77
16 82
16 93
17 18
17 21
17 22
17 30
17 31
17 36
17 40
17 45
17 48
17 51
17 52
17 70
18 19
18 25
18 51
18 71
18 89
18 93
20 74
20 75
20 86
21 31
21 33
21 43
21 52
22 23
22 32
22 39
22 43
22 65
22 78
23 27
23 28
23 46
23 48
24 26
24 27
24 28
24 39
24 41
24 50
24 62
24 90
25 52
26 69
26 72
27 58
27 72
27 86
27 88
28 30
28 43
28 61
28 69
28 76
29 30
29 32
29 37
29 38
29 41
29 50
29 55
29 63
29 66
29 68
29 73
29 75
29 77
29 85
30 36
30 47
30 76
30 86
30 92
31 50
31 53
31 91
32 41
32 42
32 45
32 49
32 66
32 67
32 71
33 38
33 39
33 41
34 35
34 89
35 44
35 71
35 72
35 76
35 80
35 81
36 48
37 46
37 52
37 56
37 65
37 84
38 49
38 53
38 88
39 50
39 65
40 42
40 81
41 49
41 59
41 60
41 64
41 69
41 79
41 80
42 47
42 57
42 59
42 73
42 75
44 46
44 48
44 57
45 70
45 77
45 91
45 92
46 49
46 82
46 92
47 54
47 56
47 59
47 62
47 63
47 82
47 85
47 93
48 64
49 54
49 78
50 70
50 87
51 64
52 58
53 90
54 78
56 65
56 88
58 62
58 84
59 66
60 68
61 73
62 68
62 85
63 74
63 88
63 90
64 76
65 79
65 87
66 83
69 83
70 80
71 83
73 86
75 79
76 79
79 80
79 87
81 82
85 89
