0 1
0 2
0 3
0 4
0 5
0 6
0 7
0 8
0 9
0 10
0 11
0 12
0 13
0 14
0 15
0 16
0 17
0 18
0 19
0 20
0 21
0 22
0 24
0 25
0 26
0 27
0 31
0 32
0 33
0 34
0 35
0 38
0 41
0 42
0 44
0 47
0 51
0 52
0 54
0 57
0 58
0 59
0 61
1 11
1 12
1 13
1 14
1 17
1 18
1 25
1 26
1 35
1 40
1 45
1 47
1 53
1 58
1 59
2 11
2 13
2 20
2 21
2 24
2 27
2 37
3 11
3 12
3 13
3 14
3 15
3 16
3 20
3 21
3 28
3 30
3 32
3 33
3 37
3 45
3 48
3 49
3 51
3 57
3 58
4 11
4 12
4 13
4 15
4 16
4 17
4 18
4 19
4 22
4 26
4 28
4 31
4 38
4 44
4 47
4 49
5 11
5 12
5 16
5 18
5 19
5 20
5 21
5 23
5 28
5 40
5 48
5 50
5 57
6 11
6 12
6 14
6 15
6 16
6 17
6 24
6 27
6 30
6 31
6 35
6 36
6 38
6 41
6 43
6 47
6 48
6 49
6 53
6 54
7 12
7 13
7 14
7 17
7 21
7 28
7 38
7 52
7 60
7 62
8 11
8 12
8 13
8 14
8 15
8 23
8 24
8 25
8 28
8 29
8 39
8 53
9 11
9 12
9 13
9 14
9 15
9 17
9 20
9 25
9 27
9 31
9 34
9 40
9 49
9 53
9 55
9 61
10 11
10 14
10 19
10 21
10 22
10 25
10 29
10 30
10 32
10 34
10 35
10 39
10 55
11 12
11 13
11 14
11 15
11 16
11 17
11 19
11 20
11 21
11 22
11 23
11 26
11 35
11 36
11 37
11 39
11 40
11 42
11 46
11 48
11 49
11 53
11 55
11 56
11 57
12 13
12 15
12 16
12 17
12 18
12 19
12 20
12 22
12 23
12 24
12 25
12 29
12 32
12 33
12 34
12 37
12 38
12 40
12 43
12 58
12 62
13 14
13 15
13 16
13 17
13 18
13 21
13 23
13 24
13 25
13 26
13 31
13 34
13 36
13 37
13 38
13 39
13 41
13 42
13 43
13 45
13 49
13 50
13 52
13 60
14 15
14 16
14 18
14 19
14 22
14 27
14 32
14 34
14 46
14 51
14 55
14 60
14 62
15 16
15 17
15 18
15 19
15 21
15 23
15 24
15 27
15 28
15 30
15 34
15 36
15 37
15 38
15 39
15 44
15 49
15 51
15 53
15 55
15 59
15 60
16 18
16 20
16 22
16 23
16 24
16 26
16 28
16 30
16 32
16 33
16 36
16 44
16 47
16 50
16 53
17 18
17 19
17 20
17 21
17 22
17 23
17 24
17 26
17 27
17 31
17 33
17 34
17 36
17 37
17 39
17 41
17 42
17 48
17 51
17 53
17 54
17 56
17 58
17 59
17 61
18 19
18 23
18 28
18 31
18 36
18 48
18 50
18 59
18 60
19 20
19 25
19 26
19 27
19 29
19 30
19 35
19 36
19 40
19 41
19 43
19 48
19 51
19 61
20 22
20 24
20 29
20 39
20 41
20 44
20 57
20 60
21 22
21 25
21 29
21 30
21 34
21 35
21 36
21 37
21 44
21 46
21 52
21 55
21 60
22 23
22 25
22 26
22 46
22 49
22 54
22 62
23 27
23 28
23 29
23 30
23 31
23 40
23 43
24 29
24 30
24 32
24 33
24 35
24 41
24 42
24 47
24 48
24 52
24 56
24 58
24 59
25 26
25 28
25 29
25 32
25 33
25 35
25 44
25 54
26 27
26 31
26 32
26 33
26 39
26 40
26 42
26 43
26 44
26 45
26 46
26 47
26 49
26 54
26 55
26 56
26 58
27 38
27 41
27 58
28 29
28 40
28 44
28 45
28 54
29 30
29 31
29 33
29 42
29 50
29 56
30 32
30 40
30 45
30 46
30 47
30 50
30 51
30 52
30 54
30 57
30 59
30 62
31 33
31 34
31 39
31 44
31 47
31 48
31 50
31 56
31 62
32 35
32 36
32 37
32 39
32 41
32 43
32 45
32 46
32 52
32 54
32 56
32 60
34 45
34 59
34 61
35 37
35 38
35 42
35 43
35 45
35 48
35 49
35 50
36 43
36 56
36 57
37 38
37 43
37 46
37 61
38 42
38 45
38 50
38 55
38 58
38 62
39 41
39 42
39 47
39 51
39 56
40 46
40 61
41 51
41 58
44 46
44 54
45 50
45 52
46 51
46 55
47 52
47 53
47 57
47 62
48 52
48 57
48 59
48 60
49 55
50 61
51 53
51 57
52 60
52 61
53 62
55 56
55 61
55 62
56 59
