0 1
0 4
0 13
0 67
1 30
1 14
1 46
2 3
2 51
2 49
2 72
3 51
3 55
3 69
4 5
4 76
4 33
5 31
5 53
5 55
6 7
6 41
6 48
6 30
7 50
7 51
7 12
8 9
8 10
8 45
8 75
9 31
9 49
9 69
10 13
10 67
10 57
11 12
11 13
11 51
11 54
12 38
12 28
13 61
14 15
14 70
14 32
15 43
15 37
15 52
16 17
16 30
16 59
16 37
17 68
17 46
17 78
18 19
18 42
18 48
18 22
19 54
19 78
19 60
20 21
20 52
20 56
20 68
21 62
21 39
21 49
22 23
22 71
22 47
23 24
23 76
23 73
24 25
24 60
24 44
25 57
25 70
25 71
26 27
26 28
26 53
26 43
27 42
27 29
27 73
28 29
28 44
29 63
29 74
30 47
31 32
31 36
32 40
32 75
33 34
33 50
33 54
34 72
34 71
34 79
35 36
35 52
35 45
35 66
36 54
36 67
37 38
37 59
38 39
38 59
39 40
39 74
40 63
40 60
41 49
41 55
41 72
42 53
42 64
43 52
43 58
44 73
44 57
45 46
45 56
46 69
47 48
47 58
48 77
50 77
50 64
53 70
55 71
56 57
56 79
58 63
58 61
59 78
60 67
61 62
61 79
62 64
62 75
63 74
64 77
65 66
65 70
65 78
65 76
66 76
66 75
68 69
68 77
72 79
73 74
