0 1
0 12
0 22
0 25
1 65
1 61
1 58
2 3
2 18
2 8
2 63
3 30
3 10
3 62
4 5
4 6
4 54
4 51
5 39
5 36
5 67
6 7
6 21
6 38
7 23
7 36
7 64
8 9
8 33
8 57
9 35
9 69
9 36
10 11
10 47
10 42
11 29
11 37
11 69
12 13
12 53
12 50
13 46
13 48
13 34
14 15
14 20
14 63
14 53
15 41
15 63
15 66
16 17
16 32
16 64
16 21
17 29
17 35
17 41
18 19
18 45
18 27
19 45
19 61
19 44
20 22
20 65
20 40
21 26
21 48
22 42
22 37
23 61
23 68
23 64
24 25
24 26
24 34
24 60
25 53
25 60
26 62
26 46
27 28
27 35
27 57
28 60
28 51
28 55
29 38
29 55
30 38
30 52
30 54
31 32
31 47
31 44
31 66
32 58
32 61
33 47
33 63
33 55
34 35
34 50
36 43
37 40
37 53
38 56
39 43
39 49
39 67
40 41
40 69
41 67
42 52
42 46
43 65
43 68
44 45
44 65
45 49
46 59
47 48
48 54
49 58
49 56
50 64
50 66
51 52
51 59
52 67
54 55
56 57
56 62
57 59
58 66
59 60
62 68
68 69
