0 28
0 29
0 42
1 8
1 12
1 25
1 37
1 61
2 11
2 14
2 15
2 17
2 22
2 30
2 39
2 44
3 8
3 18
3 22
3 36
3 42
3 46
3 51
4 26
5 27
5 40
5 58
5 64
6 24
6 29
6 34
6 44
6 47
7 27
7 30
7 33
7 44
7 62
8 17
8 46
8 61
9 12
9 20
9 21
9 28
9 31
9 35
9 59
9 61
10 29
10 50
10 58
11 60
12 22
12 26
12 37
13 14
13 16
13 22
13 56
14 19
14 27
14 37
14 40
14 45
14 63
15 32
15 48
15 50
15 54
15 55
15 56
16 42
16 44
16 52
17 20
17 21
17 35
17 54
18 25
18 26
18 30
18 32
18 35
18 37
18 38
18 43
18 48
18 52
18 56
18 61
19 29
19 32
19 50
20 31
20 51
21 22
21 46
21 49
21 62
22 24
22 29
22 37
22 38
22 42
23 32
23 35
23 41
23 45
23 53
24 37
24 49
25 42
26 31
27 44
27 45
27 46
27 49
28 58
29 36
29 46
29 49
29 52
29 55
29 63
29 64
30 37
30 45
30 62
31 34
32 46
32 56
33 43
33 46
33 48
34 64
35 39
35 42
35 56
36 37
36 42
36 53
36 57
37 54
37 61
38 62
39 51
39 62
40 43
40 61
41 48
41 57
42 44
43 59
44 53
45 52
46 52
46 55
46 56
48 55
48 58
49 53
50 64
51 61
52 63
53 56
54 63
55 56
57 58
57 63
61 62
