0 1
0 2
0 3
0 4
0 9
0 23
0 27
0 39
0 44
0 46
0 48
0 61
0 67
0 70
0 81
0 90
1 3
1 5
1 6
1 11
1 14
1 30
1 40
1 54
1 60
1 76
2 20
2 98
3 4
3 5
3 8
3 15
3 16
3 22
3 23
3 25
3 30
3 34
3 35
3 42
3 43
3 45
3 49
3 50
3 57
3 60
3 62
3 69
3 79
3 107
4 6
4 7
4 8
4 10
4 12
4 13
4 15
4 16
4 17
4 19
4 25
4 27
4 29
4 31
4 33
4 38
4 41
4 63
4 64
4 66
4 68
4 74
4 78
4 85
4 94
4 95
4 97
4 100
5 7
5 14
5 18
5 35
5 53
5 58
5 73
6 9
6 10
6 12
6 28
6 53
6 65
6 77
7 19
8 21
8 36
8 40
8 51
8 91
9 11
9 13
9 22
9 26
11 26
11 49
12 37
12 93
13 18
14 17
14 32
14 33
14 59
15 29
15 67
15 76
15 99
16 21
16 31
16 56
16 63
16 82
16 88
16 91
16 93
16 96
16 102
17 24
17 36
17 50
17 90
17 106
18 41
18 96
19 20
19 101
19 108
20 32
20 52
20 57
20 72
20 87
21 55
23 24
23 55
23 56
23 59
23 68
24 28
24 37
25 46
25 72
25 80
25 103
27 38
28 34
28 52
29 39
30 45
30 47
30 62
30 89
31 47
31 65
31 71
32 51
32 58
32 95
32 102
34 42
34 85
34 94
35 83
35 104
37 43
37 77
37 87
38 44
38 69
38 108
39 48
43 81
45 66
46 61
46 88
48 54
48 80
48 86
49 97
51 75
51 86
51 99
52 73
52 106
53 64
53 71
53 103
55 100
56 70
56 75
59 74
60 82
60 89
64 83
64 107
69 84
70 79
70 104
75 78
75 101
77 92
80 92
83 84
84 105
90 98
90 105
