0 1
0 2
0 3
0 4
0 5
0 6
0 7
0 8
0 9
0 10
0 11
0 12
0 13
0 14
0 15
0 16
0 17
0 18
0 19
0 20
0 21
0 24
0 27
0 28
0 32
0 33
0 34
0 35
0 42
0 44
0 45
0 53
0 54
0 55
0 57
1 11
1 13
1 26
1 27
1 30
1 34
1 51
1 53
1 58
2 11
2 13
2 14
2 15
2 20
2 25
2 28
2 54
3 11
3 12
3 13
3 14
3 15
3 16
3 17
3 18
3 21
3 38
3 42
3 47
3 54
3 58
4 12
4 13
4 14
4 17
4 19
4 21
4 29
4 30
4 42
4 46
4 48
4 50
4 54
4 59
5 11
5 12
5 15
5 16
5 18
5 19
5 20
5 22
5 24
5 26
5 29
5 33
5 39
5 40
5 43
5 45
5 46
5 56
5 58
6 11
6 12
6 13
6 16
6 18
6 19
6 20
6 21
6 23
6 26
6 27
6 28
6 33
6 36
6 37
6 39
6 42
6 49
6 50
6 52
6 56
6 61
6 62
7 11
7 12
7 13
7 14
7 15
7 17
7 19
7 22
7 23
7 26
7 30
7 39
7 40
7 48
7 51
8 11
8 12
8 15
8 16
8 17
8 20
8 21
8 22
8 25
8 37
8 41
8 48
8 49
8 53
8 54
8 57
9 11
9 12
9 13
9 14
9 28
9 34
9 38
9 42
9 53
9 55
9 57
9 61
10 11
10 12
10 13
10 14
10 15
10 44
11 12
11 14
11 15
11 16
11 17
11 18
11 19
11 20
11 21
11 22
11 23
11 24
11 26
11 27
11 31
11 35
11 36
11 38
11 39
11 41
11 46
11 52
11 56
11 59
12 13
12 14
12 15
12 16
12 17
12 18
12 19
12 20
12 23
12 25
12 26
12 28
12 29
12 31
12 32
12 36
12 39
12 41
12 43
12 45
12 50
12 53
12 54
12 57
12 59
12 61
13 14
13 15
13 16
13 17
13 18
13 19
13 20
13 21
13 22
13 24
13 25
13 27
13 28
13 29
13 30
13 31
13 33
13 37
13 39
13 40
13 41
13 43
13 48
13 49
13 54
13 55
13 56
13 60
13 61
14 16
14 18
14 19
14 22
14 23
14 24
14 25
14 26
14 29
14 30
14 31
14 32
14 35
14 37
14 41
14 43
14 44
14 49
14 50
14 51
14 52
14 53
14 55
14 58
14 59
14 60
15 16
15 17
15 18
15 19
15 20
15 21
15 22
15 24
15 28
15 30
15 31
15 33
15 36
15 37
15 39
15 43
15 44
15 48
15 49
15 50
15 52
15 55
15 61
16 17
16 20
16 23
16 25
16 27
16 30
16 31
16 33
16 34
16 36
16 38
16 41
16 44
16 45
16 48
16 53
17 18
17 21
17 22
17 33
17 34
17 37
17 38
17 39
17 40
17 41
17 42
17 43
17 49
17 51
17 55
17 58
18 24
18 27
18 35
18 37
18 40
18 43
18 52
18 54
18 57
18 58
18 62
19 21
19 23
19 24
19 30
19 31
19 32
19 33
19 35
19 41
19 42
19 49
19 51
19 55
19 56
19 58
20 22
20 23
20 25
20 27
20 28
20 29
20 31
20 34
20 36
20 37
20 41
20 42
20 43
20 52
20 57
20 60
20 61
20 62
21 22
21 23
21 25
21 26
21 27
21 30
21 34
21 36
21 38
21 40
21 45
21 47
21 57
21 59
21 62
22 23
22 24
22 25
22 29
22 30
22 33
22 35
22 40
22 41
22 46
22 47
22 50
22 51
22 56
22 59
23 24
23 25
23 26
23 32
23 37
23 42
23 44
23 56
24 26
24 34
24 38
24 49
24 55
25 27
25 28
25 29
25 35
25 45
25 47
25 49
26 32
26 39
26 43
26 44
26 47
26 48
26 56
26 62
27 28
27 29
27 31
27 32
27 35
27 38
27 40
27 49
27 51
27 54
27 59
27 62
28 29
28 32
28 35
28 36
28 38
28 45
28 52
28 60
29 35
29 37
29 45
29 46
29 47
29 60
30 31
30 32
30 34
30 39
30 40
30 44
30 45
30 47
30 51
30 52
30 53
30 56
30 57
30 60
30 61
31 32
31 33
31 36
31 53
32 36
32 46
32 51
33 34
33 40
34 46
34 50
34 61
35 44
35 46
35 60
36 46
36 47
36 48
36 52
37 38
37 42
37 43
37 45
37 54
37 55
38 58
39 44
40 47
41 57
42 46
42 47
42 56
43 48
43 57
43 61
45 50
45 52
45 58
46 48
47 50
47 53
48 51
48 59
48 62
49 50
49 58
49 60
50 62
51 61
53 59
54 55
54 60
55 60
56 62
57 59
61 62
