0 1
0 47
0 13
0 27
1 19
1 33
1 7
2 3
2 32
2 8
2 38
3 24
3 64
3 49
4 5
4 11
4 21
4 36
5 46
5 54
5 13
6 7
6 46
6 68
6 42
7 34
7 62
8 9
8 49
8 66
9 29
9 22
9 63
10 11
10 14
10 35
10 18
11 64
11 31
12 13
12 41
12 15
12 21
13 25
14 26
14 62
14 60
15 16
15 31
15 56
16 42
16 62
16 65
17 18
17 43
17 39
17 69
18 19
18 38
19 20
19 55
20 44
20 50
20 61
21 22
21 39
22 47
22 60
23 24
23 36
23 50
23 43
24 45
24 68
25 51
25 65
25 54
26 48
26 59
26 47
27 28
27 34
27 51
28 48
28 66
28 61
29 60
29 67
29 59
30 31
30 37
30 67
30 41
31 58
32 64
32 60
32 67
33 53
33 52
33 45
34 35
34 61
35 52
35 41
36 37
36 38
37 45
37 63
38 59
39 40
39 51
40 45
40 53
40 57
41 66
42 69
42 59
43 44
43 62
44 48
44 69
46 68
46 61
47 56
48 53
49 50
49 63
50 69
51 52
52 55
53 56
54 55
54 58
55 56
57 58
57 63
57 65
58 66
64 65
67 68
