0 1
0 2
0 3
0 4
0 6
0 11
0 12
0 13
0 23
0 24
0 28
0 37
0 51
0 54
0 68
0 69
0 86
0 94
2 3
2 4
2 7
2 9
2 14
2 19
2 21
2 40
2 56
3 5
3 7
3 8
3 9
3 10
3 18
3 19
3 20
3 21
3 29
3 31
3 32
3 33
3 35
3 47
3 48
3 53
3 55
3 57
3 58
3 71
3 72
3 78
3 80
3 92
3 96
4 5
4 25
4 56
4 78
4 86
4 91
5 6
5 8
5 12
5 20
5 26
5 28
5 44
5 76
5 79
5 81
5 85
6 11
6 17
6 25
6 36
6 39
7 10
7 27
7 38
7 39
7 40
7 44
8 46
8 96
9 16
9 22
9 42
9 50
9 74
9 90
10 31
10 33
10 42
10 55
10 60
10 61
10 66
10 77
10 80
10 82
10 83
11 15
11 22
12 13
12 18
13 14
13 15
13 16
13 17
13 24
13 27
13 29
13 30
13 37
13 58
13 75
13 77
13 87
13 89
13 93
13 95
14 67
14 72
16 47
17 76
18 30
18 41
18 43
18 50
18 51
18 88
18 91
18 94
20 23
20 34
20 85
20 87
21 66
22 49
22 69
23 35
25 26
25 43
25 45
25 46
25 61
26 60
28 32
28 64
28 83
28 93
29 70
29 84
31 36
31 41
31 52
31 59
31 84
32 34
32 89
33 57
35 95
36 64
37 38
37 49
37 68
37 73
39 65
41 48
42 45
42 52
43 54
44 62
44 79
46 53
46 63
47 74
47 81
47 92
49 62
49 65
52 75
55 97
58 59
58 70
58 71
58 88
62 63
64 67
71 73
72 82
86 90
96 97
