0 1
0 2
0 3
0 4
0 5
0 6
0 7
0 8
0 9
0 10
0 11
0 12
0 13
0 14
0 15
0 16
0 17
0 18
0 19
0 20
0 21
0 22
0 24
0 25
0 26
0 29
0 30
0 31
0 32
0 36
0 37
0 38
0 39
0 40
0 42
0 43
0 45
0 46
0 48
0 54
0 57
0 58
0 60
0 61
0 64
1 11
1 12
1 14
1 15
1 17
1 18
1 19
1 21
1 23
1 25
1 26
1 27
1 32
1 42
1 45
1 51
1 54
1 57
1 58
1 60
1 68
2 11
2 21
2 22
2 34
2 57
2 62
2 68
3 12
3 13
3 14
3 15
3 17
3 18
3 19
3 20
3 22
3 23
3 24
3 26
3 28
3 29
3 34
3 35
3 41
3 44
3 45
3 52
3 53
3 55
3 59
3 60
3 64
3 66
4 11
4 12
4 13
4 14
4 15
4 16
4 17
4 18
4 19
4 23
4 26
4 27
4 31
4 33
4 34
4 36
4 37
4 43
4 44
4 50
4 68
5 11
5 12
5 13
5 14
5 19
5 22
5 25
5 27
5 28
5 30
5 36
5 38
5 45
5 46
5 49
5 50
5 54
5 56
5 58
5 62
6 11
6 12
6 13
6 14
6 18
6 20
6 21
6 24
6 31
6 32
6 37
6 38
6 39
6 40
6 42
7 11
7 12
7 13
7 15
7 19
7 23
7 27
7 35
7 49
7 53
7 59
8 11
8 12
8 13
8 16
8 17
8 19
8 20
8 22
8 25
8 28
8 29
8 33
8 34
8 37
8 40
8 43
8 46
8 52
8 55
8 67
9 11
9 13
9 14
9 15
9 16
9 20
9 24
9 28
9 30
9 46
9 50
9 58
9 67
10 11
10 12
10 14
10 16
10 20
10 22
10 23
10 31
10 39
10 64
11 12
11 13
11 14
11 15
11 16
11 17
11 18
11 19
11 21
11 22
11 23
11 24
11 25
11 31
11 33
11 36
11 37
11 42
11 45
11 47
11 50
11 53
11 55
11 57
11 60
11 61
11 62
11 65
11 66
12 13
12 15
12 16
12 17
12 20
12 21
12 22
12 26
12 27
12 28
12 31
12 48
12 56
12 66
13 14
13 15
13 16
13 17
13 18
13 19
13 23
13 25
13 31
13 33
13 34
13 47
13 48
13 50
13 53
13 59
13 61
13 63
14 15
14 16
14 17
14 18
14 20
14 24
14 26
14 27
14 28
14 29
14 30
14 33
14 35
14 38
14 39
14 40
14 43
14 47
14 49
14 52
14 55
14 56
14 57
14 58
14 64
15 16
15 17
15 18
15 21
15 23
15 24
15 29
15 33
15 36
15 40
15 43
15 44
15 45
15 46
15 48
15 56
16 19
16 20
16 21
16 25
16 26
16 32
16 34
16 58
16 65
16 67
17 18
17 28
17 29
17 30
17 32
17 34
17 37
17 41
17 46
17 47
17 51
17 55
17 62
18 21
18 24
18 26
18 27
18 29
18 31
18 36
18 37
18 38
18 41
18 53
18 61
18 65
18 67
18 68
19 20
19 22
19 23
19 25
19 26
19 28
19 30
19 32
19 33
19 35
19 36
19 38
19 39
19 40
19 42
19 44
19 48
19 49
19 50
19 51
19 56
20 21
20 24
20 33
20 34
20 35
20 36
20 38
20 40
20 41
20 44
20 49
20 50
20 52
20 58
20 65
21 22
21 27
21 29
21 30
21 35
21 39
21 44
21 45
21 47
21 48
21 63
21 68
22 23
22 24
22 30
22 31
22 37
22 42
22 44
22 50
22 55
22 56
22 60
22 62
23 25
23 27
23 30
23 36
23 38
23 60
23 64
23 68
24 25
24 28
24 29
24 30
24 32
24 35
24 39
24 41
24 42
24 56
24 61
25 26
25 31
25 32
25 44
25 48
25 49
25 52
25 54
25 57
25 62
25 68
26 27
26 29
26 33
26 34
26 35
26 37
26 43
26 46
26 55
26 57
26 61
26 63
26 64
26 66
27 28
27 40
27 41
27 43
27 47
27 51
27 53
27 54
27 58
27 60
28 32
28 33
28 39
28 40
28 45
28 63
28 67
29 34
29 51
29 52
29 54
29 59
30 41
30 42
30 47
30 49
30 51
30 52
30 68
31 32
31 51
31 52
31 54
31 61
32 35
32 38
32 39
32 46
32 59
32 63
33 35
33 37
33 41
33 42
33 59
33 68
34 36
34 38
34 55
34 66
35 43
35 44
35 48
35 53
35 59
35 62
36 45
36 46
36 66
36 67
37 40
37 41
37 43
37 44
37 45
37 47
37 49
37 54
37 55
38 39
38 59
38 65
39 41
39 47
39 56
39 60
40 42
40 43
40 51
40 57
40 61
40 63
40 66
40 68
41 52
41 54
42 47
42 49
42 52
43 46
43 51
44 50
44 53
44 58
44 63
44 65
45 48
45 51
45 53
45 59
45 60
45 62
46 48
46 56
46 61
46 66
46 67
47 64
47 65
48 49
48 54
48 55
48 63
49 50
49 57
49 58
49 62
50 53
52 56
52 65
53 57
53 60
53 61
54 64
54 65
55 63
55 67
57 59
58 65
58 66
58 67
59 62
60 63
60 64
61 66
63 64
65 67
