0 42
0 45
0 50
0 62
1 9
1 18
1 22
1 57
1 60
2 9
2 19
2 22
2 24
2 60
2 67
3 11
3 15
3 18
3 37
3 48
3 51
3 53
3 55
3 57
3 62
3 67
3 68
4 23
4 27
4 38
4 39
4 43
4 45
4 49
4 56
4 70
4 71
5 6
5 27
5 37
5 40
5 46
5 48
5 50
5 64
5 71
6 15
6 23
6 24
6 33
6 41
6 44
6 48
6 55
6 67
6 70
7 11
7 12
7 27
7 43
7 50
7 64
8 10
8 44
8 53
8 57
8 58
9 11
9 18
9 21
9 36
9 62
9 63
10 29
10 38
10 52
10 68
11 13
11 15
11 56
11 68
11 70
12 16
12 27
12 30
12 34
12 35
12 41
12 43
12 52
13 18
13 23
13 25
13 29
13 31
13 40
13 42
13 49
13 60
14 26
14 71
15 18
15 29
15 52
15 56
16 21
16 67
17 25
17 30
17 38
17 64
17 71
18 22
18 24
18 38
18 41
18 55
20 33
20 36
20 50
20 59
20 63
21 32
21 51
21 60
21 61
22 28
22 30
22 63
22 66
22 69
23 51
23 63
23 66
24 25
24 28
24 42
24 45
24 58
25 36
25 39
25 54
25 71
26 39
26 43
26 61
27 30
27 55
27 69
28 40
28 43
29 32
29 38
29 67
29 69
30 34
31 35
31 36
31 45
31 48
31 63
31 66
31 67
31 71
32 34
32 43
32 47
32 50
32 64
33 35
33 53
33 65
34 40
34 58
34 60
35 52
35 62
35 70
36 41
36 58
37 45
37 49
37 52
37 61
37 64
38 64
38 65
39 49
39 55
39 59
40 52
40 59
40 63
42 45
42 49
42 55
42 69
43 48
43 50
44 56
44 64
45 49
45 54
46 47
46 60
46 65
47 63
48 56
48 67
48 69
49 63
50 51
50 59
50 61
53 57
53 62
53 70
55 56
56 69
57 69
57 71
58 60
58 67
58 71
60 69
61 64
63 65
63 70
64 68
65 66
67 70
68 70
68 71
69 70
