0 1
0 2
0 3
0 4
0 5
0 6
0 7
0 8
0 9
0 10
0 12
0 13
0 16
0 18
0 19
0 20
0 21
0 22
0 24
0 26
0 28
0 31
0 42
0 48
0 51
0 55
0 63
0 72
0 77
1 6
1 7
1 8
1 9
1 10
1 14
1 18
1 20
1 24
1 25
1 28
1 33
1 34
1 35
1 37
1 38
1 42
1 46
1 51
1 53
1 60
1 69
1 78
2 7
2 16
3 6
3 7
3 9
3 11
3 30
3 38
3 80
3 82
4 6
4 10
4 15
4 39
4 45
4 88
5 6
5 8
5 11
5 12
5 17
5 20
5 24
5 34
5 35
5 36
5 48
5 50
5 52
5 53
5 67
5 74
5 75
6 7
6 8
6 9
6 11
6 13
6 15
6 17
6 19
6 25
6 26
6 33
6 38
6 39
6 45
6 47
6 54
6 57
6 59
6 60
6 67
6 74
6 81
7 8
7 10
7 11
7 12
7 14
7 16
7 17
7 18
7 19
7 23
7 25
7 26
7 27
7 29
7 30
7 37
7 41
7 50
7 52
7 54
7 55
7 61
7 62
7 69
7 72
7 75
7 79
8 9
8 10
8 12
8 13
8 15
8 16
8 17
8 22
8 24
8 26
8 30
8 39
8 41
8 43
8 48
8 57
8 63
8 67
8 70
8 71
8 77
8 79
8 84
9 12
9 14
9 16
9 19
9 21
9 28
9 37
9 41
9 51
9 58
9 61
9 62
9 65
9 66
9 70
9 73
9 76
9 77
10 11
10 13
10 14
10 15
10 17
10 19
10 21
10 23
10 25
10 26
10 31
10 32
10 36
10 42
10 43
10 46
10 47
10 59
10 67
10 74
10 76
10 81
11 13
11 14
11 21
11 22
11 31
11 43
11 44
11 58
11 62
11 65
11 68
11 83
11 84
12 15
12 18
12 21
12 22
12 32
12 34
12 35
12 59
12 68
12 85
13 20
13 23
13 27
13 33
13 37
13 38
13 42
13 44
13 54
13 56
13 64
13 70
13 78
13 81
13 85
14 30
14 36
14 39
14 57
14 76
14 87
15 28
15 29
15 40
15 44
15 52
15 60
15 62
15 63
15 71
15 80
16 27
16 29
16 32
16 40
16 58
16 64
17 18
17 49
17 55
17 68
18 20
18 22
18 64
18 67
18 88
19 23
19 40
19 51
20 31
20 37
20 44
20 46
20 69
21 23
21 24
21 27
21 33
21 34
21 36
21 42
21 50
21 53
21 61
21 66
21 70
21 78
21 84
21 87
22 29
22 36
22 45
22 52
22 81
22 86
23 25
23 41
23 45
23 49
23 57
23 74
23 79
24 29
24 34
24 35
24 39
24 43
24 44
24 46
24 49
24 50
24 56
24 63
24 73
24 74
24 75
24 88
25 27
25 32
25 35
25 73
26 28
26 30
26 32
26 43
26 47
26 56
26 80
26 82
27 48
27 76
27 82
28 50
28 72
28 80
29 57
29 65
29 77
30 31
30 46
30 54
30 61
30 64
30 73
30 86
31 40
31 41
31 49
31 53
32 33
32 58
32 69
33 66
33 83
34 58
35 38
35 45
35 49
35 68
35 85
35 87
36 55
36 72
38 40
38 47
38 56
38 84
39 75
40 52
40 62
40 65
41 47
41 48
41 69
41 80
42 51
42 55
42 59
42 84
43 73
44 71
44 82
44 87
45 53
45 63
45 66
45 72
45 83
45 86
46 60
47 77
48 54
48 79
49 66
49 85
51 56
51 82
52 64
54 65
55 59
56 60
56 61
56 79
58 71
59 68
59 70
59 86
62 78
68 78
68 83
69 87
70 71
71 81
71 83
73 76
73 88
74 75
77 86
83 85
83 88
