0 1
0 2
0 3
0 5
0 6
0 8
0 11
0 13
0 23
0 28
0 34
0 35
0 38
0 49
0 68
0 70
0 77
1 4
1 9
1 10
1 14
1 15
1 29
1 30
1 33
1 49
1 53
1 57
1 67
1 77
1 81
2 3
2 4
2 17
2 18
2 48
2 53
2 58
2 59
2 65
2 66
3 5
3 6
3 7
3 9
3 10
3 12
3 13
3 16
3 19
3 20
3 21
3 22
3 23
3 24
3 31
3 36
3 37
3 50
3 54
3 63
3 64
3 86
4 8
4 56
5 7
5 12
5 26
5 40
5 44
5 54
6 28
6 45
6 57
7 52
7 79
8 11
8 21
8 25
8 39
8 43
8 69
9 18
9 22
9 27
9 85
10 31
10 47
11 14
11 15
11 27
11 30
11 39
11 62
11 80
12 16
12 42
12 78
13 40
14 19
14 20
14 24
14 25
14 75
15 17
15 42
15 61
15 65
17 48
17 73
18 29
18 34
19 32
20 32
20 41
20 80
21 84
23 26
23 36
23 41
23 52
23 66
23 72
25 33
25 51
26 47
28 38
28 45
28 55
28 83
30 51
31 43
31 50
32 61
32 69
33 35
33 73
33 81
35 37
35 46
37 44
37 46
37 60
37 85
39 59
39 84
40 55
40 56
42 76
44 60
44 63
44 64
44 67
47 72
50 58
50 70
50 71
50 86
52 68
54 78
57 62
57 76
57 83
61 71
61 75
65 74
65 79
67 74
72 82
76 82
