0 1
0 2
0 3
0 4
0 5
0 6
0 7
0 9
0 10
0 11
0 12
0 19
0 23
0 24
0 33
0 34
0 39
0 42
0 45
0 49
0 55
0 56
0 61
0 62
0 64
0 68
0 79
0 94
1 6
1 7
1 9
1 11
1 15
1 17
1 21
1 23
1 25
1 26
1 28
1 29
1 36
1 50
1 59
2 6
2 14
2 15
2 16
2 18
2 40
2 47
2 55
2 60
2 87
2 93
3 6
3 7
3 8
3 13
3 15
3 17
3 19
3 23
3 27
3 36
3 48
3 57
3 63
3 79
3 87
3 88
3 90
3 94
4 6
4 8
4 9
4 13
4 14
4 16
4 17
4 21
4 24
4 50
4 67
4 69
4 86
5 7
5 8
5 10
6 7
6 8
6 10
6 11
6 16
6 19
6 22
6 23
6 25
6 27
6 29
6 33
6 38
6 40
6 42
6 47
6 50
6 52
6 57
6 58
6 66
6 70
6 84
6 86
6 91
6 92
6 93
7 8
7 9
7 10
7 12
7 15
7 16
7 18
7 24
7 27
7 46
7 48
7 49
7 53
7 63
7 64
7 67
7 82
7 87
7 88
7 92
8 9
8 11
8 12
8 24
8 25
8 51
9 10
9 12
9 13
9 14
9 15
9 18
9 22
9 23
9 28
9 34
9 36
9 48
9 54
9 72
9 73
9 76
9 81
10 11
10 14
10 18
10 25
10 29
10 30
10 32
10 35
10 36
10 37
10 43
10 45
10 46
10 54
10 66
10 71
10 80
10 85
10 86
10 90
10 93
11 12
11 13
11 17
11 18
11 21
11 28
11 32
11 36
11 38
11 39
11 41
11 52
11 60
11 67
11 78
11 84
11 89
12 13
12 14
12 17
12 20
12 22
12 26
12 33
12 35
12 37
12 39
12 41
12 43
12 44
12 46
12 51
12 54
12 60
12 69
12 74
12 84
12 91
13 20
13 27
13 29
13 30
13 32
13 34
13 35
13 43
13 52
13 57
13 58
13 71
13 81
14 16
14 20
14 49
14 52
14 61
14 75
14 78
14 91
15 19
15 26
15 27
15 30
15 38
15 59
16 20
16 21
16 22
16 32
16 40
16 41
16 44
16 45
16 50
16 57
16 70
16 73
16 83
16 84
17 19
17 20
17 25
17 40
17 62
17 65
17 89
18 21
18 26
18 30
18 72
19 33
19 34
19 35
19 43
19 56
19 59
19 60
19 67
19 71
19 74
19 79
19 89
20 22
20 26
20 32
20 35
20 46
20 56
20 65
20 81
20 88
20 89
21 28
21 30
21 31
21 34
21 37
21 42
21 44
21 48
21 51
21 58
21 66
21 68
21 70
21 72
21 75
21 76
21 77
21 80
22 24
22 31
22 38
22 53
22 56
22 61
22 87
23 28
23 31
23 37
23 41
23 52
23 55
23 63
23 64
23 75
23 76
23 78
24 55
24 66
24 75
24 77
24 89
25 29
25 40
25 47
26 55
26 67
27 31
27 37
27 39
27 44
27 47
27 51
27 56
27 58
27 61
27 64
27 81
27 83
27 88
29 31
29 33
29 45
29 69
30 41
30 42
30 45
30 73
30 94
31 49
31 65
31 70
31 74
32 39
32 42
32 43
32 50
32 53
32 61
32 72
32 77
32 78
32 85
32 94
33 38
33 44
33 62
33 76
33 79
33 88
34 49
34 58
34 62
34 64
34 74
34 79
34 82
34 92
35 53
35 63
35 65
35 77
36 47
36 80
36 85
37 48
37 71
39 46
39 51
39 80
40 85
40 91
41 54
41 68
41 72
41 73
46 60
47 57
47 66
47 73
47 84
47 91
48 54
48 90
49 69
51 53
51 65
53 59
53 69
53 75
54 80
54 92
55 63
56 81
57 74
57 93
58 59
58 82
58 83
58 86
59 78
60 76
60 77
61 62
62 68
63 70
64 68
64 71
65 94
67 82
72 93
75 82
75 85
75 90
76 83
77 83
77 86
77 87
77 90
82 92
