0 1
0 2
0 3
0 4
0 5
0 6
0 7
0 8
0 9
0 10
0 11
0 13
0 15
0 16
0 21
0 22
0 27
0 31
0 34
0 35
0 36
0 38
0 45
0 51
0 54
0 57
0 63
0 65
0 72
0 80
0 83
0 84
0 86
0 87
0 91
1 6
1 7
1 8
1 9
1 10
1 12
1 15
1 16
1 17
1 18
1 24
1 25
1 26
1 32
1 44
1 51
1 60
1 62
1 68
1 69
1 74
1 75
1 78
1 82
1 89
1 90
1 98
2 6
2 7
2 11
2 12
2 16
2 17
2 25
2 27
2 32
2 47
2 49
2 52
2 55
2 56
2 62
2 65
2 68
2 83
2 89
2 94
2 98
3 6
3 7
3 14
3 34
3 39
3 42
4 8
4 15
4 18
4 31
4 54
4 72
5 6
5 8
5 9
5 11
5 12
5 14
5 20
5 21
5 23
5 24
5 29
5 33
5 42
5 47
5 50
5 51
5 55
5 59
5 71
5 83
5 85
5 89
6 7
6 8
6 9
6 10
6 11
6 12
6 13
6 14
6 15
6 16
6 19
6 20
6 22
6 25
6 28
6 32
6 33
6 34
6 35
6 37
6 38
6 42
6 43
6 44
6 46
6 47
6 50
6 51
6 52
6 55
6 56
6 60
6 62
6 63
6 68
6 74
6 79
6 87
6 90
6 91
7 9
7 11
7 13
7 14
7 16
7 18
7 23
7 29
7 30
7 32
7 42
7 43
7 46
7 49
7 64
7 86
7 93
7 97
8 10
8 19
8 26
8 27
8 30
8 32
8 53
8 61
8 71
8 89
9 10
9 12
9 14
9 21
9 24
9 29
9 33
9 36
9 40
9 55
9 58
9 68
9 74
9 97
10 15
10 18
10 39
10 58
10 61
10 73
10 74
10 90
10 95
11 13
11 22
11 29
11 31
11 42
11 60
11 61
11 65
11 67
11 73
11 94
12 13
12 17
12 18
12 25
12 54
12 67
12 81
12 84
12 87
13 17
13 22
13 23
13 28
13 30
13 31
13 37
13 38
13 39
13 40
13 41
13 53
13 57
13 59
13 66
13 67
13 89
14 17
14 19
14 20
14 23
14 26
14 33
14 35
14 36
14 39
14 40
14 43
14 44
14 50
14 51
14 59
14 60
14 62
14 63
14 64
14 70
14 77
14 92
15 20
15 22
15 23
15 28
15 38
15 45
15 65
15 79
16 21
16 29
16 30
16 37
16 43
16 48
16 52
16 57
16 58
16 67
16 81
16 84
16 96
17 19
17 27
17 36
17 37
17 45
17 53
17 59
17 66
18 19
18 20
18 25
19 24
19 70
19 73
19 75
19 76
19 80
19 82
19 85
19 95
19 96
19 98
20 21
20 27
20 36
20 44
20 54
20 79
20 87
21 30
21 31
21 47
21 49
21 54
21 78
21 94
22 26
22 87
22 88
22 93
23 24
23 26
23 35
23 37
23 48
23 56
23 74
23 83
23 95
24 34
24 65
24 66
24 85
24 95
24 97
25 28
25 47
25 75
26 46
26 50
26 52
26 53
26 56
26 57
26 81
26 91
27 28
27 33
27 35
27 50
27 80
28 34
28 48
28 62
28 80
29 55
29 68
29 92
29 98
30 39
30 41
30 46
30 57
31 43
31 48
31 82
31 88
31 90
33 40
33 41
33 45
34 72
34 85
35 41
35 61
35 78
36 69
36 70
36 71
36 97
37 38
37 46
37 96
38 40
38 64
38 71
38 77
38 78
38 82
39 41
39 44
39 45
39 48
39 58
39 64
39 72
39 73
39 75
39 77
39 88
39 91
41 49
41 61
41 70
41 84
41 86
41 95
42 52
42 72
42 92
43 49
43 60
43 90
43 96
45 56
45 83
45 86
47 78
48 63
48 97
49 58
49 69
50 59
50 67
51 53
51 79
51 92
52 63
52 76
52 81
53 76
55 79
56 73
57 64
57 69
58 93
59 96
59 98
61 84
61 88
62 77
63 66
63 76
64 69
64 70
64 86
65 66
66 71
68 81
68 94
69 85
70 75
72 93
75 76
75 77
75 80
77 94
78 88
80 82
85 91
86 93
87 92
