0 1
0 2
0 3
0 4
0 5
0 6
0 7
0 9
0 10
0 11
0 12
0 13
0 14
0 15
0 16
0 17
0 20
0 23
0 26
0 27
0 30
0 31
0 32
0 35
0 37
0 41
0 42
0 43
0 44
0 45
0 47
0 55
0 58
0 59
0 62
0 64
0 66
0 68
0 72
0 74
0 76
0 79
0 82
0 84
0 87
0 90
0 91
0 92
1 6
1 7
1 10
1 12
1 15
1 20
1 24
1 31
1 36
1 40
1 42
1 46
1 47
1 55
1 58
1 60
1 66
1 67
1 71
1 73
1 93
2 6
2 7
2 11
2 12
2 13
2 18
2 22
2 56
2 62
2 75
2 76
3 6
3 7
3 8
3 9
3 14
3 18
3 20
3 21
3 22
3 25
3 27
3 28
3 38
3 41
3 43
3 46
3 53
3 56
3 63
3 65
3 75
3 77
4 6
4 7
4 8
4 21
4 28
4 65
4 74
5 8
5 9
5 33
5 41
5 88
6 8
6 9
6 10
6 11
6 12
6 14
6 16
6 17
6 19
6 22
6 23
6 24
6 25
6 31
6 32
6 33
6 35
6 37
6 41
6 42
6 43
6 44
6 47
6 49
6 50
6 51
6 56
6 58
6 60
6 61
6 81
6 85
6 86
6 87
6 88
6 89
6 90
6 91
6 92
7 8
7 9
7 11
7 13
7 14
7 17
7 21
7 23
7 26
7 54
7 55
7 64
7 67
7 70
7 71
7 72
7 76
7 80
7 83
7 86
8 10
8 11
8 14
8 20
8 21
8 23
8 25
8 29
8 33
8 34
8 39
8 40
8 45
8 47
8 48
8 52
8 54
8 59
8 67
8 70
8 71
8 74
8 84
8 85
8 93
9 10
9 12
9 16
9 18
9 19
9 22
9 27
9 33
9 34
9 46
9 52
9 54
9 58
9 59
9 62
9 64
9 68
9 69
9 84
9 85
9 87
9 90
10 13
10 15
10 17
10 18
10 29
10 30
10 32
10 34
10 40
10 44
10 47
10 57
10 81
10 85
10 89
11 13
11 16
11 19
11 22
11 30
11 38
11 51
11 55
11 57
11 65
11 66
11 67
11 69
11 75
11 81
11 87
12 15
12 16
12 18
12 27
12 31
12 35
12 59
12 68
12 76
13 29
13 36
13 42
13 51
13 58
13 68
13 72
13 80
13 88
14 15
14 17
14 19
14 24
14 26
14 31
14 36
14 37
14 41
14 45
14 60
14 63
14 78
14 82
14 84
15 24
15 25
15 38
15 44
15 48
15 50
15 52
15 64
15 65
15 78
15 80
15 84
15 91
15 92
16 21
16 26
16 49
16 78
16 93
17 23
17 24
17 36
17 42
17 45
17 57
17 70
17 72
18 19
18 29
18 33
18 39
18 52
18 83
19 20
19 28
19 50
19 88
20 28
20 29
20 37
20 61
20 80
20 87
21 27
21 32
21 44
21 48
21 77
21 81
21 83
21 86
22 25
22 34
22 36
22 53
22 57
22 83
23 30
23 32
23 35
23 74
24 40
24 49
24 66
24 92
25 26
25 43
25 82
26 28
26 39
26 40
26 45
26 53
26 56
26 61
26 77
26 88
26 89
27 38
27 64
28 30
28 35
28 48
29 34
29 38
29 57
29 72
29 75
29 85
30 55
31 50
31 67
32 69
32 90
33 49
33 51
33 52
33 73
34 37
35 39
35 43
35 50
35 61
35 63
36 39
36 79
36 89
37 70
37 73
38 46
38 59
38 68
38 92
39 53
39 60
39 78
41 48
41 51
42 66
42 90
43 54
43 69
44 46
45 49
45 61
45 82
45 89
46 54
46 74
47 60
49 65
49 79
50 53
50 71
50 91
51 63
52 77
53 73
53 86
54 78
55 56
55 62
55 63
55 76
55 93
56 80
57 79
57 82
61 62
64 70
64 71
65 93
67 69
68 81
72 73
72 75
72 83
72 86
73 77
77 79
79 91
