0 1
0 2
0 3
0 4
0 5
0 6
0 7
0 8
0 9
0 10
0 11
0 12
0 13
0 14
0 15
0 16
0 17
0 18
0 19
0 20
0 21
0 22
0 23
0 24
0 26
0 27
0 28
0 29
0 30
0 32
0 35
0 38
0 39
0 40
0 41
0 42
0 43
0 53
0 55
0 57
0 60
0 62
0 63
0 64
1 11
1 12
1 13
1 15
1 16
1 17
1 20
1 22
1 24
1 25
1 28
1 40
1 41
1 45
1 46
1 49
1 51
1 52
1 63
2 29
3 11
3 12
3 13
3 14
3 16
3 20
3 21
3 25
3 28
3 30
3 35
3 37
3 38
3 39
3 41
3 42
3 48
3 51
3 55
3 58
3 61
4 11
4 12
4 13
4 14
4 16
4 19
4 21
4 23
4 24
4 35
4 36
4 42
4 45
4 61
4 62
5 11
5 12
5 13
5 14
5 15
5 18
5 20
5 21
5 25
5 27
5 29
5 32
5 34
5 36
5 38
5 39
5 56
5 59
5 64
6 11
6 12
6 13
6 14
6 15
6 17
6 18
6 19
6 23
6 42
6 43
6 44
6 46
6 51
6 56
6 57
7 11
7 14
7 21
7 26
7 45
7 51
7 59
8 11
8 12
8 13
8 15
8 16
8 17
8 18
8 22
8 23
8 24
8 25
8 26
8 27
8 28
8 30
8 32
8 34
8 37
8 38
8 41
8 45
8 50
8 52
8 53
8 55
8 62
8 63
8 65
9 11
9 12
9 13
9 16
9 18
9 24
9 27
9 32
9 34
9 39
9 40
9 45
9 48
9 49
9 57
10 11
10 12
10 13
10 14
10 15
10 22
10 29
10 31
10 38
10 49
10 64
11 12
11 13
11 14
11 15
11 16
11 17
11 18
11 19
11 20
11 21
11 22
11 23
11 24
11 25
11 26
11 29
11 30
11 31
11 32
11 35
11 36
11 37
11 39
11 44
11 45
11 46
11 47
11 49
11 53
11 54
11 58
11 59
11 60
11 62
11 65
12 14
12 15
12 16
12 17
12 18
12 20
12 21
12 22
12 24
12 26
12 31
12 32
12 34
12 36
12 40
12 45
12 49
12 50
12 51
12 59
12 60
12 61
12 64
12 65
13 14
13 15
13 16
13 17
13 18
13 19
13 21
13 22
13 25
13 27
13 28
13 33
13 44
13 48
13 52
13 53
13 55
13 56
13 60
14 15
14 16
14 17
14 18
14 19
14 20
14 22
14 23
14 25
14 27
14 28
14 29
14 34
14 36
14 37
14 40
14 41
14 42
14 43
14 46
14 47
14 50
14 52
14 53
14 55
14 56
14 57
14 60
14 61
14 63
14 64
14 65
15 17
15 19
15 20
15 22
15 23
15 27
15 30
15 31
15 33
15 36
15 41
15 48
15 52
15 56
15 58
15 59
15 65
16 17
16 18
16 19
16 20
16 22
16 25
16 26
16 27
16 28
16 31
16 33
16 35
16 36
16 37
16 43
16 44
16 46
16 48
16 54
16 59
16 61
16 62
17 19
17 21
17 26
17 27
17 28
17 30
17 34
17 35
17 38
17 39
17 41
17 42
17 47
17 50
17 52
17 53
17 54
17 57
18 19
18 20
18 23
18 28
18 30
18 31
18 39
18 58
18 61
18 65
19 21
19 24
19 25
19 29
19 30
19 31
19 35
19 38
19 39
19 42
19 47
19 48
19 54
19 58
20 29
20 33
20 34
20 35
20 39
20 40
20 49
20 64
21 23
21 24
21 26
21 30
21 34
21 35
21 36
21 37
21 45
21 53
21 54
22 23
22 25
22 26
22 29
22 35
22 40
22 41
22 44
22 45
22 46
22 49
22 51
22 62
23 24
23 31
23 32
23 33
23 34
23 37
23 38
23 50
23 51
23 55
23 59
24 26
24 28
24 31
24 32
24 36
24 37
24 40
24 41
24 49
24 50
24 53
24 54
24 56
24 57
24 58
24 61
24 63
25 29
25 33
25 47
25 54
26 27
26 30
26 37
26 39
26 47
26 48
26 54
26 56
26 57
26 60
27 31
27 33
27 43
27 52
27 53
27 55
27 57
28 33
28 47
28 48
28 64
29 42
29 43
29 44
30 32
30 33
30 36
30 37
30 40
30 42
30 50
30 59
30 60
30 63
30 64
31 32
31 34
31 44
31 59
31 61
32 33
32 38
32 44
32 46
32 48
32 49
32 50
32 52
32 63
33 43
33 47
33 54
33 58
33 60
34 44
34 57
34 64
35 38
35 47
35 52
35 53
35 56
36 40
36 41
36 46
36 60
36 65
37 43
37 44
37 51
38 55
38 57
38 59
39 42
39 43
39 50
40 45
40 46
40 49
40 52
40 56
40 58
40 63
41 43
41 55
41 58
41 63
41 64
42 48
42 51
42 54
42 60
43 46
45 47
45 56
45 62
45 65
46 50
46 51
47 61
49 55
51 65
52 63
53 62
54 62
55 58
60 61
60 62
64 65
