0 1
0 2
0 3
0 4
0 5
0 6
0 7
0 8
0 9
0 10
0 11
0 12
0 13
0 14
0 15
0 16
0 17
0 18
0 21
0 22
0 23
0 24
0 27
0 31
0 35
0 40
0 41
0 52
0 56
0 59
0 65
0 68
0 69
0 71
1 11
1 16
1 17
1 18
1 19
1 22
1 23
1 27
1 33
1 34
1 35
1 36
1 38
1 44
1 45
1 53
1 68
2 11
2 12
2 13
2 14
2 15
2 26
2 27
2 29
2 31
2 32
2 36
2 42
2 46
2 51
2 60
2 62
2 63
2 68
3 11
3 12
3 14
3 15
3 16
3 17
3 18
3 22
3 23
3 26
3 30
3 32
3 35
3 53
3 56
3 58
3 70
4 11
4 12
4 13
4 18
4 19
4 20
4 25
4 27
4 28
4 32
4 33
4 37
4 39
4 40
4 42
4 43
4 45
4 47
4 50
4 54
4 55
4 57
4 63
4 71
5 11
5 12
5 13
5 14
5 15
5 16
5 19
5 21
5 29
5 30
5 34
5 39
5 42
5 46
5 49
5 53
5 65
5 69
6 11
6 12
6 13
6 15
6 19
6 25
6 26
6 42
6 52
6 63
7 11
7 12
7 13
7 14
7 17
7 18
7 20
7 22
7 24
7 26
7 29
7 30
7 32
7 44
7 47
7 51
8 12
8 13
8 14
8 15
8 19
8 28
8 34
8 37
8 38
8 51
8 60
9 11
9 16
9 17
9 32
9 39
9 68
10 11
10 12
10 13
10 14
10 16
10 25
10 33
10 42
10 43
11 12
11 13
11 14
11 15
11 17
11 18
11 19
11 20
11 21
11 22
11 23
11 24
11 25
11 28
11 31
11 33
11 38
11 39
11 40
11 41
11 42
11 48
11 50
11 53
11 54
11 62
11 64
11 65
11 66
11 67
11 71
12 13
12 14
12 15
12 16
12 17
12 18
12 19
12 20
12 22
12 23
12 26
12 27
12 29
12 30
12 34
12 35
12 38
12 41
12 45
12 49
12 53
12 58
12 60
12 61
12 62
12 64
12 66
12 69
13 14
13 15
13 16
13 17
13 19
13 20
13 21
13 22
13 23
13 24
13 25
13 26
13 27
13 28
13 29
13 31
13 32
13 33
13 34
13 36
13 39
13 43
13 44
13 47
13 49
13 53
13 56
13 64
13 66
13 68
13 71
14 15
14 16
14 18
14 21
14 22
14 23
14 24
14 27
14 31
14 33
14 35
14 37
14 40
14 45
14 46
14 47
14 49
14 52
14 54
14 57
14 60
14 62
14 67
14 69
15 16
15 17
15 20
15 21
15 24
15 25
15 27
15 28
15 29
15 30
15 33
15 34
15 35
15 36
15 40
15 43
15 48
15 53
15 69
16 17
16 18
16 19
16 20
16 21
16 24
16 25
16 35
16 37
16 38
16 39
16 41
16 50
16 52
16 54
16 56
16 57
16 58
16 62
16 63
16 64
16 67
16 69
17 18
17 19
17 20
17 21
17 23
17 26
17 30
17 31
17 34
17 35
17 36
17 46
17 51
17 55
17 58
17 61
17 62
18 20
18 23
18 24
18 26
18 28
18 33
18 35
18 37
18 38
18 45
18 47
18 56
18 60
18 62
18 70
19 20
19 21
19 28
19 29
19 30
19 31
19 46
19 48
19 50
19 54
19 65
19 66
19 67
19 68
19 70
20 21
20 22
20 25
20 27
20 29
20 30
20 31
20 32
20 33
20 39
20 43
20 44
20 49
20 50
20 52
20 57
20 59
20 60
20 61
20 64
21 22
21 23
21 24
21 25
21 26
21 27
21 28
21 30
21 36
21 37
21 42
21 43
21 44
21 45
21 50
21 51
21 52
21 53
21 56
21 58
21 64
21 65
22 26
22 38
22 43
22 44
22 51
22 52
22 57
23 24
23 25
23 28
23 29
23 36
23 39
23 40
23 46
23 55
23 59
23 62
23 66
23 68
24 34
24 37
24 42
24 58
24 63
25 29
25 31
25 34
25 45
25 48
25 56
25 61
25 70
26 32
26 38
26 42
26 43
26 47
26 51
26 59
26 64
26 70
27 28
27 30
27 40
27 41
27 43
27 44
27 47
27 51
27 55
27 59
27 61
27 69
27 70
28 31
28 34
28 37
28 38
28 47
28 55
28 56
28 64
28 66
28 67
28 70
29 32
29 35
29 36
29 40
29 46
29 47
29 49
29 50
29 55
29 60
29 64
30 32
30 44
30 46
30 50
30 54
30 61
30 67
31 36
31 38
31 41
31 54
32 33
32 41
32 43
32 51
32 52
32 56
32 59
32 61
32 70
33 36
33 41
33 59
33 60
33 63
34 37
34 39
34 42
34 47
34 53
35 45
35 48
35 58
35 62
35 66
36 37
36 40
36 41
36 54
36 63
36 66
36 67
36 68
36 69
37 45
37 48
37 56
37 57
37 66
38 39
38 44
38 48
38 51
38 55
38 61
38 67
39 40
39 48
39 55
39 57
39 71
40 41
40 49
40 58
41 45
41 46
41 49
41 60
41 63
41 66
41 71
42 44
42 46
42 48
42 52
42 55
42 61
42 68
43 49
43 63
43 65
44 67
45 48
45 49
45 52
45 57
45 59
45 67
45 70
45 71
46 50
46 58
46 59
46 64
46 69
47 50
47 58
49 65
50 55
50 57
50 62
51 53
51 54
51 63
51 65
52 54
52 59
55 61
55 71
56 57
58 60
58 65
60 65
61 71
63 68
64 70
67 69
68 71
