0 27
0 38
0 41
0 43
0 58
0 65
0 68
1 20
1 33
1 48
1 52
1 67
1 69
2 5
2 23
2 28
2 36
2 42
2 50
3 21
3 39
3 49
3 68
4 11
4 63
5 8
5 16
5 51
5 53
5 56
5 58
5 67
6 14
6 34
6 35
6 38
6 45
6 55
6 57
6 66
7 27
7 30
7 47
7 59
7 66
8 56
9 29
9 33
9 38
9 45
9 65
10 27
10 28
10 47
10 59
11 23
11 60
11 67
12 21
12 22
12 26
12 30
12 62
13 20
13 31
13 44
13 45
13 51
14 22
14 29
14 37
15 16
15 36
16 30
16 33
16 57
17 67
18 40
19 21
19 22
19 32
19 63
20 34
20 38
20 52
21 29
21 56
21 69
22 24
22 34
22 44
22 47
22 54
22 57
22 69
23 24
23 28
23 33
23 44
24 25
24 26
24 29
24 31
24 41
24 45
25 34
26 59
26 66
26 68
27 29
27 53
28 36
28 44
28 51
29 31
29 47
29 53
29 67
29 69
30 32
30 45
31 59
32 33
32 62
33 34
33 42
33 54
33 56
33 65
33 66
34 42
34 64
35 44
35 49
36 38
36 42
36 52
36 62
37 58
38 68
39 43
39 45
39 50
40 42
40 44
41 69
42 67
44 62
45 56
45 58
46 61
46 69
47 54
47 64
47 66
47 67
49 56
49 63
52 54
52 57
52 66
52 69
53 63
54 57
54 59
54 65
54 67
59 66
59 69
63 66
66 69
