0 1
0 2
0 4
0 5
0 7
0 8
0 13
0 28
0 29
0 42
0 51
0 55
0 61
0 68
0 72
0 74
0 77
0 88
1 3
1 6
1 8
1 15
1 27
1 36
1 37
1 48
1 80
2 3
2 4
2 12
2 22
2 75
3 5
3 6
3 7
3 9
3 11
3 15
3 25
3 46
3 58
3 76
4 12
4 17
4 29
4 34
4 81
4 88
5 9
5 14
5 16
5 19
5 20
5 21
5 22
5 23
5 27
5 31
5 36
5 38
5 43
5 64
5 69
5 70
5 79
5 87
6 14
6 17
6 53
7 55
7 63
7 73
8 10
8 24
8 33
8 45
8 59
8 66
8 70
8 83
9 10
9 11
9 13
9 26
9 28
9 32
9 43
9 45
9 48
9 49
9 52
9 81
10 16
10 20
10 23
10 30
10 35
10 42
10 50
10 83
11 26
11 89
12 35
12 39
12 60
12 82
13 21
13 80
13 87
14 73
15 24
15 34
15 37
16 18
17 18
17 19
17 41
17 46
17 47
17 51
17 75
17 85
18 71
18 78
18 90
19 38
19 44
19 57
20 40
22 25
22 39
22 47
22 60
22 76
25 58
26 31
26 59
27 32
27 33
27 49
27 56
27 78
28 52
29 30
29 67
30 53
31 85
34 41
34 56
34 62
38 40
38 50
40 79
42 54
42 65
43 44
44 65
44 69
45 72
47 66
48 63
48 64
48 71
48 89
49 57
49 82
49 84
51 62
52 54
52 67
52 84
56 68
56 77
56 86
57 61
60 74
77 90
85 86
