0 1
0 12
0 63
0 42
1 13
1 56
1 61
2 3
2 10
2 48
2 45
3 17
3 10
3 35
4 5
4 31
4 14
4 41
5 20
5 61
5 29
6 7
6 48
6 9
6 26
7 55
7 57
7 22
8 9
8 51
8 60
8 67
9 35
9 38
10 21
10 62
11 12
11 32
11 46
11 45
12 58
12 41
13 14
13 68
13 25
14 44
14 53
15 16
15 42
15 60
15 35
16 57
16 64
16 44
17 37
17 22
17 58
18 19
18 27
18 52
18 69
19 26
19 63
19 55
20 21
20 36
20 69
21 56
21 64
22 23
22 28
23 63
23 66
23 25
24 25
24 65
24 52
24 38
25 56
26 37
26 65
27 28
27 49
27 63
28 39
28 56
29 30
29 48
29 40
30 51
30 59
30 43
31 57
31 53
31 54
32 52
32 58
32 66
33 34
33 39
33 59
33 62
34 42
34 46
34 55
35 48
36 37
36 50
36 43
37 40
38 50
38 68
39 68
39 60
40 41
40 67
41 59
42 47
43 44
43 53
44 47
45 46
45 47
46 49
47 62
49 60
49 68
50 61
50 69
51 57
51 52
53 54
54 64
54 66
55 59
58 66
61 62
64 65
65 67
67 69
