0 1
0 2
0 3
0 4
0 5
0 6
0 7
0 8
0 9
0 10
0 11
0 12
0 13
0 15
0 16
0 17
0 18
0 19
0 20
0 21
0 24
0 25
0 28
0 29
0 30
0 31
0 32
0 34
0 35
0 36
0 37
0 39
0 41
0 42
0 46
0 49
0 54
0 55
0 57
0 61
0 62
1 11
1 12
1 13
1 14
1 18
1 19
1 20
1 21
1 23
1 24
1 25
1 27
1 28
1 29
1 33
1 37
1 42
1 46
1 48
1 50
1 52
1 57
1 59
1 62
2 11
2 12
2 13
2 14
2 16
2 17
2 21
2 22
2 25
2 26
2 31
2 35
2 36
2 39
2 40
2 44
2 45
2 46
2 51
2 52
2 55
2 58
2 60
3 11
3 12
3 14
3 15
3 17
3 20
3 22
3 25
3 28
3 31
3 32
3 36
3 47
3 52
3 62
4 11
4 12
4 13
4 14
4 18
4 20
4 31
4 32
4 37
4 59
5 11
5 13
5 14
5 15
5 16
5 17
5 18
5 19
5 20
5 22
5 24
5 26
5 32
5 33
5 40
5 49
5 56
5 57
5 58
5 62
6 11
6 12
6 14
6 15
6 16
6 17
6 20
6 23
6 25
6 27
6 32
6 34
6 38
6 44
6 55
6 56
7 11
7 12
7 13
7 17
7 21
7 23
7 26
7 29
7 33
7 43
7 45
7 47
7 50
7 51
7 52
7 64
8 11
8 12
8 13
8 15
8 16
8 17
8 18
8 19
8 26
8 27
8 29
8 30
8 31
8 34
8 36
8 38
8 39
8 40
8 43
8 45
8 51
8 54
8 60
8 64
9 13
9 14
9 15
9 16
9 24
9 30
9 34
9 37
9 40
9 45
9 46
9 54
9 60
10 11
10 12
10 15
10 21
10 22
10 24
10 31
10 43
11 12
11 13
11 14
11 15
11 16
11 17
11 18
11 19
11 24
11 25
11 27
11 33
11 35
11 41
11 44
11 48
11 51
11 53
12 13
12 14
12 15
12 17
12 18
12 19
12 20
12 21
12 22
12 23
12 26
12 27
12 28
12 29
12 30
12 35
12 37
12 48
12 49
12 51
12 53
12 54
12 56
12 57
12 58
12 61
13 14
13 15
13 16
13 18
13 19
13 21
13 22
13 23
13 24
13 25
13 26
13 27
13 28
13 30
13 31
13 33
13 34
13 35
13 36
13 37
13 38
13 41
13 44
13 47
13 50
13 56
13 57
13 58
13 60
14 16
14 18
14 19
14 23
14 27
14 29
14 30
14 31
14 39
14 40
14 42
14 43
14 48
14 51
14 52
14 55
14 60
14 63
15 16
15 19
15 20
15 22
15 24
15 26
15 27
15 28
15 36
15 41
15 59
15 63
16 17
16 19
16 23
16 30
16 32
16 41
16 44
16 50
16 61
17 18
17 20
17 21
17 22
17 25
17 30
17 35
17 36
17 38
17 39
17 40
17 42
17 43
17 45
17 46
17 49
17 50
17 59
17 60
17 61
17 62
17 63
18 20
18 21
18 24
18 28
18 29
18 36
18 38
18 44
18 48
18 50
18 52
18 61
18 64
19 21
19 22
19 23
19 25
19 27
19 28
19 31
19 32
19 33
19 35
19 37
19 47
19 49
19 56
19 58
19 59
20 22
20 26
20 28
20 36
20 40
20 49
20 51
20 61
20 62
20 63
20 64
21 23
21 26
21 29
21 32
21 38
21 39
21 41
21 42
21 43
21 46
21 47
21 50
21 54
21 55
21 64
22 23
22 27
22 29
22 33
22 39
22 41
22 42
22 46
22 50
22 53
23 24
23 25
23 28
23 62
24 31
24 34
24 35
24 37
24 38
24 42
24 44
24 48
24 53
25 26
25 33
25 39
25 47
25 58
26 30
26 39
26 41
26 47
26 57
26 63
27 33
27 34
27 38
27 52
27 55
27 59
27 62
27 64
28 29
28 34
28 36
28 38
28 42
28 44
28 45
28 49
28 52
28 54
28 55
28 61
29 30
29 32
29 38
29 43
29 45
29 48
29 49
30 33
30 39
30 49
30 51
30 53
30 61
31 32
31 34
31 37
31 40
31 44
31 50
31 51
31 57
31 59
31 64
32 35
32 41
32 45
32 47
32 50
32 53
32 60
33 34
33 35
33 43
33 44
33 45
33 46
33 48
33 49
33 56
33 59
33 60
33 64
34 46
34 47
34 48
34 64
35 37
35 40
35 42
35 45
35 47
35 53
35 55
35 58
35 59
36 54
36 55
36 60
36 63
37 41
38 42
38 48
39 40
39 56
39 64
40 43
40 52
40 56
40 57
42 43
42 46
43 58
44 51
44 54
44 58
45 53
45 54
46 52
47 58
47 63
49 54
49 55
49 56
49 57
50 53
50 61
52 53
52 56
52 60
52 61
52 63
53 57
53 59
53 62
53 63
56 62
57 63
