0 14
0 20
0 33
0 39
0 44
0 51
0 59
1 5
1 19
1 20
1 60
1 62
2 22
2 39
2 51
2 53
3 34
3 36
3 40
3 44
3 63
4 28
4 38
4 41
4 58
5 15
6 7
6 55
6 60
7 14
7 15
7 20
7 24
7 34
7 38
7 43
8 46
9 14
9 20
9 31
9 41
9 50
10 15
10 25
10 34
10 35
10 39
10 60
11 23
11 31
11 37
11 39
11 43
11 59
12 21
12 25
12 35
12 52
13 19
13 27
13 42
13 43
13 60
14 19
14 22
14 33
14 34
14 53
15 54
16 36
16 54
17 19
17 33
17 48
18 22
18 23
18 48
18 57
19 41
19 42
19 46
20 47
21 26
21 42
22 26
22 46
23 35
23 40
23 42
23 50
24 25
24 36
24 43
24 44
24 51
24 56
25 30
25 62
26 38
26 41
26 45
26 54
26 61
27 45
27 49
27 57
27 60
27 64
28 35
29 43
29 45
29 63
29 64
30 35
30 45
30 52
31 37
31 43
31 46
32 33
32 39
32 42
32 45
32 48
32 52
33 43
33 45
33 55
33 56
33 58
34 37
35 37
35 54
37 41
37 42
37 49
37 50
37 58
38 46
38 53
38 57
39 47
39 56
40 60
40 64
41 63
42 43
42 49
42 50
42 52
43 49
43 53
45 63
45 64
46 51
46 63
47 64
51 59
52 56
52 59
54 58
54 61
55 59
55 63
56 62
63 64
