0 1
0 2
0 3
0 4
0 5
0 6
0 7
0 8
0 9
0 11
0 12
0 13
0 14
0 15
0 18
0 19
0 20
0 21
0 23
0 24
0 25
0 27
0 29
0 32
0 33
0 35
0 38
0 39
0 40
0 42
0 45
0 50
0 54
0 56
0 65
0 66
0 77
1 8
1 11
1 14
1 16
1 22
1 30
1 43
1 46
1 67
1 69
2 6
2 7
2 8
2 17
2 44
2 49
2 65
2 69
3 6
3 7
3 9
3 10
3 11
3 17
3 21
3 22
3 26
3 27
3 34
3 36
3 41
3 47
3 66
3 71
3 73
4 6
4 7
4 10
4 18
4 36
4 37
4 44
4 51
4 60
5 6
5 8
5 9
5 10
5 12
5 13
5 14
5 19
5 26
5 34
5 41
5 42
5 59
5 60
5 64
5 69
5 70
5 72
5 74
5 76
5 82
6 7
6 8
6 11
6 12
6 15
6 17
6 18
6 23
6 25
6 33
6 34
6 41
6 45
6 46
6 47
6 55
6 76
6 79
6 82
6 85
7 9
7 10
7 12
7 13
7 14
7 15
7 17
7 19
7 20
7 26
7 51
7 54
7 57
7 58
7 60
7 71
8 9
8 12
8 13
8 16
8 17
8 20
8 21
8 27
8 30
8 33
8 34
8 39
8 40
8 62
8 67
8 70
8 72
8 73
8 76
8 79
8 80
8 81
9 10
9 11
9 16
9 21
9 34
9 36
9 56
9 61
9 70
9 83
10 13
10 16
10 20
10 26
10 29
10 42
10 48
10 63
10 71
10 81
11 14
11 16
11 18
11 19
11 22
11 25
11 28
11 31
11 32
11 33
11 36
11 37
11 38
11 39
11 46
11 49
11 51
11 54
11 55
11 78
12 15
12 23
12 24
12 32
12 33
12 35
12 39
12 42
12 62
12 70
12 74
13 15
13 23
13 24
13 27
13 29
13 37
13 40
13 42
13 43
13 53
13 58
13 60
13 63
13 73
13 82
14 19
14 20
14 25
14 28
14 35
14 40
14 48
14 51
14 52
14 54
14 56
14 77
15 29
15 30
15 31
15 67
16 18
16 22
16 28
16 37
16 40
16 57
16 60
16 61
16 65
16 68
16 84
17 22
17 24
17 25
17 44
17 49
17 59
17 62
18 21
18 23
18 36
18 41
18 57
18 79
19 30
19 51
19 53
19 58
19 63
19 68
19 72
19 78
19 85
20 28
20 31
20 32
20 35
20 48
20 52
21 27
21 31
21 43
21 59
21 63
21 74
22 24
22 29
22 38
22 45
23 28
23 43
23 65
23 71
24 39
24 50
25 26
25 41
25 44
25 58
25 61
25 62
25 65
25 78
25 80
26 44
26 53
27 31
27 35
27 46
27 50
27 52
27 55
28 53
28 55
29 30
30 38
30 56
30 59
30 66
30 69
30 81
31 32
31 46
31 47
31 48
31 49
31 55
31 84
32 49
33 50
34 64
34 78
35 37
35 38
35 57
35 59
35 73
35 77
36 43
36 64
36 72
37 47
38 73
38 79
40 71
41 45
41 47
41 48
41 53
41 56
41 57
41 76
41 80
42 45
42 50
42 52
42 54
42 68
42 77
43 61
43 62
43 77
43 83
44 52
46 68
47 64
47 74
48 78
48 83
50 64
51 58
51 66
51 76
53 68
53 70
54 82
55 66
55 67
55 83
55 85
58 61
58 79
58 80
58 84
60 67
62 63
62 75
62 85
63 75
63 81
63 84
65 75
66 69
66 72
66 83
67 75
67 80
67 85
68 84
72 75
73 74
75 82
79 81
