0 15
0 28
0 41
0 52
0 60
1 21
1 22
1 25
1 51
2 3
2 19
2 25
2 41
2 42
2 65
3 11
3 15
3 17
3 21
3 26
3 52
4 9
4 11
4 22
4 25
4 37
4 39
5 9
5 23
5 29
5 30
5 31
5 53
5 55
5 71
6 25
6 29
6 43
6 58
6 72
7 15
7 19
8 23
8 40
8 52
8 58
8 63
8 70
9 19
9 25
9 38
9 43
9 49
10 11
10 14
10 30
10 50
10 55
10 57
11 23
11 33
11 63
11 70
11 71
12 17
12 19
12 26
12 35
12 51
12 62
13 41
13 48
13 65
13 69
14 16
14 19
14 44
14 46
14 49
14 68
14 70
15 20
15 56
15 59
15 63
15 72
16 27
16 39
16 47
16 65
16 72
17 18
17 20
17 22
17 32
17 43
17 52
17 61
17 62
18 29
18 44
18 49
18 62
18 71
18 73
19 20
19 25
19 42
19 46
19 73
20 28
20 30
20 36
20 44
23 28
23 45
23 51
23 56
23 72
24 35
24 38
24 44
24 47
24 48
24 57
24 58
24 64
24 69
24 73
25 30
25 37
25 44
25 64
26 38
26 40
26 47
26 59
26 68
27 35
27 40
27 55
27 68
28 72
29 38
29 71
31 39
31 50
31 71
32 57
34 41
34 56
34 60
35 45
35 64
36 42
36 68
37 38
37 66
38 46
38 50
38 58
38 65
39 56
40 55
40 61
40 67
41 46
43 48
43 52
43 63
44 45
44 49
44 64
44 72
45 51
46 51
46 54
47 61
47 67
47 68
48 62
48 72
49 67
50 52
50 61
50 72
50 73
51 58
51 72
53 69
54 57
56 71
57 59
59 63
61 62
61 65
63 67
66 69
66 70
67 72
72 73
