0 1
0 2
0 3
0 4
0 5
0 6
0 7
0 8
0 10
0 11
0 12
0 13
0 14
0 15
0 16
0 17
0 18
0 22
0 24
0 29
0 33
0 38
0 41
0 44
0 49
0 50
0 56
0 60
0 65
0 67
0 68
0 73
0 75
0 77
0 80
0 84
0 88
2 6
2 7
2 8
2 12
2 13
2 49
2 54
3 6
3 7
3 10
3 17
3 27
3 30
3 31
3 35
3 36
3 41
3 42
3 44
3 65
4 6
4 7
4 9
4 10
4 12
4 14
4 15
4 18
4 19
4 20
4 21
4 25
4 28
4 32
4 34
4 37
4 38
4 43
4 45
4 47
4 49
4 53
4 54
4 56
4 63
4 66
4 73
4 75
4 84
4 89
4 90
5 6
5 8
5 9
5 10
5 11
5 12
5 13
5 14
5 15
5 16
5 17
5 18
5 21
5 22
5 23
5 26
5 27
5 28
5 32
5 34
5 37
5 38
5 42
5 43
5 44
5 46
5 47
5 48
5 49
5 50
5 59
5 60
5 61
5 64
5 67
5 75
5 79
5 80
5 81
5 82
5 86
5 88
5 91
5 92
5 94
6 7
6 8
6 9
6 11
6 13
6 14
6 17
6 23
6 24
6 26
6 28
6 29
6 31
6 32
6 36
6 39
6 45
6 53
6 68
6 82
6 86
6 91
6 93
7 8
7 9
7 16
7 26
7 28
7 31
7 46
7 52
7 55
8 9
8 11
8 15
8 17
8 18
8 21
8 24
8 42
8 44
8 47
8 50
8 57
8 63
8 64
8 65
8 74
8 79
8 82
9 10
9 11
9 12
9 13
9 21
9 22
9 25
9 29
9 30
9 32
9 34
9 37
9 43
9 45
9 47
9 48
9 52
9 58
9 84
9 86
10 16
10 20
10 22
10 40
10 46
10 61
10 66
10 70
10 76
11 14
11 19
11 20
11 26
11 29
11 30
11 34
11 40
11 52
11 61
11 70
12 20
12 30
12 35
12 37
12 43
12 74
13 15
13 16
13 27
13 45
13 59
13 67
13 90
14 21
14 24
14 25
14 29
14 33
14 36
14 42
14 59
14 72
14 79
15 19
15 20
15 23
15 25
15 26
15 33
15 34
15 42
15 57
15 71
15 73
15 74
15 75
15 81
15 90
15 91
15 94
16 19
16 23
16 38
16 39
16 46
16 62
16 68
16 76
16 85
17 18
17 19
17 33
17 54
17 56
17 71
17 78
17 83
18 28
18 31
19 36
19 40
19 51
19 64
19 67
19 74
20 22
20 32
20 39
20 44
20 57
20 63
21 24
21 25
21 35
21 60
21 70
21 87
22 23
22 40
22 60
23 47
23 50
23 52
23 58
23 69
23 77
24 27
24 36
24 41
24 79
24 81
24 83
25 35
25 51
26 27
26 62
26 64
26 66
26 69
26 73
26 94
27 40
27 49
27 52
27 58
27 94
28 30
28 37
28 43
28 48
28 57
28 61
28 75
28 76
29 31
29 39
29 50
29 85
29 93
30 33
30 35
30 38
30 45
30 53
30 55
30 65
30 67
30 70
30 78
31 39
31 69
31 77
32 66
33 56
33 62
33 76
33 83
34 46
34 57
34 94
35 68
35 74
35 77
35 82
35 91
36 41
36 51
36 53
36 55
36 78
37 55
37 64
38 61
39 41
39 48
39 51
39 53
39 54
39 72
39 78
40 56
40 59
40 71
40 81
42 55
42 82
43 65
43 80
44 48
44 58
44 66
44 73
45 58
45 60
46 77
47 69
47 71
48 51
48 68
48 70
48 85
48 86
49 54
49 72
49 87
49 89
51 63
51 76
51 79
51 84
51 86
52 59
53 62
53 71
53 83
53 85
54 62
55 91
56 93
58 69
58 85
59 72
60 63
60 72
60 80
60 84
60 87
60 92
61 87
64 93
65 87
66 80
68 89
68 92
69 78
69 89
69 92
71 90
72 88
74 81
74 88
75 88
76 83
76 89
81 92
87 90
87 93
