0 1
0 2
0 3
0 4
0 5
0 6
0 7
0 8
0 9
0 10
0 11
0 13
0 14
0 16
0 20
0 25
0 26
0 31
0 32
0 33
0 34
0 38
0 44
0 49
0 59
0 62
0 64
0 65
0 77
0 78
0 84
1 7
1 8
1 9
1 11
1 14
1 15
1 19
1 28
1 33
1 37
1 42
1 49
1 50
1 61
1 72
2 6
2 10
2 18
2 22
2 27
2 40
2 70
2 76
2 78
2 85
3 6
4 6
4 7
4 8
4 9
4 11
4 12
4 15
4 19
4 22
4 23
4 30
4 38
4 46
4 65
4 67
4 75
4 84
4 85
4 87
4 88
5 6
5 7
5 10
5 13
5 15
5 17
5 21
5 22
5 25
5 29
5 33
5 40
5 45
5 48
5 49
5 52
5 55
5 90
6 7
6 8
6 9
6 10
6 11
6 19
6 20
6 21
6 23
6 24
6 26
6 27
6 28
6 31
6 32
6 33
6 34
6 35
6 44
6 53
6 55
6 63
6 70
6 72
6 79
6 80
6 81
6 87
6 88
7 8
7 11
7 12
7 13
7 14
7 16
7 18
7 19
7 21
7 23
7 28
7 35
7 37
7 38
7 39
7 41
7 50
7 58
7 60
7 62
7 63
7 69
7 86
8 9
8 12
8 13
8 16
8 21
8 30
8 31
8 33
8 35
8 37
8 41
8 51
8 52
8 53
8 54
8 60
8 76
8 81
8 89
9 10
9 12
9 15
9 17
9 18
9 20
9 23
9 25
9 31
9 32
9 48
9 57
9 61
9 64
9 66
9 73
9 85
9 89
10 13
10 17
10 22
10 24
10 32
10 36
10 49
10 72
10 78
11 12
11 15
11 16
11 17
11 24
11 29
11 32
11 36
11 39
11 45
11 46
11 56
12 14
12 18
12 29
12 31
12 43
12 55
12 67
12 71
12 75
12 78
12 84
13 14
13 36
13 44
13 49
13 81
14 17
14 18
14 24
14 25
14 27
14 30
14 36
14 41
14 51
14 88
14 90
15 16
15 20
15 34
15 35
15 54
15 65
15 72
15 88
16 22
16 24
16 74
16 82
17 28
17 36
17 38
17 45
18 19
18 20
18 21
18 25
18 26
18 58
18 77
18 86
19 23
19 26
19 27
19 38
19 40
19 46
19 56
19 59
19 61
19 69
19 78
19 83
20 26
20 29
20 34
20 42
20 48
21 39
21 40
21 42
21 47
21 57
21 60
21 67
21 70
21 75
21 84
22 27
22 29
22 35
22 59
22 62
22 66
22 79
22 82
22 90
23 44
23 54
23 69
23 74
23 77
23 82
23 83
24 30
25 54
25 87
26 28
26 44
26 72
26 74
26 86
27 47
27 57
27 68
27 77
28 30
28 37
28 47
28 50
28 62
28 63
28 71
28 73
28 86
29 39
29 41
29 45
29 47
29 48
29 52
29 73
29 76
30 53
30 68
31 65
31 75
31 85
32 34
32 37
32 43
32 50
32 51
32 55
32 56
32 70
32 80
33 43
33 71
34 39
34 43
34 53
34 54
34 57
34 64
34 74
36 41
36 42
37 46
38 40
38 42
38 52
38 59
38 74
39 46
40 43
41 61
41 63
42 45
42 47
42 51
42 57
42 58
42 63
42 66
42 75
42 82
43 66
43 67
43 68
43 81
43 86
44 48
44 56
44 64
45 59
46 53
46 68
46 79
46 84
47 88
48 50
48 51
48 55
48 85
50 52
50 56
50 58
50 60
50 65
50 70
50 81
51 64
52 58
53 89
54 61
54 62
54 69
56 87
56 90
57 60
57 67
57 68
57 71
57 79
58 87
60 66
60 89
62 79
63 76
63 77
64 83
65 76
66 69
66 73
66 82
66 90
67 89
68 83
70 71
72 73
72 80
72 83
78 80
79 80
