0 6
0 28
0 32
0 53
1 11
1 14
1 26
1 32
2 8
2 19
2 33
2 34
3 8
3 12
3 19
3 42
3 44
3 48
3 56
3 64
4 8
4 17
4 21
4 28
4 35
5 6
5 13
5 16
5 36
5 44
6 43
6 46
7 13
7 24
7 25
7 43
7 50
8 11
8 25
8 33
9 28
9 35
9 48
9 51
9 60
9 65
10 13
10 45
10 48
10 55
11 16
11 32
11 38
11 61
12 22
12 42
12 53
12 55
13 14
13 23
13 26
13 37
13 51
14 15
14 19
14 32
14 53
15 21
15 29
15 60
15 62
16 29
16 34
16 41
16 51
16 56
17 28
17 39
17 45
17 50
17 54
18 25
18 36
18 55
19 27
19 32
19 52
20 27
20 30
20 31
20 48
20 61
21 32
21 36
21 37
21 45
22 23
22 26
22 27
22 43
22 52
22 56
22 58
22 65
23 27
23 41
23 57
23 65
24 27
25 37
25 42
25 50
25 57
26 34
26 42
26 51
27 35
27 36
28 31
29 45
29 48
29 54
30 31
30 51
31 60
31 65
32 33
32 38
32 45
32 51
32 59
33 52
33 64
34 44
34 60
34 65
35 38
35 42
35 62
36 44
36 47
36 48
36 58
36 61
36 64
37 59
37 60
38 46
38 60
39 41
39 57
40 48
40 52
40 61
41 48
41 63
43 60
44 55
44 59
44 64
44 65
45 59
46 55
46 60
46 62
47 50
47 57
47 60
47 63
48 61
48 62
48 63
48 64
49 58
49 61
49 65
50 57
51 57
51 64
52 61
52 62
54 57
54 59
58 59
58 61
60 63
