0 1
0 32
0 33
0 26
0 14
0 11
0 4
0 22
1 11
1 19
1 2
1 7
1 35
1 23
1 20
2 3
2 18
2 34
2 7
2 17
2 23
2 29
3 28
3 8
3 20
3 34
3 36
3 6
3 12
4 5
4 8
4 15
4 39
4 11
4 22
4 12
5 22
5 26
5 19
5 17
5 30
5 33
5 34
6 7
6 25
6 22
6 20
6 35
6 30
6 18
7 12
7 28
7 25
7 13
7 16
8 9
8 36
8 31
8 18
8 13
8 38
9 39
9 19
9 23
9 21
9 10
9 12
9 13
10 11
10 23
10 29
10 34
10 31
10 21
10 19
11 25
11 30
11 32
11 17
12 37
12 15
12 26
12 24
13 14
13 19
13 38
13 34
13 36
14 39
14 21
14 15
14 23
14 33
14 37
15 16
15 17
15 28
15 27
15 29
16 21
16 27
16 37
16 24
16 17
16 18
17 18
17 20
17 25
18 19
18 35
18 31
19 24
19 38
20 24
20 26
20 35
20 37
21 28
21 27
21 23
21 22
22 33
22 32
22 24
23 32
23 25
24 25
24 32
24 36
25 39
25 31
26 27
26 29
26 33
26 28
27 29
27 33
27 28
27 31
28 30
28 39
29 30
29 38
29 36
30 37
30 36
30 39
31 32
31 39
31 35
32 38
32 36
33 38
33 34
34 35
34 38
35 39
35 37
36 37
37 38
