0 3
0 4
0 11
0 13
0 15
0 16
0 23
0 27
0 29
0 31
0 35
0 41
0 49
0 56
1 12
1 14
1 15
1 17
1 25
1 28
1 29
1 35
1 36
1 38
1 39
1 41
1 44
1 49
1 50
1 51
1 53
2 4
2 5
2 8
2 9
2 18
2 29
2 31
2 39
2 41
2 45
2 46
2 49
2 50
2 51
3 6
3 8
3 22
3 23
3 27
3 31
3 33
3 35
4 11
4 13
4 15
4 18
4 19
4 20
4 26
4 27
4 29
4 36
4 38
4 39
4 40
4 47
4 48
4 49
4 50
4 54
4 55
5 7
5 8
5 14
5 17
5 18
5 22
5 30
5 31
5 33
5 34
5 38
5 47
5 50
5 56
6 7
6 11
6 15
6 16
6 17
6 27
6 29
6 31
6 33
6 34
6 35
6 37
6 38
6 39
6 44
6 45
6 48
6 51
6 54
6 56
7 8
7 9
7 10
7 11
7 14
7 16
7 23
7 27
7 29
7 39
7 41
7 43
7 44
7 49
7 51
7 52
7 53
7 54
8 13
8 14
8 17
8 19
8 20
8 27
8 28
8 31
8 32
8 35
8 36
8 37
8 39
8 40
8 41
8 44
8 45
8 48
8 56
9 10
9 18
9 26
9 33
9 37
9 39
9 44
9 49
9 52
9 53
9 54
9 55
10 11
10 12
10 19
10 24
10 27
10 28
10 35
10 37
10 39
10 40
10 41
10 46
10 55
11 12
11 14
11 16
11 18
11 20
11 21
11 23
11 29
11 33
11 37
11 41
11 42
11 43
11 44
11 48
11 54
11 56
12 15
12 17
12 19
12 22
12 27
12 30
12 32
12 33
12 34
12 36
12 38
12 40
12 42
12 43
12 44
12 45
12 48
12 49
12 52
12 56
13 14
13 18
13 20
13 22
13 26
13 33
13 34
13 35
13 36
13 43
13 44
13 45
13 46
13 47
13 49
13 51
13 53
13 54
14 16
14 17
14 19
14 20
14 28
14 29
14 32
14 35
14 36
14 37
14 46
14 48
14 52
14 53
14 55
14 56
15 17
15 19
15 22
15 23
15 28
15 33
15 34
15 37
15 38
15 47
15 52
15 55
15 56
16 19
16 22
16 24
16 27
16 30
16 37
16 39
16 41
16 42
16 43
16 48
16 49
16 52
16 54
16 56
17 21
17 22
17 28
17 32
17 33
17 34
17 37
17 41
17 42
17 45
17 46
17 52
17 53
17 54
18 19
18 20
18 21
18 22
18 25
18 27
18 32
18 33
18 36
18 37
18 38
18 41
18 45
18 46
18 47
18 49
18 51
18 53
18 55
19 21
19 22
19 26
19 29
19 30
19 32
19 34
19 36
19 40
19 44
19 45
19 46
19 47
19 50
19 56
20 21
20 22
20 23
20 24
20 25
20 26
20 27
20 29
20 30
20 39
20 41
20 42
20 43
20 46
20 48
20 52
20 53
20 56
21 24
21 27
21 35
21 40
21 41
21 42
21 45
21 48
21 50
21 53
22 25
22 27
22 28
22 31
22 33
22 34
22 35
22 37
22 40
22 41
22 42
22 46
22 48
22 49
22 50
22 51
22 52
22 55
22 56
23 25
23 26
23 27
23 30
23 31
23 41
23 42
23 44
23 45
23 53
24 25
24 29
24 30
24 33
24 37
24 39
24 42
24 48
24 52
24 54
24 55
24 56
25 26
25 27
25 31
25 32
25 37
25 38
25 40
25 43
25 45
25 49
25 50
25 53
25 54
26 42
26 44
26 48
26 50
26 56
27 29
27 30
27 31
27 34
27 35
27 39
27 41
27 46
27 51
27 53
27 55
28 29
28 32
28 36
28 38
28 39
28 41
28 48
28 50
28 51
28 52
28 53
28 54
28 55
29 30
29 38
29 39
29 42
29 44
29 48
29 51
30 32
30 38
30 41
30 45
30 46
30 49
30 54
30 55
31 38
31 42
31 45
31 46
31 50
31 52
31 54
32 36
32 42
32 46
32 50
32 51
32 53
32 54
32 55
33 36
33 39
33 41
33 42
33 43
33 45
33 47
33 49
33 50
33 52
33 54
33 56
34 35
34 41
34 46
34 47
34 50
34 53
34 54
35 37
35 40
35 41
35 42
35 44
35 48
35 49
35 50
35 53
36 37
36 41
36 42
36 43
36 48
36 51
36 52
36 54
37 44
37 48
37 49
37 56
38 39
38 41
38 43
38 44
38 45
38 48
38 49
38 50
38 53
38 54
38 55
38 56
39 41
39 44
39 46
39 47
39 48
40 42
40 45
40 46
40 47
40 52
40 54
40 56
41 42
41 45
41 47
41 48
41 50
41 54
42 43
42 46
42 53
42 55
43 44
43 46
43 47
43 51
43 55
44 47
44 52
44 54
45 46
45 55
46 49
46 50
46 54
46 55
47 50
47 51
47 52
47 54
48 49
48 51
48 53
48 56
49 52
49 54
49 56
50 51
50 54
50 56
51 52
51 55
52 53
52 54
53 56
