0 1
0 2
0 3
0 4
0 5
0 6
0 7
0 8
0 9
0 10
0 11
0 12
0 13
0 14
0 15
0 16
0 17
0 18
0 19
0 20
0 21
0 22
0 23
0 26
0 27
0 29
0 32
0 33
0 34
0 35
0 36
0 38
0 39
0 40
0 42
0 43
0 45
0 48
0 49
0 51
0 52
0 53
0 58
0 61
0 63
0 65
0 66
0 67
0 68
0 73
1 11
1 15
1 17
1 18
1 19
1 28
1 42
1 46
1 53
1 54
1 57
1 66
1 70
2 11
2 12
2 13
2 14
2 15
2 16
2 17
2 19
2 27
2 33
2 37
2 41
2 45
2 56
3 11
3 12
3 13
3 14
3 16
3 17
3 21
3 22
3 23
3 24
3 27
3 28
3 29
3 31
3 35
3 36
3 38
3 45
3 47
3 50
3 52
3 54
3 56
3 62
3 64
3 66
3 73
4 11
4 12
4 15
4 20
4 23
4 43
4 46
5 11
5 12
5 13
5 14
5 16
5 18
5 19
5 22
5 25
5 32
5 41
5 42
5 44
5 47
5 49
5 51
5 54
5 64
6 11
6 12
6 13
6 14
6 15
6 17
6 18
6 22
6 30
6 32
6 37
6 47
6 51
6 62
7 11
7 12
7 14
7 16
7 17
7 18
7 26
7 28
7 35
7 47
7 50
7 63
7 69
8 11
8 13
8 14
8 15
8 18
8 24
8 27
8 30
8 36
8 44
8 48
8 62
9 11
9 12
9 13
9 20
9 21
9 26
9 29
9 31
9 46
9 50
9 54
10 12
10 13
10 16
10 19
10 20
10 22
10 23
10 24
10 27
10 28
10 33
10 34
10 40
10 45
10 51
10 58
10 59
10 69
10 70
10 71
11 12
11 13
11 14
11 15
11 19
11 20
11 21
11 24
11 25
11 27
11 28
11 29
11 33
11 34
11 37
11 39
11 40
11 42
11 44
11 45
11 46
11 54
11 57
11 58
11 59
11 64
11 68
11 69
11 70
11 73
12 13
12 14
12 15
12 16
12 17
12 18
12 19
12 22
12 23
12 24
12 26
12 27
12 28
12 29
12 30
12 31
12 32
12 38
12 39
12 40
12 45
12 47
12 48
12 50
12 51
12 52
12 53
12 55
12 56
12 63
12 65
12 66
12 70
12 72
12 73
13 14
13 15
13 16
13 17
13 18
13 19
13 20
13 21
13 22
13 24
13 25
13 28
13 29
13 30
13 32
13 33
13 35
13 36
13 38
13 39
13 45
13 56
13 57
13 60
13 61
13 64
13 67
13 68
14 15
14 16
14 17
14 18
14 19
14 21
14 22
14 27
14 30
14 31
14 32
14 33
14 35
14 38
14 41
14 43
14 45
14 47
14 53
14 56
14 57
14 61
15 16
15 20
15 22
15 23
15 24
15 25
15 31
15 32
15 34
15 35
15 36
15 37
15 46
15 53
15 57
15 62
15 67
16 17
16 18
16 20
16 21
16 26
16 29
16 31
16 34
16 36
16 39
16 40
16 46
16 48
16 49
16 53
16 55
16 61
16 70
17 20
17 21
17 24
17 25
17 26
17 29
17 33
17 34
17 35
17 36
17 38
17 46
17 47
17 50
17 53
17 59
17 63
17 72
18 19
18 23
18 24
18 25
18 28
18 30
18 34
18 35
18 37
18 40
18 45
18 49
18 50
18 51
18 54
18 59
18 67
18 68
18 71
19 20
19 21
19 23
19 25
19 26
19 27
19 30
19 31
19 42
19 43
19 45
19 48
19 49
19 50
19 53
19 55
19 57
19 67
19 70
19 71
19 72
20 21
20 25
20 27
20 28
20 29
20 31
20 32
20 35
20 37
20 40
20 42
20 52
20 55
20 60
20 61
20 63
21 22
21 23
21 26
21 29
21 31
21 32
21 33
21 34
21 38
21 56
21 62
22 23
22 24
22 25
22 26
22 28
22 37
22 41
22 43
22 44
22 54
22 68
23 26
23 33
23 44
23 48
23 50
23 57
23 61
23 71
24 25
24 31
24 39
24 47
24 56
24 60
25 30
25 34
25 36
25 40
25 43
25 44
25 52
25 54
25 55
25 64
25 70
26 30
26 37
26 38
26 39
26 43
26 64
26 67
26 68
27 30
27 33
27 41
27 46
27 52
27 58
27 60
27 61
27 64
27 69
28 36
28 41
28 43
28 46
28 48
28 49
28 58
28 62
28 65
28 69
28 72
29 37
29 39
29 42
29 59
30 36
30 49
30 51
30 68
30 69
31 32
31 38
31 41
31 69
31 71
32 34
32 38
32 41
32 42
32 47
32 51
32 57
32 66
32 73
33 35
33 41
33 44
33 49
33 52
33 53
33 54
33 58
33 66
33 69
34 44
34 65
34 71
35 39
35 43
35 50
35 51
35 52
35 60
35 61
35 62
35 65
35 72
36 37
36 40
36 43
36 44
36 58
36 62
36 67
37 46
37 48
37 56
37 59
37 66
38 39
38 40
38 41
38 42
38 52
38 53
38 56
38 59
38 63
38 72
39 58
39 59
40 66
40 67
40 69
40 70
41 42
41 68
42 44
42 47
42 49
42 51
42 54
42 55
42 58
42 63
42 71
42 72
43 48
44 55
44 60
44 65
44 73
45 52
45 57
45 60
45 72
45 73
46 49
46 63
46 64
47 48
47 55
47 73
48 50
48 55
48 57
48 63
48 71
49 58
49 61
49 71
50 60
50 61
50 65
50 68
50 71
50 73
51 60
52 55
52 56
52 59
53 66
54 64
54 65
54 69
56 65
56 68
57 62
57 64
58 59
58 62
58 63
58 65
58 67
58 70
59 60
61 66
63 67
64 72
66 70
66 72
72 73
