0 1
0 2
0 3
0 4
0 5
0 6
0 7
0 8
0 9
0 10
0 11
0 13
0 14
0 15
0 16
0 18
0 21
0 22
0 29
0 30
0 32
0 34
0 35
0 44
0 45
0 46
0 47
0 48
0 52
0 64
0 70
1 6
1 7
1 11
1 17
1 41
1 46
1 62
2 8
2 9
2 11
2 14
2 18
2 20
2 21
2 24
2 31
2 37
2 39
2 50
2 59
2 75
2 78
3 6
3 7
3 8
3 9
3 11
3 13
3 22
4 6
4 8
4 9
4 13
4 14
4 17
4 20
4 23
4 29
4 37
4 39
4 42
4 43
4 55
4 63
4 65
4 69
4 70
4 72
4 74
4 76
4 78
5 6
5 7
5 10
5 16
5 18
5 27
5 29
5 33
5 38
5 48
6 7
6 8
6 10
6 11
6 12
6 13
6 15
6 16
6 22
6 23
6 25
6 26
6 31
6 32
6 36
6 40
6 43
6 44
6 49
6 53
6 56
6 60
6 61
7 9
7 12
7 19
7 21
7 23
7 35
7 36
7 38
7 40
7 41
7 42
7 46
7 48
7 52
7 66
7 69
7 76
7 80
8 10
8 12
8 21
8 25
8 52
8 68
9 10
9 12
9 13
9 15
9 17
9 20
9 24
9 32
9 40
9 42
9 54
9 55
9 56
9 60
9 72
10 12
10 14
10 19
10 22
10 23
10 24
10 26
10 31
10 34
10 43
10 47
10 50
10 65
10 70
10 78
11 15
11 18
11 19
11 20
11 26
11 28
11 33
11 38
11 51
11 57
11 64
11 66
11 71
11 77
12 16
12 25
12 27
12 58
13 14
13 15
13 16
13 17
13 18
13 28
13 36
13 43
13 50
13 70
13 72
13 73
13 79
14 24
14 30
14 32
14 34
14 36
14 47
14 54
14 65
14 66
14 78
15 19
15 49
15 53
15 72
15 77
16 17
16 20
16 21
16 24
16 25
16 27
16 30
16 37
16 39
16 54
16 63
16 65
16 66
16 79
16 80
17 19
17 22
17 23
17 27
17 28
17 39
17 41
17 51
17 60
17 75
17 76
18 28
18 29
18 35
18 42
18 45
18 53
18 56
18 62
18 68
18 74
19 37
19 53
19 76
19 79
20 25
20 32
20 33
20 42
20 43
20 53
20 59
20 61
21 26
21 27
21 44
21 47
22 38
22 40
22 41
22 48
22 77
23 38
23 51
24 26
24 29
24 33
24 34
24 47
24 57
24 59
24 66
24 75
25 28
25 30
25 36
25 50
25 54
25 62
25 64
25 68
25 73
26 40
26 45
26 52
26 61
26 69
26 77
27 30
27 31
27 45
27 49
27 51
27 58
27 60
27 62
27 67
27 73
28 31
28 44
28 69
29 33
29 63
29 69
29 73
30 35
30 49
30 59
30 62
30 74
32 34
32 44
32 50
32 57
32 68
32 77
33 35
33 46
33 54
33 55
33 59
34 39
34 56
35 58
35 63
35 71
36 37
36 55
36 67
36 71
37 51
37 64
38 41
38 45
38 75
39 48
39 56
39 68
39 73
40 46
40 58
41 55
44 76
45 72
46 49
46 65
46 71
46 78
48 52
48 57
48 63
49 64
49 67
52 61
52 67
53 57
53 80
54 67
54 70
55 74
56 58
57 60
58 74
59 61
59 79
60 80
64 75
66 71
74 80
76 79
