0 1
0 10
0 21
0 36
0 7
0 37
0 44
0 27
1 29
1 46
1 32
1 16
1 8
1 37
1 49
2 3
2 47
2 38
2 11
2 29
2 41
2 48
2 16
3 46
3 40
3 4
3 17
3 13
3 38
3 44
4 5
4 22
4 36
4 42
4 20
4 8
4 27
5 33
5 39
5 21
5 6
5 22
5 49
5 11
6 7
6 19
6 39
6 24
6 32
6 26
6 29
7 23
7 8
7 42
7 14
7 35
7 38
8 9
8 32
8 15
8 40
8 33
9 26
9 36
9 39
9 34
9 44
9 30
9 12
10 21
10 38
10 19
10 15
10 34
10 42
10 35
11 12
11 34
11 41
11 36
11 42
11 49
12 42
12 43
12 44
12 41
12 22
12 14
13 14
13 20
13 21
13 41
13 26
13 43
13 32
14 43
14 32
14 30
14 49
14 15
15 16
15 36
15 23
15 17
15 47
16 23
16 31
16 43
16 25
16 48
17 18
17 21
17 34
17 30
17 39
17 37
18 29
18 33
18 19
18 48
18 46
18 20
18 27
19 32
19 37
19 30
19 28
19 26
20 43
20 44
20 22
20 28
20 35
21 41
21 36
21 22
22 23
22 47
22 30
23 46
23 42
23 40
23 31
24 25
24 35
24 31
24 39
24 44
24 49
24 40
25 39
25 32
25 45
25 46
25 30
25 40
26 27
26 38
26 28
26 43
27 44
27 48
27 45
27 49
28 29
28 41
28 42
28 48
28 40
29 47
29 37
29 45
30 31
30 39
31 33
31 45
31 41
31 37
32 35
33 39
33 48
33 49
33 37
34 35
34 38
34 45
34 46
35 47
35 38
36 37
36 40
38 46
40 45
41 42
43 47
43 49
44 47
45 47
45 48
46 48
