0 1
0 2
0 3
0 4
0 6
0 7
0 8
0 11
0 12
0 14
0 19
0 25
0 30
0 33
0 34
0 36
0 39
0 46
0 51
0 62
0 72
0 79
0 81
0 82
0 84
0 87
0 104
0 105
1 15
1 20
1 33
1 84
2 3
2 4
2 5
2 7
2 9
2 10
2 13
2 14
2 17
2 18
2 21
2 23
2 38
2 42
2 46
2 50
2 52
2 56
2 64
2 67
2 80
2 90
2 100
3 5
3 6
3 9
3 12
3 13
3 18
3 27
3 28
3 40
3 47
3 93
3 100
4 8
4 20
4 44
4 53
4 72
4 98
5 11
5 24
5 26
5 30
5 48
5 70
5 97
6 15
6 16
6 17
6 19
6 22
6 28
6 34
6 37
6 41
6 42
6 48
6 60
6 67
6 70
6 97
6 103
7 10
7 66
8 21
8 32
8 43
8 50
8 56
8 83
8 101
9 16
9 25
9 27
10 53
10 61
10 75
10 101
11 26
11 93
11 109
12 80
13 38
13 60
14 65
15 24
16 29
17 32
17 73
18 23
18 52
18 88
19 22
19 110
20 35
20 65
21 29
21 35
21 106
23 55
24 36
24 47
24 54
24 55
24 57
24 81
24 90
25 45
25 77
26 43
26 45
26 76
27 66
28 31
28 37
28 92
30 31
30 64
31 58
31 75
31 110
32 59
32 86
32 89
35 39
35 40
36 41
36 54
36 73
36 86
38 71
39 83
39 85
41 68
42 44
42 49
42 107
43 85
45 58
45 99
46 59
46 89
47 62
47 63
47 71
48 49
48 51
48 74
48 76
48 78
48 95
48 103
48 111
49 108
51 57
51 63
52 69
53 61
53 95
56 87
57 74
57 91
58 88
58 108
59 107
62 69
65 77
65 78
67 68
67 79
67 96
67 105
69 111
71 82
74 104
79 98
80 91
83 92
83 94
84 102
87 94
88 96
88 99
88 106
99 109
101 102
