0 1
0 2
0 3
0 4
0 5
0 6
0 7
0 10
0 11
0 12
0 15
0 17
0 19
0 27
0 29
0 32
0 33
0 34
0 37
0 40
0 46
0 49
0 52
0 61
0 70
0 76
0 103
0 104
1 3
1 4
1 9
1 12
1 13
1 14
1 21
1 43
1 52
1 62
1 94
1 101
2 6
2 22
2 24
2 37
2 38
2 45
2 48
2 58
2 72
2 99
3 5
3 8
3 11
3 18
3 20
3 46
3 60
3 70
3 71
3 83
3 98
4 13
4 16
4 28
4 59
4 61
4 74
4 93
5 7
5 21
5 40
5 42
5 50
5 66
6 8
6 22
6 34
6 35
6 36
6 41
6 45
6 51
6 65
6 82
6 84
6 85
6 87
6 90
6 92
6 98
6 99
7 9
7 16
7 19
7 44
7 51
7 62
9 10
9 23
9 39
9 41
9 54
9 67
9 71
9 85
10 17
10 31
11 18
11 29
11 42
11 47
11 50
11 54
11 75
11 89
11 97
12 14
12 15
12 43
12 53
12 55
12 64
12 73
12 77
12 84
13 20
13 24
13 25
13 26
13 38
13 75
13 89
13 94
14 30
14 47
15 79
15 103
16 26
17 23
17 81
18 32
18 63
18 77
19 25
19 27
19 31
19 49
19 78
19 100
21 28
22 44
22 55
22 66
23 57
23 60
24 30
26 33
26 69
29 39
29 96
30 35
31 36
32 80
32 96
33 83
33 87
38 63
38 65
38 102
39 53
40 57
40 68
40 104
41 56
42 48
42 56
42 76
42 80
43 64
43 88
45 74
53 69
54 59
55 58
55 72
55 86
59 82
60 95
61 81
61 91
63 68
63 73
65 67
65 90
65 92
65 93
66 95
67 78
67 91
70 102
73 79
75 88
75 101
76 97
80 86
85 100
