0 1
0 2
0 3
0 4
0 5
0 6
0 7
0 8
0 9
0 10
0 11
0 12
0 13
0 14
0 15
0 16
0 17
0 18
0 19
0 20
0 21
0 22
0 24
0 27
0 28
0 30
0 31
0 32
0 34
0 35
0 37
0 38
0 39
0 40
0 41
0 42
0 44
0 46
0 47
0 49
0 53
0 56
0 62
0 64
0 66
1 11
1 14
1 18
1 20
1 21
1 22
1 24
1 30
1 44
1 49
1 53
1 58
1 60
1 65
1 69
2 11
2 12
2 13
2 15
2 17
2 23
2 29
2 41
2 42
2 46
2 57
2 61
3 11
3 12
3 13
3 14
3 16
3 17
3 22
3 24
3 25
3 27
3 31
3 35
3 44
3 45
3 52
3 55
3 56
3 58
3 59
3 65
3 68
4 11
4 13
4 15
4 16
4 18
4 19
4 20
4 24
4 46
4 50
4 57
4 63
4 65
5 11
5 12
5 14
5 17
5 18
5 19
5 24
5 35
5 36
5 39
5 43
5 45
5 48
5 59
5 62
5 65
6 11
6 12
6 13
6 15
6 18
6 20
6 21
6 25
6 28
6 29
6 41
6 47
6 51
6 59
6 62
7 11
7 12
7 13
7 14
7 17
7 19
7 20
7 21
7 23
7 25
7 26
7 34
7 38
7 39
7 43
7 57
7 66
8 11
8 12
8 13
8 14
8 15
8 16
8 17
8 21
8 22
8 23
8 24
8 25
8 27
8 28
8 29
8 32
8 37
8 39
8 40
8 41
8 48
8 51
8 55
8 62
8 63
8 64
8 68
9 12
9 38
10 11
10 12
10 13
10 14
10 15
10 16
10 22
10 26
10 28
10 33
10 34
10 48
10 51
10 52
10 57
10 63
10 68
11 12
11 13
11 14
11 15
11 16
11 19
11 20
11 21
11 22
11 23
11 24
11 25
11 27
11 28
11 29
11 31
11 33
11 34
11 35
11 36
11 37
11 44
11 50
11 52
11 54
11 58
11 63
11 68
12 13
12 14
12 15
12 16
12 17
12 18
12 20
12 22
12 23
12 32
12 38
12 40
12 41
12 43
12 45
12 46
12 50
12 53
12 55
12 60
12 69
13 14
13 15
13 16
13 18
13 19
13 26
13 27
13 32
13 33
13 37
13 39
13 40
13 41
13 42
13 46
13 55
13 56
13 57
13 58
13 60
13 62
13 63
13 65
13 69
14 15
14 16
14 17
14 18
14 19
14 20
14 21
14 22
14 23
14 24
14 25
14 30
14 31
14 32
14 33
14 36
14 40
14 42
14 43
14 46
14 47
14 52
14 54
14 56
14 59
14 60
14 63
14 64
14 65
14 66
15 16
15 17
15 18
15 19
15 21
15 24
15 26
15 29
15 30
15 31
15 33
15 34
15 36
15 37
15 39
15 40
15 42
15 44
15 48
15 49
15 61
15 65
15 68
16 17
16 23
16 29
16 32
16 33
16 36
16 47
16 48
16 50
16 51
16 52
16 54
16 55
16 57
17 18
17 19
17 20
17 24
17 26
17 27
17 30
17 31
17 34
17 36
17 38
17 44
17 46
17 47
17 51
17 56
17 59
17 64
17 69
18 19
18 20
18 21
18 22
18 23
18 25
18 26
18 27
18 31
18 35
18 36
18 37
18 38
18 40
18 41
18 43
18 45
18 46
18 49
18 55
18 62
18 65
18 67
19 21
19 26
19 27
19 28
19 30
19 31
19 32
19 35
19 37
19 39
19 40
19 43
19 52
19 53
19 55
19 60
20 25
20 28
20 29
20 35
20 42
20 46
20 48
20 50
20 63
21 22
21 23
21 27
21 29
21 31
21 32
21 38
21 40
21 42
21 47
21 51
21 54
21 56
21 60
21 61
21 64
21 68
22 23
22 25
22 29
22 30
22 31
22 32
22 35
22 36
22 38
22 47
22 53
22 57
22 58
22 59
22 64
23 25
23 26
23 28
23 32
23 51
23 64
23 66
23 67
24 26
24 27
24 28
24 30
24 33
24 34
24 49
24 54
25 26
25 28
25 34
25 37
25 44
25 45
25 49
25 62
26 30
26 33
26 37
26 42
26 45
26 50
26 54
26 64
26 68
27 29
27 30
27 33
27 38
27 40
27 53
27 54
27 59
28 34
28 38
28 41
28 43
28 46
28 47
28 48
28 60
28 68
29 33
29 35
29 36
29 43
29 51
29 58
29 61
30 53
30 60
30 66
30 67
30 68
31 34
31 37
31 47
31 49
31 64
31 69
32 35
32 36
32 39
32 41
32 43
32 45
32 54
32 55
32 62
32 67
33 39
33 43
33 54
33 57
33 59
33 61
34 44
34 45
34 48
34 56
34 59
34 66
34 67
34 69
35 42
35 50
35 52
35 59
35 65
36 39
36 41
36 44
36 48
36 67
36 68
37 55
37 58
38 42
38 60
38 67
39 45
39 49
39 54
39 57
39 63
39 67
40 44
40 49
40 55
40 56
40 62
40 63
41 58
41 66
42 65
43 45
43 47
43 48
43 69
44 53
44 56
44 58
44 67
45 49
45 50
45 51
45 57
45 61
45 69
46 50
46 51
46 52
46 53
47 50
47 58
47 62
48 52
48 61
48 64
48 67
48 69
49 52
50 53
51 56
51 66
51 69
52 63
54 61
55 61
58 61
59 60
62 66
64 66
