0 1
0 2
0 6
0 7
0 8
0 11
0 12
0 13
0 14
0 17
0 20
0 25
0 26
0 27
0 28
0 29
0 31
0 33
0 34
0 36
0 37
0 44
0 45
0 51
0 54
1 4
1 9
1 10
1 11
1 17
1 18
1 25
1 30
1 32
1 33
1 34
1 40
1 42
1 52
1 53
2 4
2 6
2 10
2 17
2 18
2 22
2 23
2 27
2 29
2 35
2 44
2 45
2 46
2 54
3 5
3 8
3 18
3 23
3 26
3 28
3 29
3 30
3 33
3 37
3 40
3 42
3 43
3 44
3 47
3 48
3 49
3 51
3 53
3 54
4 11
4 12
4 13
4 15
4 16
4 17
4 22
4 27
4 28
4 32
4 36
4 37
4 41
4 43
4 44
4 47
4 49
4 51
4 53
5 7
5 10
5 13
5 17
5 18
5 19
5 22
5 29
5 31
5 33
5 34
5 36
5 41
5 45
5 51
5 52
6 9
6 11
6 14
6 19
6 22
6 31
6 33
6 35
6 38
6 39
6 46
6 47
6 48
6 49
6 50
6 52
7 11
7 12
7 18
7 19
7 20
7 21
7 25
7 29
7 34
7 37
7 39
7 40
7 47
7 49
8 9
8 12
8 16
8 19
8 20
8 22
8 29
8 30
8 31
8 33
8 37
8 45
8 47
8 49
8 54
9 12
9 15
9 19
9 24
9 25
9 29
9 31
9 36
9 38
9 41
9 42
9 43
9 45
9 50
9 51
9 52
9 53
10 11
10 21
10 23
10 24
10 25
10 30
10 32
10 33
10 39
10 40
10 42
10 44
10 45
10 47
10 48
10 51
10 52
11 14
11 19
11 22
11 24
11 30
11 36
11 38
11 39
11 40
11 41
11 43
11 49
11 51
11 54
12 14
12 17
12 21
12 22
12 27
12 30
12 32
12 33
12 34
12 35
12 45
12 46
12 47
13 17
13 19
13 21
13 22
13 23
13 25
13 26
13 32
13 33
13 34
13 35
13 39
13 42
13 46
13 50
13 51
13 54
14 16
14 17
14 19
14 26
14 28
14 31
14 32
14 33
14 34
14 35
14 41
14 44
14 48
14 53
14 54
15 17
15 19
15 20
15 21
15 28
15 29
15 38
15 41
15 43
15 49
15 50
15 52
15 54
16 20
16 23
16 39
16 42
16 47
16 48
16 51
17 18
17 19
17 20
17 21
17 24
17 26
17 29
17 30
17 37
17 43
17 46
17 49
17 51
17 53
17 54
18 20
18 21
18 24
18 26
18 28
18 30
18 36
18 37
18 38
18 39
18 45
18 47
18 48
18 49
18 51
18 52
19 20
19 22
19 23
19 27
19 30
19 32
19 33
19 34
19 37
19 38
19 41
19 43
19 44
19 45
19 48
19 50
19 51
19 53
20 23
20 24
20 29
20 32
20 34
20 38
20 41
20 42
20 43
20 45
20 47
20 48
20 49
20 50
20 53
20 54
21 24
21 26
21 28
21 30
21 31
21 35
21 36
21 38
21 44
21 45
21 49
21 50
21 52
22 23
22 25
22 26
22 27
22 28
22 30
22 31
22 32
22 34
22 42
22 43
22 46
22 51
22 52
23 25
23 27
23 28
23 29
23 31
23 33
23 34
23 37
23 41
23 42
23 43
23 46
23 47
23 49
23 53
24 25
24 26
24 28
24 29
24 30
24 33
24 42
24 43
24 47
24 49
24 53
25 26
25 28
25 29
25 41
25 48
25 53
25 54
26 33
26 34
26 35
26 36
26 48
26 49
26 50
26 52
27 30
27 32
27 35
27 38
27 40
27 43
27 47
27 48
27 49
27 54
28 30
28 33
28 41
28 45
28 47
28 48
28 49
28 50
28 53
28 54
29 32
29 36
29 39
29 41
29 45
29 47
29 49
29 50
29 53
29 54
30 31
30 36
30 37
30 41
30 43
30 45
30 46
30 47
30 52
30 54
31 32
31 45
31 51
31 53
31 54
32 33
32 35
32 38
32 44
32 45
32 48
32 51
32 53
33 35
33 39
33 40
33 41
33 42
33 45
33 48
33 50
34 40
34 43
34 44
34 47
34 48
34 49
34 51
34 52
34 53
35 37
35 38
35 39
35 40
35 42
35 43
36 39
36 42
36 46
36 47
36 48
36 51
37 38
37 40
37 41
37 42
37 43
37 44
37 46
37 47
37 48
37 50
37 51
38 41
38 43
38 44
38 48
38 49
38 50
38 53
39 42
39 45
39 48
39 49
39 51
40 44
40 45
40 46
40 49
40 50
40 51
41 47
41 52
41 53
42 45
42 47
42 49
42 50
42 53
43 46
43 49
43 51
43 53
43 54
44 47
44 48
44 53
44 54
45 46
45 48
45 52
46 47
46 53
47 52
47 54
48 50
48 51
48 53
49 51
49 52
49 53
49 54
50 54
51 52
53 54
