0 18
0 25
0 33
0 60
0 65
1 5
1 14
1 22
1 28
1 44
1 49
2 10
2 40
2 52
2 54
2 61
3 5
3 7
3 20
3 30
3 47
3 63
3 64
4 27
4 34
4 50
5 6
5 9
5 21
5 27
5 34
5 46
5 52
6 12
7 11
7 19
7 45
7 46
7 50
7 57
8 12
8 22
8 25
8 26
8 46
8 51
8 63
9 12
9 36
10 19
10 23
10 35
10 46
10 57
10 62
11 18
11 31
11 41
11 53
11 64
12 15
12 24
12 40
13 27
13 39
13 59
14 32
14 45
15 16
15 19
15 27
15 47
15 51
16 18
16 47
17 20
17 23
17 29
17 36
17 47
17 49
17 56
18 19
18 47
18 55
19 39
19 49
20 31
20 38
20 49
20 62
21 43
21 58
22 34
22 40
22 45
22 54
22 60
22 62
23 24
23 25
23 28
23 43
23 63
24 25
24 42
24 43
24 46
24 55
24 62
25 28
25 36
25 62
26 29
26 53
26 55
26 64
27 46
27 55
27 58
28 30
28 35
28 36
28 49
28 58
29 35
30 36
30 39
30 62
31 37
31 40
31 60
32 43
32 48
33 42
33 53
34 57
35 53
35 63
36 37
36 52
36 57
37 58
38 46
38 61
39 41
39 46
39 54
40 54
41 65
43 65
44 53
44 60
44 61
47 63
48 50
48 65
50 62
51 60
53 64
54 56
54 58
56 58
57 64
59 63
60 62
61 62
