0 1
0 2
0 3
0 4
0 5
0 6
0 7
0 8
0 9
0 10
0 11
0 12
0 13
0 14
0 15
0 16
0 17
0 18
0 20
0 21
0 22
0 23
0 24
0 27
0 29
0 36
0 37
0 39
0 42
0 47
0 50
0 54
0 63
0 67
0 68
1 12
1 13
1 14
1 16
1 19
1 20
1 26
1 38
1 49
1 64
1 65
1 69
2 11
2 12
2 15
2 16
2 17
2 18
2 19
2 20
2 23
2 27
2 28
2 30
2 31
2 32
2 33
2 35
2 36
2 39
2 42
2 43
2 44
2 48
2 51
2 53
2 58
2 60
2 61
3 11
3 12
3 15
3 16
3 17
3 20
3 21
3 22
3 23
3 28
3 29
3 30
3 35
3 36
3 40
3 41
3 42
3 44
3 45
3 47
3 51
3 53
3 62
3 64
3 66
3 69
3 70
4 11
4 12
4 13
4 14
4 15
4 17
4 19
4 20
4 21
4 22
4 24
4 25
4 29
4 33
4 39
4 43
4 52
4 57
4 61
4 62
4 64
4 66
4 67
5 11
5 13
5 18
5 21
5 24
5 35
5 47
6 11
6 12
6 13
6 17
6 21
6 24
6 60
6 63
7 11
7 12
7 14
7 15
7 32
7 34
7 35
7 36
7 44
7 50
7 52
7 53
7 57
7 67
8 11
8 12
8 13
8 14
8 15
8 16
8 21
8 23
8 25
8 26
8 38
8 41
8 43
8 45
8 46
8 51
8 58
8 60
8 64
9 11
9 12
9 13
9 14
9 16
9 17
9 18
9 19
9 20
9 26
9 34
9 37
9 45
9 52
9 53
9 64
10 11
10 13
10 14
10 15
10 17
10 18
10 19
10 23
10 25
10 32
10 48
10 57
10 62
10 69
11 12
11 13
11 14
11 15
11 16
11 18
11 19
11 21
11 22
11 24
11 25
11 26
11 27
11 28
11 30
11 31
11 32
11 33
11 35
11 36
11 38
11 40
11 43
11 44
11 48
11 50
11 53
11 55
11 63
11 65
11 70
12 13
12 14
12 15
12 16
12 20
12 22
12 24
12 27
12 28
12 30
12 34
12 35
12 40
12 43
12 45
12 47
12 51
12 52
12 61
12 69
13 14
13 15
13 16
13 17
13 18
13 19
13 21
13 22
13 25
13 27
13 31
13 34
13 36
13 38
13 39
13 40
13 42
13 43
13 44
13 47
13 53
13 58
13 63
13 68
13 69
14 16
14 18
14 20
14 21
14 22
14 23
14 24
14 25
14 28
14 31
14 33
14 34
14 37
14 43
14 45
14 46
14 47
14 50
14 54
14 56
14 60
14 61
14 63
14 65
14 66
14 67
14 69
15 17
15 20
15 23
15 26
15 27
15 28
15 29
15 30
15 32
15 33
15 38
15 41
15 43
15 44
15 45
15 46
15 48
15 49
15 51
15 53
15 56
15 57
15 59
15 63
15 65
15 68
15 69
15 70
16 17
16 18
16 19
16 21
16 22
16 24
16 25
16 27
16 32
16 33
16 36
16 38
16 40
16 43
16 45
16 46
16 48
16 49
16 51
16 52
16 54
16 60
16 65
16 69
16 70
17 18
17 19
17 20
17 22
17 25
17 26
17 27
17 28
17 29
17 30
17 31
17 33
17 34
17 35
17 38
17 42
17 46
17 49
17 54
17 55
17 56
17 58
17 63
17 68
17 70
18 19
18 28
18 31
18 38
18 39
18 42
18 47
18 59
19 23
19 25
19 26
19 27
19 29
19 42
19 45
19 47
19 50
19 56
19 59
19 65
20 22
20 23
20 26
20 29
20 32
20 38
20 39
20 40
20 47
20 48
20 49
20 51
20 55
20 62
20 69
21 23
21 27
21 28
21 31
21 33
21 34
21 36
21 41
21 51
21 68
22 24
22 29
22 30
22 39
22 41
22 54
22 55
22 57
22 70
23 24
23 25
23 26
23 28
23 29
23 34
23 35
23 37
23 39
23 46
23 47
23 49
23 53
23 66
24 26
24 29
24 39
24 41
24 49
24 53
24 64
24 65
24 66
25 31
25 35
25 39
25 40
25 49
25 58
25 62
26 36
26 37
26 58
26 67
27 30
27 31
27 32
27 40
27 41
27 43
27 46
27 50
27 62
28 30
28 31
28 33
28 40
28 44
28 52
28 57
29 30
29 32
29 37
29 44
29 46
29 57
29 66
29 68
30 34
30 36
30 37
30 41
30 42
30 44
30 50
30 51
30 54
30 60
30 61
30 64
30 66
30 68
31 32
31 34
31 45
31 48
31 55
32 33
32 50
32 63
32 67
33 37
33 51
34 35
34 48
34 63
34 67
35 37
35 41
35 42
35 52
35 58
35 66
36 37
36 38
36 40
36 44
36 45
36 46
36 49
36 57
37 41
37 46
37 67
38 48
38 52
38 58
38 60
38 61
38 69
39 52
39 54
39 57
40 42
40 54
40 56
41 49
41 54
41 55
41 59
41 61
41 62
41 67
42 48
42 56
42 57
42 70
43 55
44 56
44 64
45 52
45 61
46 53
46 64
47 50
48 54
48 56
48 65
49 50
49 55
49 58
49 59
49 60
49 68
50 59
50 61
50 62
50 66
51 60
51 63
51 64
51 65
51 70
52 55
52 59
52 62
53 56
53 59
53 65
53 66
53 70
54 55
54 58
55 56
55 59
56 62
58 59
58 67
59 60
60 61
61 68
62 68
69 70
