0 1
0 2
0 3
0 6
0 9
0 11
0 18
0 19
0 21
0 22
0 23
0 25
0 26
0 28
0 32
0 33
0 36
0 37
0 39
1 5
1 7
1 8
1 10
1 11
1 12
1 14
1 20
1 24
1 25
1 26
1 32
1 35
1 36
1 42
1 44
2 3
2 6
2 8
2 11
2 16
2 17
2 18
2 20
2 21
2 34
2 37
2 38
2 40
2 41
2 42
2 43
3 8
3 10
3 12
3 15
3 19
3 20
3 22
3 25
3 26
3 27
3 28
3 32
3 34
3 36
3 38
4 8
4 15
4 17
4 18
4 24
4 25
4 26
4 36
4 40
4 42
5 6
5 9
5 16
5 17
5 18
5 20
5 21
5 23
5 24
5 25
5 27
5 28
5 29
5 30
5 31
5 40
5 44
6 8
6 11
6 12
6 19
6 20
6 21
6 22
6 24
6 25
6 27
6 32
6 37
6 39
6 40
6 43
6 44
7 8
7 10
7 16
7 20
7 21
7 23
7 25
7 29
7 32
7 42
7 44
8 11
8 13
8 14
8 20
8 26
8 28
8 32
8 33
8 38
8 44
9 15
9 16
9 28
9 29
9 30
9 39
9 40
9 44
10 12
10 16
10 17
10 21
10 22
10 28
10 30
10 32
10 33
10 37
10 39
10 40
10 41
10 44
11 13
11 18
11 19
11 21
11 30
11 31
11 32
11 40
11 43
12 15
12 16
12 19
12 20
12 23
12 25
12 26
12 28
12 30
12 35
13 15
13 17
13 25
13 30
13 34
13 35
13 42
14 17
14 23
14 27
14 32
14 36
14 38
14 39
14 41
14 44
15 18
15 20
15 21
15 22
15 26
15 27
15 29
15 32
15 34
15 43
16 18
16 19
16 21
16 23
16 27
16 34
16 35
16 37
16 39
16 40
16 44
17 18
17 20
17 21
17 23
17 28
17 32
17 33
17 35
17 42
18 20
18 21
18 22
18 25
18 27
18 29
18 30
18 32
18 37
18 44
19 20
19 23
19 25
19 30
19 37
19 41
20 23
20 24
20 25
20 26
20 27
20 38
20 42
21 28
21 29
21 33
21 35
21 37
21 40
21 41
21 42
21 43
21 44
22 23
22 27
22 28
22 29
22 30
22 35
22 38
23 25
23 29
23 30
23 31
23 33
23 34
23 35
23 38
23 40
23 42
23 43
24 26
24 27
24 28
24 33
24 34
24 35
24 37
24 39
24 41
25 37
25 38
25 42
25 44
26 27
26 33
26 36
26 37
26 38
26 44
27 32
27 33
28 31
28 36
28 39
28 44
29 31
29 36
29 41
29 42
29 43
30 37
30 39
30 40
30 41
30 44
31 34
31 37
31 40
31 41
31 43
32 34
32 35
32 36
32 38
32 40
32 43
32 44
33 35
33 36
33 42
33 43
34 35
34 37
34 43
35 38
35 44
36 37
36 38
36 43
37 38
37 39
37 41
38 42
38 43
38 44
39 40
39 43
40 43
40 44
41 43
41 44
43 44
