0 1
0 2
0 4
0 5
0 16
0 30
0 31
0 32
0 55
1 3
1 7
1 13
1 53
2 3
2 5
2 6
2 8
2 9
2 10
2 14
2 15
2 19
2 20
2 24
2 26
2 46
2 58
2 61
2 64
2 65
2 69
2 90
2 100
2 101
2 110
3 4
3 8
3 10
3 11
3 15
3 20
3 22
3 23
3 29
3 32
3 38
3 39
3 47
3 54
3 63
3 76
3 93
3 101
4 7
4 12
4 13
4 14
4 16
4 25
4 29
4 44
4 51
4 53
4 56
4 57
4 73
4 75
4 78
4 87
4 99
5 6
5 12
5 28
5 34
5 35
5 38
5 41
5 49
5 52
5 56
5 59
5 66
5 67
5 68
5 70
5 75
5 94
5 95
5 96
5 98
5 113
6 9
6 11
6 18
6 19
6 21
6 30
6 36
6 40
6 41
6 67
6 73
6 85
7 17
7 21
7 22
7 27
7 33
7 40
7 61
7 91
8 50
8 72
8 87
8 107
9 18
11 33
11 48
11 82
12 71
12 113
13 17
13 31
13 74
14 83
16 24
17 23
17 54
17 64
17 79
17 90
17 112
18 71
18 84
18 86
18 108
19 34
19 48
19 76
19 77
19 81
19 86
19 106
19 107
20 25
20 78
20 89
21 28
21 36
21 81
21 88
22 27
22 46
22 88
22 104
22 114
23 26
23 50
23 60
24 35
25 39
25 43
25 57
26 42
26 58
26 80
26 94
26 98
26 100
27 105
30 37
30 44
30 49
30 80
31 37
31 42
31 43
31 52
31 62
31 63
31 95
32 96
35 55
36 115
37 65
38 45
38 60
39 82
40 47
41 70
41 72
41 77
41 97
43 45
43 85
44 68
44 111
45 79
45 106
46 69
46 74
46 84
47 51
47 66
47 103
48 92
49 109
50 102
51 59
52 62
52 97
54 91
55 104
58 93
58 110
58 111
59 115
63 108
66 83
69 103
72 109
81 89
88 92
88 99
99 114
101 102
104 105
110 112
