0 1
0 2
0 3
0 4
0 5
0 6
0 7
0 8
0 9
0 10
0 11
0 12
0 13
0 14
0 15
0 16
0 17
0 18
0 19
0 24
0 26
0 28
0 31
0 35
0 36
0 38
0 39
0 40
0 43
0 44
0 45
0 53
0 54
0 55
0 57
0 62
1 11
1 12
1 13
1 16
1 17
1 21
1 26
1 42
1 50
1 55
1 56
1 58
2 11
2 12
2 14
2 15
2 17
2 19
2 20
2 22
2 26
2 29
2 40
2 41
2 42
2 43
2 44
2 46
2 52
2 54
2 58
2 62
3 11
3 12
3 13
3 14
3 15
3 16
3 17
3 18
3 20
3 21
3 22
3 25
3 34
3 35
3 37
3 46
3 49
3 51
3 61
4 11
4 12
4 14
4 15
4 18
4 20
4 22
4 23
4 28
4 29
4 41
4 45
4 49
4 52
4 61
5 13
5 32
5 41
5 47
6 11
6 13
6 15
6 17
6 19
6 20
6 25
6 39
6 43
6 45
6 47
6 48
6 49
6 51
6 53
6 58
7 11
7 12
7 14
7 16
7 17
7 18
7 19
7 23
7 27
7 32
7 39
7 48
7 52
7 56
8 11
8 12
8 13
8 16
8 17
8 23
8 24
8 25
8 29
8 30
8 33
8 36
8 37
8 38
8 40
8 43
8 47
8 48
8 59
8 61
9 11
9 12
9 13
9 14
9 19
9 25
9 28
9 30
9 31
9 38
9 40
9 44
9 46
9 51
9 56
10 11
10 12
10 13
10 14
10 15
10 19
10 22
10 23
10 25
10 26
10 28
10 29
10 30
10 31
10 34
10 37
10 42
10 43
10 45
11 12
11 13
11 14
11 15
11 16
11 18
11 19
11 20
11 21
11 22
11 24
11 26
11 28
11 29
11 30
11 31
11 32
11 35
11 36
11 38
11 40
11 41
11 42
11 43
11 51
11 55
11 57
11 58
11 59
11 62
12 13
12 14
12 15
12 16
12 18
12 19
12 20
12 21
12 24
12 26
12 27
12 28
12 29
12 30
12 31
12 35
12 36
12 38
12 45
12 57
12 59
12 60
13 14
13 15
13 16
13 17
13 18
13 19
13 20
13 22
13 23
13 24
13 25
13 27
13 32
13 34
13 35
13 37
13 44
13 45
13 49
13 50
13 51
13 52
13 54
13 56
13 58
13 59
13 60
14 15
14 16
14 17
14 18
14 21
14 22
14 24
14 25
14 27
14 30
14 34
14 35
14 36
14 41
14 43
14 45
14 55
14 56
14 57
14 59
15 16
15 18
15 19
15 20
15 21
15 23
15 27
15 28
15 29
15 31
15 32
15 37
15 39
15 40
15 47
15 48
15 51
15 52
15 54
15 56
15 61
15 62
16 17
16 20
16 21
16 22
16 23
16 26
16 27
16 30
16 33
16 37
16 38
16 41
16 48
16 52
16 60
16 61
17 18
17 21
17 23
17 25
17 28
17 35
17 37
17 52
18 21
18 22
18 24
18 29
18 36
18 38
18 39
18 41
18 53
18 60
19 20
19 21
19 22
19 24
19 26
19 27
19 33
19 40
19 41
19 42
19 47
19 52
19 53
19 57
20 23
20 29
20 30
20 34
20 38
20 39
20 44
20 47
21 24
21 25
21 31
21 33
21 36
21 37
21 39
21 45
21 49
22 23
22 25
22 27
22 29
22 33
22 36
22 38
22 49
22 51
22 53
22 62
23 24
23 26
23 27
23 30
23 31
23 32
23 33
23 34
23 36
23 45
23 46
23 51
23 53
23 58
23 60
23 61
23 62
24 34
24 35
24 41
24 46
24 55
25 26
25 27
25 28
25 31
25 32
25 33
25 35
25 42
25 44
25 58
26 32
26 33
26 43
26 44
26 46
26 55
26 57
27 28
27 30
27 31
27 32
27 34
27 35
27 44
27 47
27 54
27 55
27 58
27 60
28 32
28 33
28 43
28 45
28 47
28 50
28 51
28 52
28 54
28 60
28 62
29 34
29 36
29 38
29 39
29 40
29 41
29 44
29 47
29 48
29 50
29 56
30 33
30 42
30 43
30 48
30 58
31 42
31 44
31 51
31 57
32 34
32 46
33 39
33 48
33 49
33 54
33 55
33 59
34 40
34 42
34 50
34 55
34 56
34 59
34 61
35 37
35 61
36 37
36 39
36 46
36 49
36 50
36 53
36 54
36 55
36 56
37 46
37 49
37 57
37 59
38 40
38 42
38 47
38 48
38 49
38 50
38 53
39 53
40 56
40 58
41 46
41 48
42 50
43 50
44 50
44 60
45 52
46 60
47 62
48 54
49 61
50 57
50 62
51 59
52 53
52 57
52 61
53 54
56 59
56 60
60 62
