0 1
0 5
0 9
0 10
0 11
0 14
0 16
0 19
0 20
0 21
0 22
0 24
0 30
0 31
0 32
0 37
1 3
1 5
1 6
1 7
1 10
1 11
1 14
1 19
1 20
1 27
1 28
1 29
1 34
1 35
2 4
2 5
2 14
2 15
2 19
2 21
2 22
2 27
2 28
2 31
2 38
2 39
3 4
3 8
3 10
3 11
3 14
3 16
3 25
3 36
4 5
4 8
4 9
4 11
4 12
4 14
4 18
4 22
4 28
4 30
4 31
4 33
4 37
4 38
5 11
5 15
5 16
5 17
5 19
5 20
5 23
5 27
5 31
5 34
5 36
5 39
5 40
6 8
6 10
6 11
6 19
6 24
6 35
6 37
6 38
7 9
7 10
7 14
7 15
7 17
7 19
7 27
7 29
7 30
7 31
7 32
7 33
7 35
7 37
7 38
7 39
8 13
8 16
8 17
8 19
8 21
8 25
8 27
8 28
8 30
8 32
8 34
8 36
8 39
8 40
9 11
9 20
9 21
9 23
9 25
9 26
9 27
9 30
9 32
9 40
10 11
10 15
10 18
10 19
10 22
10 24
10 29
10 30
10 32
10 37
10 38
11 13
11 18
11 19
11 21
11 23
11 36
11 38
11 39
12 18
12 22
12 24
12 26
12 28
12 30
12 31
12 33
12 35
12 36
12 38
13 15
13 23
13 25
13 26
13 28
13 34
13 40
14 15
14 17
14 18
14 19
14 23
14 25
14 30
14 32
14 33
14 36
15 24
15 25
15 26
15 29
15 30
15 34
15 37
15 39
16 17
16 21
16 22
16 28
16 32
16 35
16 36
16 38
17 18
17 23
17 27
17 29
17 32
17 34
17 35
17 36
17 40
18 19
18 20
18 21
18 24
18 31
18 35
18 36
18 37
18 38
18 39
19 21
19 22
19 24
19 28
19 29
19 32
19 33
19 35
19 36
20 23
20 24
20 25
20 26
20 27
20 29
20 31
20 33
20 34
20 36
20 40
21 22
21 27
21 37
21 38
21 39
22 27
22 29
22 36
23 26
23 27
23 32
23 33
23 35
23 37
24 30
24 32
24 35
24 38
24 40
25 30
25 31
25 37
25 38
26 30
26 32
26 37
26 39
26 40
27 28
27 32
27 33
27 36
27 38
28 30
28 34
29 31
29 32
29 36
29 38
29 39
30 34
30 35
30 37
30 38
30 39
31 32
31 36
31 38
32 33
32 38
33 39
33 40
34 35
35 37
37 39
38 39
39 40
