0 13
0 23
0 36
0 60
1 4
1 23
1 28
1 62
2 29
2 35
3 12
3 25
3 29
3 37
3 55
3 58
4 6
4 45
4 53
5 12
5 19
5 35
5 50
5 62
6 30
6 34
6 36
6 65
7 14
7 44
7 51
7 54
7 66
8 14
8 21
8 38
8 61
8 63
9 18
9 20
9 23
9 33
9 49
10 38
10 39
11 15
11 22
11 24
11 53
12 20
13 18
13 27
13 34
13 51
13 65
13 67
14 24
14 29
14 33
16 53
16 58
16 65
17 20
17 21
17 23
17 31
17 66
18 20
19 27
19 34
19 52
19 65
20 24
20 28
20 43
21 38
21 40
21 54
21 63
22 46
22 50
22 62
23 45
23 54
23 55
24 25
24 31
24 34
24 54
24 55
25 26
25 41
25 47
25 51
26 38
27 63
28 32
28 37
28 42
28 50
28 58
29 32
29 40
30 37
31 36
31 45
32 43
33 49
33 53
33 67
34 37
34 43
34 56
34 64
35 53
35 64
35 66
36 52
37 39
37 56
38 43
39 57
39 62
40 53
40 55
41 57
41 59
42 66
43 53
43 60
45 49
45 51
45 64
45 66
46 56
47 51
47 53
48 49
50 58
50 65
50 66
51 58
51 59
51 64
51 66
53 54
53 59
53 63
56 60
56 62
56 63
58 65
59 60
59 65
61 62
