0 1
0 2
0 3
0 4
0 5
0 6
0 7
0 8
0 9
0 10
0 11
0 12
0 13
0 14
0 18
0 20
0 21
0 22
0 25
0 27
0 32
0 36
0 41
0 44
0 46
0 48
0 55
0 58
0 59
0 62
0 70
0 72
0 78
1 6
1 7
1 8
1 26
1 35
1 40
1 65
2 7
2 11
2 12
2 21
2 36
2 45
3 6
3 8
3 9
3 11
3 13
3 14
3 19
3 20
3 24
3 28
3 33
3 36
3 56
3 61
3 65
3 67
3 81
4 6
4 7
4 8
4 9
4 11
4 16
4 22
4 29
4 35
4 41
4 60
4 66
4 72
4 74
4 75
4 80
5 6
5 12
5 17
5 34
5 44
5 46
6 7
6 9
6 10
6 13
6 16
6 17
6 18
6 19
6 22
6 26
6 27
6 38
6 47
6 63
6 66
7 8
7 10
7 13
7 15
7 17
7 18
7 21
7 22
7 24
7 25
7 26
7 30
7 37
7 40
7 43
7 46
7 47
7 48
7 51
7 66
7 72
8 9
8 10
8 11
8 12
8 14
8 16
8 17
8 20
8 22
8 24
8 25
8 27
8 28
8 33
8 34
8 42
8 43
8 47
8 50
8 53
8 55
8 57
8 58
8 59
8 63
8 68
9 10
9 13
9 14
9 15
9 20
9 28
9 30
9 38
9 42
9 45
9 48
9 51
9 54
9 57
9 60
9 61
9 62
9 70
9 73
9 78
10 12
10 23
10 25
10 32
10 35
10 54
10 73
10 74
10 76
10 79
11 15
11 16
11 18
11 19
11 23
11 24
11 29
11 30
11 32
11 34
11 36
11 40
11 42
11 44
11 52
11 54
11 55
11 56
11 63
11 69
11 71
12 15
12 17
12 19
12 23
12 40
12 58
12 69
13 14
13 15
13 19
13 30
13 32
13 41
13 73
13 75
14 29
14 53
15 16
15 25
15 31
15 37
15 43
15 49
15 50
15 51
15 57
15 58
15 62
15 64
15 66
15 72
15 73
15 75
16 23
16 24
16 26
16 33
16 34
16 45
16 59
16 70
16 74
17 18
17 20
17 21
17 38
17 60
18 31
18 61
18 66
18 69
19 21
19 23
19 42
19 56
19 73
19 74
20 28
20 31
20 49
20 50
20 80
21 27
21 42
21 52
21 57
21 77
22 39
22 63
22 71
22 81
23 26
23 29
23 51
23 53
23 68
23 77
24 31
24 39
24 50
24 59
25 30
25 44
25 46
25 47
25 55
25 60
25 64
25 65
25 68
25 75
25 80
26 27
26 29
26 31
26 32
26 33
27 28
27 35
27 45
27 76
28 44
29 33
29 34
29 35
29 39
29 78
30 41
30 43
30 45
30 74
30 80
31 36
31 37
31 38
31 46
31 55
31 56
31 57
31 67
33 37
33 40
33 47
33 49
33 52
33 79
34 37
34 67
34 68
34 76
35 48
35 52
35 67
36 38
36 49
36 52
36 70
37 39
37 41
37 43
37 49
37 64
38 39
38 50
38 53
38 54
39 60
41 53
41 75
41 79
43 54
43 63
44 64
44 77
44 78
45 48
45 56
45 65
46 51
46 58
47 65
47 71
47 76
47 77
47 79
47 81
51 59
51 61
51 62
56 61
56 64
56 69
58 72
59 71
60 69
61 62
61 68
61 77
61 79
62 70
62 76
64 71
66 67
68 80
69 81
75 78
77 81
