0 1
0 25
0 31
0 26
0 16
0 30
0 53
0 40
1 15
1 31
1 35
1 56
1 6
1 8
1 43
2 3
2 30
2 14
2 23
2 6
2 22
2 40
2 34
3 11
3 18
3 50
3 56
3 57
3 34
3 12
4 5
4 9
4 37
4 49
4 21
4 53
4 12
4 35
5 22
5 30
5 14
5 21
5 54
5 38
5 15
6 7
6 44
6 50
6 27
6 43
6 14
7 25
7 22
7 9
7 50
7 48
7 51
7 38
8 9
8 29
8 38
8 52
8 16
8 50
8 51
9 35
9 13
9 45
9 21
9 42
10 11
10 52
10 50
10 32
10 28
10 24
10 26
10 45
11 54
11 29
11 24
11 32
11 38
11 47
12 13
12 47
12 22
12 55
12 20
12 15
13 52
13 58
13 56
13 36
13 33
13 46
14 15
14 55
14 27
14 33
14 40
15 31
15 33
15 38
15 55
16 17
16 39
16 18
16 32
16 21
16 38
17 51
17 41
17 33
17 22
17 25
17 30
17 55
18 19
18 22
18 42
18 20
18 39
18 29
19 41
19 44
19 20
19 34
19 52
19 48
19 24
20 21
20 28
20 41
20 48
20 25
21 26
21 58
21 31
22 51
22 28
23 24
23 43
23 34
23 35
23 45
23 48
23 33
24 36
24 26
24 28
24 57
25 56
25 40
25 59
25 58
26 27
26 59
26 38
26 55
27 34
27 37
27 43
27 54
27 29
28 31
28 49
28 59
28 42
29 42
29 35
29 52
29 33
30 45
30 57
30 58
30 41
31 41
31 44
31 57
32 33
32 35
32 39
32 36
32 41
33 53
34 49
34 40
34 53
35 54
35 58
36 37
36 39
36 47
36 44
36 57
37 49
37 42
37 53
37 54
37 59
38 46
39 40
39 44
39 50
39 51
40 43
40 54
41 58
41 59
42 47
42 58
42 55
43 45
43 53
43 49
44 52
44 59
44 45
45 55
45 47
46 47
46 49
46 48
46 59
46 57
46 56
47 48
47 51
48 56
48 54
49 56
49 51
50 55
50 53
51 58
52 53
52 57
54 57
56 59
