0 1
0 24
0 13
0 29
1 27
1 22
1 11
2 3
2 5
2 56
2 57
3 23
3 33
3 7
4 5
4 17
4 14
4 28
5 42
5 43
6 7
6 50
6 18
6 10
7 26
7 53
8 9
8 34
8 19
8 51
9 59
9 52
9 33
10 11
10 42
10 45
11 36
11 58
12 13
12 24
12 15
12 35
13 31
13 46
14 15
14 43
14 53
15 36
15 30
16 17
16 41
16 58
16 55
17 48
17 53
18 19
18 30
18 41
19 20
19 56
20 21
20 28
20 44
21 55
21 38
21 24
22 23
22 47
22 59
23 45
23 44
24 25
25 26
25 48
25 40
26 33
26 46
27 28
27 45
27 49
28 55
29 30
29 54
29 42
30 37
31 32
31 46
31 50
32 44
32 51
32 52
33 39
34 35
34 50
34 43
35 38
35 40
36 57
36 58
37 48
37 40
37 56
38 51
38 53
39 40
39 49
39 54
41 48
41 59
42 59
43 45
44 54
46 47
47 55
47 57
49 50
49 51
52 57
52 58
54 56
