0 2
0 6
0 7
0 10
0 16
0 23
0 35
0 66
1 2
1 30
1 53
1 61
1 62
2 25
2 63
2 65
3 6
3 10
3 39
3 41
3 47
4 5
4 18
4 32
5 15
5 54
6 15
6 46
6 60
7 8
7 19
7 21
7 24
7 38
7 54
7 55
7 57
8 31
8 50
8 51
8 52
8 59
8 60
9 14
9 30
9 31
9 36
9 44
9 45
9 55
9 59
10 28
10 42
10 45
10 51
11 17
11 36
11 40
11 50
11 62
11 66
12 14
12 17
12 28
12 36
12 45
12 46
12 60
13 26
13 30
13 36
13 51
14 33
14 60
15 16
15 21
15 31
15 34
15 36
15 40
15 45
15 49
15 64
16 39
16 49
16 60
17 21
17 33
17 43
17 45
17 63
18 29
18 32
18 41
18 55
18 61
19 23
19 38
19 49
20 21
20 25
20 41
20 46
20 47
20 52
21 26
21 36
21 39
21 49
21 50
21 56
22 24
22 27
23 65
24 51
24 55
24 61
25 50
25 53
25 56
26 29
26 51
26 54
26 60
27 28
27 42
27 44
27 52
27 56
27 61
28 42
28 58
29 30
29 33
29 57
29 63
29 66
31 52
32 39
32 45
32 65
33 34
33 63
33 65
34 60
34 63
35 43
35 46
35 47
35 64
36 42
36 54
37 66
38 39
38 40
38 42
39 64
39 66
41 63
42 45
42 58
43 57
43 58
44 50
44 66
45 47
45 56
45 61
45 63
46 52
47 62
47 63
47 65
48 49
48 51
48 66
50 55
53 58
53 62
54 55
54 61
55 60
55 62
56 61
57 60
59 63
