0 21
0 52
0 53
0 69
0 71
1 29
1 47
1 52
1 59
1 67
2 39
3 13
3 28
3 34
4 6
4 12
4 30
4 47
4 60
4 64
4 70
4 71
4 72
5 32
5 36
5 38
6 43
6 60
6 62
6 63
7 19
7 22
7 31
7 33
7 36
7 37
7 40
7 60
8 27
8 55
8 66
8 67
8 68
8 71
9 10
9 16
9 17
9 26
9 30
10 39
10 50
10 68
10 70
11 28
11 43
11 47
11 59
11 60
11 61
12 18
12 35
12 44
12 53
12 59
13 26
13 42
13 67
14 20
14 23
14 29
14 31
14 44
14 51
14 64
14 65
15 28
15 34
15 50
15 55
15 59
15 62
16 30
16 32
16 38
16 72
17 21
17 25
17 35
17 42
17 43
17 48
17 52
17 67
18 21
18 25
18 35
18 36
18 37
18 61
19 38
19 42
19 70
20 26
20 33
20 69
21 28
21 43
21 65
22 39
22 68
22 70
23 25
23 38
23 45
23 64
24 62
24 67
25 29
25 43
25 59
26 27
26 31
26 48
26 53
26 56
26 69
27 28
27 29
27 37
27 52
27 53
27 63
27 67
27 71
27 72
28 54
28 64
28 65
29 66
29 69
30 52
30 69
32 50
32 69
32 70
33 35
33 42
33 45
34 36
34 40
34 51
34 54
34 64
34 65
34 67
35 55
35 56
35 61
36 39
36 41
36 46
36 54
36 63
37 47
37 54
37 66
37 67
38 55
40 58
40 59
40 61
41 50
41 51
43 44
43 65
45 51
45 71
46 49
46 50
46 54
46 58
47 48
47 72
48 58
48 65
50 61
50 64
51 69
52 61
53 59
54 70
55 66
57 67
59 62
59 72
60 63
61 67
63 66
63 71
66 72
68 72
