0 1
0 2
0 3
0 4
0 5
0 6
0 7
0 8
0 9
0 10
0 11
0 12
0 13
0 14
0 15
0 16
0 17
0 18
0 19
0 20
0 21
0 23
0 25
0 27
0 29
0 30
0 32
0 34
0 40
0 45
0 47
0 52
0 55
0 58
0 62
0 64
0 66
0 69
0 70
0 71
0 72
0 74
1 11
1 12
1 13
1 14
1 17
1 19
1 20
1 25
1 29
1 30
1 40
1 45
1 46
1 48
1 58
1 63
2 11
2 12
2 13
2 15
2 16
2 17
2 18
2 19
2 20
2 22
2 24
2 25
2 26
2 31
2 37
2 41
2 53
2 54
2 58
2 62
2 65
2 66
3 11
3 12
3 13
3 14
3 15
3 16
3 17
3 20
3 23
3 27
3 34
3 38
3 59
4 11
4 12
4 13
4 14
4 15
4 16
4 17
4 18
4 19
4 21
4 22
4 23
4 24
4 26
4 31
4 35
4 37
4 38
4 41
4 42
4 51
4 53
4 57
4 58
4 62
4 66
4 67
4 75
5 11
5 12
5 13
5 15
5 18
5 24
5 30
5 53
5 55
5 63
5 67
5 75
6 11
6 12
6 14
6 16
6 17
6 18
6 19
6 21
6 23
6 25
6 27
6 31
6 33
6 35
6 38
6 45
6 55
6 56
6 65
6 66
6 68
6 71
7 11
7 20
7 37
7 73
7 75
8 11
8 12
8 13
8 14
8 15
8 22
8 23
8 30
8 35
8 36
8 39
8 44
8 47
8 50
8 67
9 14
9 64
10 11
10 12
10 13
10 16
10 18
10 19
10 21
10 24
10 26
10 29
10 33
10 35
10 41
10 46
10 48
10 52
10 53
10 57
10 60
10 61
10 68
10 72
10 74
11 12
11 13
11 14
11 15
11 16
11 17
11 18
11 20
11 22
11 25
11 28
11 29
11 31
11 32
11 33
11 35
11 37
11 38
11 39
11 44
11 46
11 47
11 49
11 51
11 53
11 56
11 65
11 66
11 67
11 68
11 70
11 73
12 13
12 14
12 15
12 16
12 18
12 20
12 21
12 23
12 26
12 29
12 30
12 34
12 36
12 38
12 40
12 41
12 42
12 45
12 46
12 47
12 51
12 55
12 57
12 60
12 61
12 64
12 70
12 72
13 14
13 15
13 16
13 17
13 19
13 21
13 22
13 26
13 27
13 28
13 29
13 31
13 32
13 34
13 39
13 40
13 43
13 44
13 45
13 50
13 51
13 52
13 56
13 67
13 71
13 72
13 73
13 74
14 15
14 16
14 18
14 20
14 21
14 24
14 27
14 31
14 33
14 34
14 36
14 42
14 45
14 46
14 47
14 51
14 58
14 61
14 69
14 72
14 76
15 17
15 20
15 22
15 23
15 24
15 27
15 28
15 29
15 30
15 33
15 37
15 38
15 39
15 43
15 44
15 46
15 51
15 57
15 65
15 68
15 72
15 74
16 17
16 18
16 19
16 22
16 24
16 25
16 26
16 27
16 28
16 30
16 32
16 44
16 66
16 73
17 19
17 21
17 24
17 25
17 27
17 28
17 33
17 34
17 35
17 36
17 37
17 38
17 39
17 41
17 42
17 53
17 54
17 59
17 60
17 61
17 63
17 72
18 19
18 21
18 22
18 25
18 26
18 28
18 29
18 30
18 33
18 34
18 35
18 37
18 38
18 39
18 40
18 43
18 44
18 46
18 48
18 49
18 50
18 60
18 68
18 74
19 20
19 21
19 22
19 23
19 24
19 25
19 26
19 28
19 31
19 35
19 38
19 40
19 43
19 44
19 48
19 53
19 57
19 61
19 62
19 64
19 75
20 22
20 23
20 24
20 25
20 26
20 32
20 36
20 39
20 42
20 44
20 45
20 46
20 52
20 54
20 55
20 56
20 57
20 61
20 63
20 66
20 72
20 73
20 76
21 32
21 36
21 38
21 41
21 42
21 47
21 49
21 52
21 69
21 76
22 23
22 28
22 29
22 31
22 32
22 34
22 57
22 62
22 63
22 64
22 74
22 75
23 28
23 29
23 32
23 35
23 36
23 43
23 48
23 54
23 55
23 58
23 63
23 65
23 70
23 74
23 75
24 33
24 37
24 40
24 43
24 46
24 48
24 75
25 26
25 27
25 33
25 34
25 36
25 41
25 44
25 47
25 49
26 27
26 31
26 41
26 42
26 45
26 50
26 54
26 56
26 59
26 67
27 28
27 30
27 50
27 54
27 61
27 62
27 64
28 30
28 32
28 36
28 37
28 49
28 50
28 57
28 60
28 70
29 31
29 32
29 43
29 48
29 54
29 62
30 41
30 48
30 49
30 63
30 69
30 73
31 33
31 34
31 35
31 39
31 42
31 43
31 45
31 55
31 61
31 63
31 65
31 74
31 76
32 36
32 41
32 43
32 51
32 60
32 65
33 37
33 52
33 53
33 56
33 60
33 75
33 76
34 40
34 42
34 43
34 44
34 47
34 49
34 63
34 64
34 67
34 69
34 70
35 39
35 56
35 65
35 71
36 39
36 48
36 51
36 55
36 67
36 76
37 40
37 47
37 52
37 53
37 58
37 59
37 61
37 71
37 76
38 40
38 42
38 50
38 60
38 71
39 46
39 47
39 49
39 52
39 54
39 56
39 57
39 58
39 60
39 61
39 68
39 70
40 45
40 65
40 73
41 49
41 59
42 50
42 53
42 56
42 62
42 67
42 68
42 69
43 48
43 51
43 52
43 59
43 64
43 65
43 76
45 64
45 67
45 69
45 74
46 59
46 69
47 49
47 51
47 59
47 68
48 50
48 55
48 56
48 66
48 69
48 70
48 71
48 72
49 50
49 57
49 68
49 73
50 54
50 59
51 52
51 54
51 71
51 73
52 58
52 60
52 75
53 64
53 66
54 55
56 58
56 59
56 70
57 62
58 63
58 72
59 69
59 70
59 75
60 66
61 62
64 73
65 68
65 71
65 74
70 71
70 76
74 76
