0 1
0 2
0 3
0 4
0 6
0 7
0 11
0 16
0 18
0 26
0 28
0 32
0 40
0 44
0 47
0 48
0 50
0 70
0 75
0 80
1 4
1 5
1 6
1 7
1 9
1 12
1 13
1 14
1 23
1 24
1 36
1 52
2 3
2 8
2 19
2 77
3 5
3 13
3 17
3 34
3 37
3 44
3 53
4 9
4 10
4 12
4 14
4 15
4 16
4 17
4 22
4 24
4 25
4 26
4 27
4 28
4 32
4 58
4 59
4 65
4 67
4 68
4 81
5 34
5 52
5 53
5 64
6 8
6 51
7 20
7 23
7 31
7 61
7 71
7 73
9 10
9 11
9 19
9 25
9 27
9 31
9 35
9 38
9 42
9 50
9 51
9 64
9 71
9 73
9 74
9 77
9 80
9 81
9 82
10 29
10 40
10 74
11 30
11 41
11 55
11 66
11 68
12 18
12 21
12 29
12 56
12 72
13 15
13 33
14 20
14 22
14 54
14 76
15 21
15 46
17 46
17 72
20 30
20 39
20 58
20 60
21 36
21 38
21 45
21 55
22 33
22 56
22 61
22 67
25 39
25 43
27 37
28 43
29 70
30 49
30 63
31 35
31 57
32 41
34 62
34 65
34 69
35 48
35 49
38 54
38 76
40 42
44 45
45 47
45 59
45 79
46 82
47 60
47 66
49 78
50 79
52 69
53 63
55 78
56 57
59 62
59 75
