0 34
0 58
0 66
1 2
1 5
1 13
1 24
1 25
1 29
1 33
1 37
1 43
1 56
1 61
1 64
1 65
2 26
2 32
2 42
2 46
2 53
2 62
3 8
3 11
3 31
3 39
3 49
3 67
4 13
4 48
4 66
5 18
5 22
5 31
5 44
5 46
5 47
5 49
5 57
5 69
6 58
6 71
7 16
7 19
7 65
8 18
8 22
8 39
8 53
8 56
8 69
8 70
9 25
9 28
9 50
9 57
10 23
10 53
11 13
11 33
11 37
11 38
11 61
12 13
12 44
12 59
12 60
12 67
13 21
13 52
13 54
14 22
14 28
14 35
14 54
14 66
14 68
15 37
15 39
15 57
16 18
16 27
16 68
16 69
17 20
17 45
17 62
18 22
18 23
18 26
18 38
18 44
18 48
18 64
18 68
19 35
19 42
20 24
20 47
20 50
21 24
21 30
21 51
21 57
21 67
22 37
22 38
22 46
22 49
22 58
22 60
22 62
23 38
23 50
24 25
24 36
24 71
25 68
26 29
26 33
26 42
26 69
26 70
27 33
27 65
27 68
28 39
28 62
29 31
29 35
29 53
29 69
32 41
32 48
32 53
32 56
32 64
32 65
32 66
33 34
33 46
33 62
34 44
35 61
35 66
36 40
36 54
37 63
37 66
38 40
38 43
38 51
38 55
39 44
39 51
39 60
39 62
40 58
40 65
41 66
42 62
42 69
43 50
43 56
43 63
44 48
44 51
45 61
45 68
46 51
46 54
46 69
47 65
48 64
49 55
50 58
50 59
52 62
53 57
54 62
54 63
55 63
56 60
56 61
56 65
56 71
59 61
59 64
59 66
59 68
59 70
