0 11
0 19
0 42
0 63
1 23
1 25
1 27
1 45
2 11
2 44
2 62
2 70
2 72
3 9
3 43
4 11
4 14
4 20
4 24
4 25
4 32
4 44
4 46
4 74
5 7
5 14
5 22
5 40
5 63
5 76
6 16
6 31
6 43
6 57
7 19
7 39
7 42
7 52
7 56
7 73
8 15
8 27
8 56
8 73
8 75
8 76
9 36
10 24
10 32
10 37
10 42
10 61
10 67
11 19
11 24
11 27
11 47
11 50
11 51
11 56
11 67
11 69
12 25
12 33
12 47
12 56
12 59
13 17
13 39
13 45
13 67
14 26
14 41
14 48
14 75
15 37
15 40
15 47
15 52
15 56
15 61
16 27
16 31
16 41
16 66
16 68
16 70
17 34
17 40
17 42
17 55
17 62
17 72
18 24
18 26
18 27
18 32
18 39
18 46
18 61
18 64
18 67
18 73
18 75
19 33
19 54
19 66
20 25
20 63
20 64
20 75
21 36
21 61
21 65
21 67
22 34
22 72
22 75
23 39
23 55
23 73
23 74
23 75
24 27
24 38
24 40
24 67
24 72
25 63
25 64
26 27
26 35
26 39
27 31
27 32
27 44
27 48
27 51
27 61
27 62
28 39
28 47
28 62
29 46
29 48
29 52
29 59
29 64
29 65
29 76
30 47
30 60
30 62
30 67
31 68
31 70
32 48
32 67
32 74
32 75
33 62
34 37
34 39
34 41
34 55
34 65
34 74
35 44
35 61
35 76
36 42
36 50
36 66
36 69
37 42
37 46
37 50
37 54
37 58
37 67
37 73
38 50
38 63
38 65
39 57
39 62
39 69
39 73
40 47
41 48
41 49
41 65
41 76
44 51
45 48
45 52
45 62
45 67
46 51
47 55
47 62
47 63
48 52
48 72
49 50
49 67
49 74
50 52
50 57
50 72
51 57
51 60
51 70
52 76
53 61
54 65
54 67
54 74
55 62
55 63
55 70
55 71
55 75
56 71
56 74
56 76
57 74
58 59
58 69
58 70
58 74
60 68
60 71
60 73
61 67
61 71
62 74
63 70
65 71
69 71
69 72
69 73
70 71
73 74
