14 9 0 0
14 9 4 0
14 9 1 8
14 9 5 8
14 9 2 9
14 9 6 9
14 9 3 10
14 9 7 11
13 9 0 0
13 9 1 8
13 9 4 33
11 9 1 8
11 9 4 94
13 9 2 9
13 9 3 10
13 9 6 19
13 9 5 10
14 7 7 11
13 7 0 84
13 7 5 10
14 7 0 84
11 9 0 0
11 9 6 26
11 9 2 9
4 9 2 85
11 9 3 10
4 9 3 48
13 7 1 10
11 7 1 100
11 9 7 13
14 2 7 11
14 2 0 79
13 7 2 10
11 7 4 100
11 7 2 61
4 9 0 0
4 9 1 8
4 9 5 2
13 7 4 33
13 2 4 74
3 9 0 0
3 9 4 4
4 7 1 100
3 7 1 118
13 7 3 10
11 7 5 61
11 7 3 44
13 7 6 19
13 2 6 80
13 9 7 0
4 7 5 2
14 7 5 8
14 7 6 9
11 7 7 13
14 2 4 79
13 2 2 6
13 2 7 0
13 7 7 0
11 2 2 6
11 2 7 13
4 2 2 6
4 2 5 2
14 2 2 6
14 2 5 8
14 2 6 9
15 2 2 6
15 9 3 10
11 2 5 61
15 7 0 84
13 2 3 70
11 2 3 70
14 2 3 70
15 2 3 70
15 2 4 70
15 7 4 70
15 9 4 70
4 2 3 70
3 2 3 89
4 9 4 0
4 7 2 61
4 7 4 25
4 2 4 6
14 2 1 11
4 2 1 45
11 2 1 45
13 2 1 45
2 9 0 0
2 9 4 28
14 1 5 8
13 2 5 10
11 2 4 100
13 1 0 91
13 1 5 10
11 1 0 91
11 1 4 100
14 1 0 91
13 12 6 19
15 12 4 70
13 12 0 105
14 12 0 105
15 12 0 105
11 12 4 94
11 12 0 113
3 2 2 6
13 12 5 10
13 12 1 19
3 7 2 61
2 9 1 28
3 9 6 5
3 9 1 28
3 7 6 5
3 2 6 5
3 12 6 5
3 12 1 19
4 12 1 19
11 12 1 19
3 12 2 10
4 12 2 10
11 12 2 10
13 12 2 10
2 9 5 0
2 12 2 10
2 12 5 21
4 1 4 6
2 12 0 21
14 1 4 79
4 1 2 75
4 1 7 21
4 2 7 21
4 7 7 21
4 9 7 21
4 12 7 21
4 12 0 21
3 12 0 21
11 1 2 75
13 1 2 75
14 1 2 75
13 12 4 105
13 12 3 117
3 2 1 45
3 1 2 75
3 2 5 107
3 1 5 107
3 7 5 107
3 9 5 107
3 12 5 107
14 7 4 0
14 7 2 20
15 7 2 20
3 2 0 5
13 2 0 74
11 12 3 117
4 2 0 66
4 2 6 117
4 7 6 117
4 9 6 117
4 12 6 117
4 12 3 117
11 2 0 66
3 2 4 6
4 7 3 50
3 7 3 50
3 7 4 6
4 12 5 2
4 7 0 2
4 1 5 2
3 9 2 5
3 7 0 5
3 1 6 5
3 12 3 5
3 2 7 5
2 2 0 5
11 12 7 13
11 7 0 13
11 1 7 13
11 2 6 45
2 2 1 45
13 1 4 91
11 1 5 91
4 1 0 91
14 1 6 91
15 1 0 91
9 9 0 0
9 9 1 8
9 7 1 100
9 2 2 6
9 2 3 70
9 7 2 61
9 2 1 45
9 12 1 19
9 12 2 10
9 1 2 75
9 2 0 66
9 12 3 117
9 1 0 91
14 5 7 11
13 5 7 0
11 5 7 13
4 5 5 2
14 5 5 8
14 5 6 9
11 5 5 61
15 5 4 70
13 5 5 10
11 5 4 100
3 5 6 5
4 5 7 21
3 5 5 107
4 5 6 117
3 5 4 6
13 5 4 33
9 2 4 45
9 5 1 47
9 5 4 45
9 5 5 91
9 2 5 91
9 1 5 91
4 5 1 47
3 5 1 47
11 5 1 47
13 5 1 33
4 5 4 25
15 12 5 105
13 5 2 29
11 5 2 29
9 5 2 29
4 5 2 29
14 5 2 29
15 5 2 29
15 5 5 105
15 7 5 105
15 9 5 105
3 12 4 65
3 13 6 5
9 2 6 6
9 9 2 9
11 7 6 26
3 13 4 65
9 7 6 71
9 5 6 71
9 5 3 26
11 5 3 26
11 5 6 26
9 9 6 71
9 12 6 71
9 13 6 71
9 13 0 65
4 13 0 65
3 13 0 65
9 2 7 66
15 13 4 70
9 13 1 71
9 12 7 101
9 9 7 101
9 7 7 101
9 5 7 101
9 13 7 101
9 13 2 70
11 13 2 70
13 13 2 70
14 13 2 70
15 13 2 70
1 9 0 0
1 9 4 31
3 9 3 4
14 5 1 33
11 13 4 94
13 1 6 80
13 1 3 57
11 1 3 57
9 1 3 57
4 1 3 4
3 1 3 4
2 1 3 4
2 1 6 4
2 2 6 4
2 5 6 4
2 7 6 4
2 9 6 4
2 9 3 4
14 1 3 57
15 1 3 57
15 1 6 57
15 2 6 57
15 5 6 57
15 5 1 33
15 7 6 94
15 9 6 94
15 12 6 94
15 13 6 94
15 13 0 94
14 13 0 94
13 13 0 94
11 13 0 94
3 9 7 28
3 5 2 29
3 5 0 115
3 5 7 115
3 7 7 115
4 5 0 115
1 2 0 5
1 2 1 45
1 2 4 64
15 7 7 84
11 5 0 100
13 5 0 111
13 5 6 19
14 5 0 111
15 5 0 111
15 5 7 84
9 7 0 2
14 12 7 11
9 7 4 45
9 7 5 49
9 7 3 45
9 9 5 49
9 12 5 49
9 13 5 49
9 13 3 11
11 13 3 11
13 13 3 11
14 13 3 11
14 13 7 11
15 9 0 0
14 12 4 0
11 9 5 0
13 12 7 0
13 1 7 0
4 12 4 0
2 9 7 0
2 7 5 0
14 7 1 0
14 5 4 0
9 9 4 0
13 5 3 0
1 9 5 0
11 13 7 13
11 1 1 13
9 9 3 48
2 7 2 61
4 5 3 25
3 13 1 65
9 13 4 65
4 13 4 65
2 13 0 65
9 1 7 66
3 1 0 107
3 13 5 107
3 5 3 107
2 7 3 50
6 9 3 48
6 9 0 0
6 9 1 8
6 7 1 100
6 2 2 6
6 2 3 70
6 7 2 61
6 2 1 45
6 12 1 19
6 12 2 10
6 1 2 75
6 2 0 66
6 12 3 117
6 7 0 2
6 1 0 91
6 5 1 47
6 5 2 29
6 13 0 65
14 6 7 11
13 6 7 0
11 6 7 13
4 6 5 2
14 6 5 8
14 6 6 9
11 6 5 61
15 6 4 70
13 6 5 10
11 6 4 100
3 6 6 5
4 6 7 21
3 6 5 107
4 6 6 117
3 6 4 6
13 6 4 33
9 6 4 45
4 6 4 25
15 6 5 105
9 6 6 71
11 6 6 26
9 6 7 101
2 6 6 4
3 6 7 115
13 6 6 19
15 6 7 84
14 6 4 0
14 3 7 11
13 3 7 0
11 3 7 13
4 3 5 2
14 3 5 8
14 3 6 9
11 3 5 61
15 3 4 70
13 3 5 10
11 3 4 100
3 3 6 5
4 3 7 21
3 3 5 107
4 3 6 117
3 3 4 6
9 3 4 45
9 3 5 91
2 3 6 4
15 3 6 57
4 6 0 25
13 3 4 74
6 6 5 14
6 6 0 14
9 6 0 14
11 6 0 14
6 6 1 107
4 6 1 107
3 6 1 107
6 5 5 14
6 3 5 14
6 3 0 74
9 3 0 74
11 3 0 74
13 3 0 74
6 2 5 14
6 7 5 14
6 7 3 50
6 9 5 14
6 12 5 65
6 13 5 65
2 2 3 89
6 3 2 87
4 3 2 87
3 3 2 87
2 3 2 87
2 3 4 89
2 2 4 89
9 3 2 87
11 3 2 87
13 3 2 87
14 3 2 87
13 3 1 10
9 12 0 113
6 5 6 99
6 6 6 99
6 7 6 99
6 9 6 99
6 12 6 99
6 12 0 113
6 2 4 6
6 9 2 9
6 3 4 37
6 5 4 37
6 6 4 37
6 7 4 37
6 9 4 37
6 5 7 47
2 5 4 89
6 6 7 22
6 6 3 89
4 6 3 89
3 6 3 89
2 6 3 89
2 6 4 89
6 7 7 22
6 9 7 22
6 12 7 22
11 13 6 103
6 3 7 47
6 3 6 99
2 7 1 118
11 13 1 103
6 3 3 39
4 3 3 39
3 3 3 39
2 3 3 39
2 3 7 118
2 5 7 118
2 6 7 118
2 7 7 118
9 3 3 39
11 3 3 39
13 3 3 39
14 3 3 103
15 3 3 103
16 3 3 103
16 3 4 103
16 5 4 103
16 6 4 103
16 7 4 103
16 9 4 103
16 12 4 103
16 13 4 103
16 13 1 103
15 13 1 103
14 13 1 103
13 13 1 103
15 9 2 9
14 12 6 9
14 7 3 9
14 5 3 9
14 6 0 9
14 3 0 9
15 9 7 10
16 9 3 10
13 1 1 10
13 13 5 10
3 12 7 10
11 12 5 10
14 12 2 10
2 12 4 10
1 12 2 10
9 12 4 10
6 12 4 10
13 6 0 10
13 3 6 10
11 3 1 10
14 3 1 10
6 6 2 14
9 6 5 14
6 5 0 14
6 3 1 14
6 1 5 14
2 9 2 28
2 7 4 28
1 9 1 28
9 5 0 100
11 6 1 100
8 9 3 48
8 9 0 0
8 9 1 8
8 7 1 100
8 2 2 6
8 2 3 70
8 7 2 61
8 2 1 45
8 12 1 19
8 12 2 10
8 1 2 75
8 2 0 66
8 12 3 117
8 7 0 2
8 1 0 91
8 5 1 47
8 5 2 29
8 13 0 65
8 6 0 14
8 3 0 74
8 3 2 87
8 12 0 113
8 9 2 9
8 3 3 39
14 10 4 0
14 10 6 9
14 10 7 11
11 10 4 94
13 10 6 19
13 10 5 10
11 10 7 13
4 10 5 2
13 10 7 0
15 10 4 70
4 10 4 0
3 10 6 5
4 10 7 21
3 10 5 107
4 10 6 117
15 10 5 105
9 10 6 71
9 10 7 101
15 10 6 94
9 10 5 49
11 10 5 10
9 10 4 10
6 10 6 99
6 10 7 22
16 10 4 103
6 10 4 37
8 10 0 96
8 10 4 96
8 9 4 96
8 7 4 96
6 10 0 96
6 10 5 14
4 10 0 96
3 10 0 28
3 10 7 28
9 10 0 96
11 10 0 103
11 10 6 103
11 12 6 103
16 7 2 20
1 10 4 31
14 10 1 104
13 10 1 104
11 10 1 104
9 10 1 104
8 10 1 104
6 10 1 104
4 10 1 104
3 10 1 31
2 10 1 31
1 10 1 31
15 10 1 104
16 10 1 104
16 10 5 20
16 9 5 20
16 7 5 20
13 6 2 32
3 6 0 25
8 10 3 16
8 10 5 16
8 10 6 74
8 9 6 74
8 7 6 74
8 6 6 74
8 5 6 74
8 3 6 74
6 10 3 16
4 10 3 16
3 10 3 16
2 10 3 25
1 10 3 25
1 10 7 25
1 9 7 25
1 7 7 25
1 6 7 25
1 6 0 25
2 6 0 25
9 10 3 16
11 10 3 16
13 10 3 16
14 10 3 16
15 10 3 20
16 10 3 20
0 9 0 0
1 9 2 31
1 7 2 61
0 9 4 35
0 9 2 31
0 7 4 35
0 7 2 61
0 10 4 35
0 12 4 35
0 12 2 10
4 0 4 6
14 0 5 8
6 0 5 14
4 0 0 72
4 0 6 75
4 1 6 75
3 0 0 72
2 0 0 72
2 0 7 118
2 1 7 118
2 2 7 118
1 0 0 72
1 0 6 31
1 1 6 31
1 2 6 31
1 3 6 31
1 5 6 31
1 6 6 31
1 7 6 31
1 9 6 31
6 0 0 72
8 0 0 72
9 0 0 72
11 0 0 72
13 0 0 72
14 0 0 72
15 0 0 105
15 0 7 105
15 1 7 105
15 2 7 105
15 3 7 105
15 3 0 105
15 3 5 105
8 9 7 69
8 7 7 69
8 6 7 69
8 5 7 69
8 3 7 69
8 2 7 69
8 10 7 69
8 10 2 69
6 10 2 69
4 10 2 69
9 10 2 69
11 10 2 69
13 10 2 69
13 10 4 105
16 5 2 29
14 6 3 95
13 6 3 95
11 6 3 95
9 6 3 95
15 6 3 95
15 6 6 57
16 6 3 95
16 6 5 29
16 5 5 29
16 6 6 117
16 7 6 117
16 9 6 117
16 10 6 117
16 12 6 117
16 12 3 117
15 12 3 117
14 12 3 117
4 13 5 2
4 1 1 2
4 0 5 2
4 6 2 2
4 3 0 2
8 7 5 2
15 2 5 6
16 2 2 6
4 3 4 6
2 2 2 6
3 1 4 6
9 1 6 6
9 3 6 6
6 2 6 6
3 6 2 6
3 3 0 6
6 1 4 6
8 2 4 6
4 0 1 6
15 9 1 8
14 10 5 8
14 1 1 8
14 6 1 8
8 9 5 8
14 0 1 8
16 9 2 9
14 12 1 9
14 13 6 9
15 7 3 9
15 5 3 9
15 6 0 9
14 3 4 9
14 10 0 9
6 5 3 14
8 6 2 14
9 6 1 14
8 5 0 14
4 3 1 14
8 3 1 14
6 1 1 14
6 0 1 14
16 7 0 84
15 7 1 84
2 10 4 28
2 7 0 28
0 9 1 28
3 10 4 28
12 9 1 8
12 9 0 0
12 9 2 9
12 9 3 10
12 2 2 6
12 2 3 70
12 2 1 45
12 1 0 91
12 12 1 19
12 12 2 10
12 1 2 75
12 12 3 117
12 5 2 29
12 13 2 70
12 1 3 57
12 13 0 94
12 13 3 11
12 3 0 74
12 3 2 87
12 13 1 103
12 3 3 39
12 3 1 10
12 10 1 104
12 10 3 16
12 0 0 72
12 10 2 69
12 6 3 95
7 9 3 48
7 9 0 0
7 9 1 8
7 7 1 100
7 2 2 6
7 2 3 70
7 7 2 61
7 2 1 45
7 12 1 19
7 12 2 10
7 1 2 75
7 2 0 66
7 12 3 117
7 7 0 2
7 1 0 91
7 5 1 47
7 5 2 29
7 13 0 65
7 6 0 14
7 3 0 74
7 3 2 87
7 12 0 113
7 9 2 9
7 3 3 39
7 6 2 14
7 5 0 14
7 3 1 14
7 10 0 96
7 10 1 104
7 10 3 16
7 0 0 72
7 10 2 69
5 9 3 48
5 9 0 0
5 9 1 8
5 7 1 100
5 2 2 6
5 2 3 70
5 7 2 61
5 2 1 45
5 12 1 19
5 12 2 10
5 1 2 75
5 2 0 66
5 12 3 117
5 7 3 50
5 7 0 2
5 1 0 91
5 5 1 47
5 5 2 29
5 13 0 65
5 6 1 107
5 3 2 87
5 6 3 89
5 3 3 39
5 10 0 96
5 10 1 104
5 10 3 16
5 0 0 72
5 10 2 69
5 3 1 14
14 11 4 0
14 11 6 9
14 11 7 11
11 11 4 94
13 11 6 19
13 11 5 10
11 11 7 13
4 11 5 2
13 11 7 0
15 11 4 70
4 11 4 0
3 11 6 5
4 11 7 21
3 11 5 107
4 11 6 117
15 11 5 105
9 11 6 71
9 11 7 101
15 11 6 94
9 11 5 49
11 11 5 10
9 11 4 10
6 11 6 99
6 11 7 22
16 11 4 103
11 11 6 103
0 11 4 35
13 11 4 105
16 11 6 117
14 8 7 11
13 8 5 10
13 8 4 33
13 8 6 19
4 8 5 2
14 8 5 8
14 8 6 9
11 8 7 13
13 8 7 0
15 8 4 70
3 8 6 5
4 8 7 21
3 8 5 107
14 8 4 0
4 8 6 117
15 8 5 105
11 8 6 26
9 8 6 71
9 8 7 101
2 8 6 4
15 8 6 94
9 8 5 49
2 8 5 0
6 8 5 14
6 8 6 99
6 8 4 37
6 8 7 22
16 8 4 103
2 8 4 28
8 8 4 96
16 8 5 20
8 8 6 74
1 8 7 25
0 8 4 35
1 8 6 31
8 8 7 69
16 8 6 117
5 9 2 85
5 8 4 7
5 8 0 7
4 8 0 7
3 8 0 7
3 8 4 6
3 8 7 28
6 8 0 7
7 8 0 7
7 8 4 9
7 9 4 9
8 8 0 7
9 8 0 7
9 8 4 45
11 8 0 84
12 8 0 84
12 8 4 84
12 7 4 84
12 7 0 84
5 7 4 7
5 6 4 7
5 5 4 7
5 3 4 7
5 2 4 72
5 1 4 72
5 0 4 72
5 9 4 7
5 10 4 7
5 11 4 7
5 11 0 65
6 11 0 65
6 11 5 65
5 12 4 7
12 5 0 111
12 8 5 51
12 8 1 51
11 8 1 51
9 8 1 51
8 8 1 31
7 8 1 31
6 8 1 31
5 8 1 31
4 8 1 31
3 8 1 31
2 8 1 31
1 8 1 31
13 8 1 51
14 8 1 51
12 7 5 51
12 6 5 51
12 5 5 111
12 9 5 51
12 10 5 51
12 6 2 32
12 8 6 112
12 8 2 112
11 8 2 112
11 8 4 94
9 8 2 28
8 8 2 28
7 8 2 28
6 8 2 28
5 8 2 28
4 8 2 28
3 8 2 28
12 7 6 112
12 6 6 112
12 5 6 112
12 3 6 112
12 9 6 112
12 10 6 112
11 8 5 51
11 8 3 106
5 10 5 16
5 9 5 53
13 0 6 80
6 0 4 81
6 0 2 80
7 0 2 80
8 0 2 80
9 0 2 80
11 0 2 80
12 0 2 80
13 0 2 80
9 11 0 71
12 7 7 77
12 7 2 61
12 6 7 77
12 5 7 77
12 3 7 77
12 2 7 77
12 8 7 77
12 8 3 105
13 8 3 105
14 8 3 105
15 8 3 105
12 9 7 77
12 10 7 77
12 11 7 77
12 11 0 71
11 11 0 71
2 8 0 7
2 8 7 23
6 11 4 37
6 11 1 99
5 12 0 113
5 11 6 76
5 11 1 99
5 11 2 37
6 11 2 37
5 10 6 76
5 9 6 76
5 8 6 76
5 8 3 6
4 8 3 6
3 8 3 6
5 7 6 76
5 6 6 76
5 5 6 76
5 3 6 45
5 2 6 45
5 12 6 76
12 6 4 32
12 0 3 92
12 0 4 92
12 1 4 92
12 2 4 92
12 3 4 32
12 5 4 32
11 0 3 92
9 0 3 92
8 0 3 92
7 0 3 92
6 0 3 21
5 0 3 21
4 0 3 21
4 0 7 21
13 0 3 92
14 0 3 92
15 0 3 92
5 6 7 83
5 5 7 83
5 3 7 83
5 3 0 45
5 7 7 83
5 8 7 83
5 9 7 83
5 10 7 83
5 11 7 83
11 0 7 13
11 1 6 13
9 1 1 13
12 1 1 13
11 6 2 13
11 11 1 13
6 8 3 37
6 11 3 37
5 11 5 37
4 11 2 37
7 11 2 37
8 5 3 26
12 5 3 26
11 3 6 26
12 7 3 44
10 9 0 0
10 9 1 8
10 7 1 100
10 2 2 6
10 2 3 70
10 7 2 61
10 2 1 45
10 12 1 19
10 12 2 10
10 1 2 75
10 2 0 66
10 12 3 117
10 1 0 91
10 5 1 47
10 5 2 29
10 9 2 9
10 5 3 26
10 13 2 70
10 1 3 57
10 13 3 11
10 6 0 14
10 3 0 74
10 3 2 87
10 12 0 113
10 3 3 39
10 5 0 100
10 10 1 104
10 10 3 16
10 0 0 72
10 10 2 69
10 6 3 95
10 8 1 51
10 0 2 80
10 11 0 71
10 0 3 92
10 1 1 13
14 4 7 11
13 4 7 0
11 4 7 13
4 4 5 2
14 4 5 8
14 4 6 9
11 4 5 61
15 4 4 70
13 4 5 10
11 4 4 100
3 4 6 5
4 4 7 21
3 4 5 107
4 4 6 117
3 4 4 6
9 4 4 45
9 4 5 91
2 4 6 4
15 4 6 57
6 4 5 14
2 4 4 89
6 4 4 37
6 4 7 47
6 4 6 99
2 4 7 118
16 4 4 103
8 4 6 74
1 4 6 31
15 4 5 105
8 4 7 69
14 4 4 0
5 4 4 7
12 4 6 112
12 4 7 77
12 4 4 32
5 4 7 83
11 4 6 26
10 7 3 44
10 4 0 1
10 4 4 1
10 3 4 1
10 5 4 1
10 6 4 1
10 7 4 44
9 4 0 1
9 4 6 6
8 4 0 1
7 4 0 1
6 4 0 37
11 4 0 1
12 4 0 1
13 4 0 1
14 4 0 1
3 14 4 65
11 14 7 13
18 16
1
